8.506653800000000265e-01 2.441925553833306913e+04
9.157031100000000423e-01 2.414783870731514980e+04
9.783936699999999931e-01 2.392432445469750019e+04
1.038822300000000087e+00 2.368456487933470999e+04
1.097071099999999966e+00 2.168777298519335091e+04
1.153219299999999947e+00 2.168019676202514165e+04
1.207343199999999950e+00 2.165855901247130168e+04
1.259516499999999928e+00 2.168300552731972857e+04
1.309809900000000082e+00 1.991277809328199146e+04
1.358292000000000055e+00 2.007475356316916077e+04
1.405028600000000072e+00 2.023542466002023866e+04
1.450083199999999906e+00 2.027224072866564165e+04
1.493517100000000042e+00 1.864915664058627954e+04
1.535389300000000068e+00 1.894153177537500960e+04
1.575756799999999958e+00 1.911463356344123167e+04
1.614674399999999954e+00 1.920737899758853018e+04
1.652195099999999917e+00 1.781770736308112828e+04
1.688369900000000090e+00 1.801716213751678151e+04
1.723247799999999996e+00 1.827790130912383029e+04
1.756876399999999894e+00 1.843313739442852966e+04
1.789301400000000042e+00 1.706741301860977910e+04
1.820566899999999988e+00 1.798640048006094003e+04
1.850715200000000005e+00 1.745182931547042972e+04
1.879787499999999945e+00 1.689191864419938065e+04
1.907823300000000000e+00 1.660251500689237946e+04
1.934860599999999931e+00 1.370584925357448083e+04
1.960936299999999965e+00 2.369545909031528936e+04
1.986085700000000065e+00 2.141050030149663871e+04
2.010343100000000049e+00 1.909345933210735893e+04
2.033741399999999810e+00 1.700027391978249943e+04
2.056312500000000210e+00 1.637843099698013066e+04
2.078087000000000018e+00 1.733881263575271078e+04
2.099094500000000085e+00 1.800242594961489158e+04
2.119363700000000073e+00 1.801866353643291950e+04
2.138921999999999990e+00 1.752416104053625895e+04
2.157795999999999825e+00 1.653597328197376919e+04
2.176011400000000151e+00 1.537906058972836036e+04
2.193592999999999904e+00 1.469211267475826935e+04
2.210564600000000102e+00 1.251761281610783044e+04
2.226949299999999798e+00 1.216834984423679089e+04
2.242769500000000082e+00 1.184966952152729937e+04
2.258046600000000126e+00 1.152438239242211057e+04
2.272801299999999802e+00 9.985747820081225655e+03
2.287053799999999804e+00 1.007702503148986943e+04
2.300823400000000074e+00 1.026750435516113066e+04
2.314128900000000044e+00 1.025667693633031922e+04
2.326988200000000173e+00 8.911173848482265385e+03
2.339418999999999915e+00 8.702967853204136190e+03
2.351437999999999917e+00 8.789066743389457770e+03
2.363061800000000101e+00 8.868007851139765990e+03
2.374305899999999969e+00 8.156033731894259290e+03
2.385185799999999912e+00 8.748469526033988586e+03
2.395716199999999851e+00 9.229486052880574789e+03
2.405911399999999922e+00 9.357174610793985266e+03
2.415785300000000024e+00 9.094215476882998701e+03
2.425351399999999824e+00 8.275000363328015737e+03
2.434622500000000134e+00 6.327277518831506313e+03
2.443611399999999989e+00 5.985271296439662365e+03
2.452330299999999852e+00 6.113673416601922327e+03
2.460790900000000114e+00 9.764298075261549457e+03
2.469004899999999836e+00 1.320364711687161071e+04
2.476983300000000110e+00 1.716517122470328832e+04
2.484736999999999973e+00 2.135045585440337891e+04
2.492276599999999842e+00 2.606387840733825942e+04
2.499612200000000062e+00 3.104013216032176933e+04
2.506753999999999927e+00 3.526462907729589642e+04
2.513711499999999877e+00 3.842332344606692641e+04
2.520494300000000187e+00 3.976390136835099111e+04
2.527111600000000013e+00 3.722176669303222297e+04
2.533572299999999888e+00 3.345482564575137076e+04
2.539885200000000065e+00 2.874848990269890055e+04
2.546059000000000072e+00 2.373798361391627986e+04
2.552102000000000093e+00 1.921185552700539120e+04
2.558022499999999866e+00 1.502731367247445087e+04
2.563828399999999785e+00 1.118263491592214996e+04
2.569527700000000081e+00 8.702562738327700572e+03
2.575128100000000142e+00 9.951758234755880039e+03
2.580637199999999964e+00 1.243086127939230937e+04
2.586062599999999989e+00 1.388901149758601059e+04
2.591411599999999815e+00 6.392383082433365416e+03
2.596691499999999930e+00 9.042572641808397748e+03
2.601909399999999817e+00 1.275280148049901982e+04
2.607072399999999845e+00 2.353104461274334972e+04
2.612187599999999943e+00 2.715120372186130044e+04
2.617262000000000199e+00 2.982793345346823116e+04
2.622302299999999864e+00 3.121204666265513151e+04
2.627315499999999915e+00 2.704857472816936934e+04
2.632308399999999882e+00 2.350345367989813167e+04
2.637287800000000182e+00 1.590797624241762969e+04
2.642260400000000065e+00 2.005418590894800900e+03
2.645976099999999942e+00 9.636434179102832786e+03
2.649693200000000193e+00 6.864070926766620687e+03
2.653413000000000022e+00 4.459004656775692638e+03
2.657136899999999802e+00 9.596683327572671260e+03
2.660866299999999907e+00 1.844045267890067043e+04
2.664602499999999985e+00 2.489374078481101969e+04
2.668346899999999966e+00 2.945821290834356842e+04
2.672100899999999779e+00 3.092693351552102831e+04
2.675865799999999961e+00 3.389900055381136190e+04
2.679643099999999833e+00 3.597747092798417725e+04
2.683434099999999933e+00 3.988972531163125677e+04
2.687240200000000190e+00 4.351515065612801845e+04
2.691062800000000088e+00 4.849661739710414258e+04
2.694903399999999838e+00 5.157978062908334687e+04
2.698763200000000140e+00 5.908151126441929955e+04
2.702643800000000152e+00 6.469096035987795767e+04
2.706546599999999803e+00 7.184553003920840274e+04
2.710472999999999910e+00 8.178059746766055468e+04
2.714424399999999959e+00 9.122463205210627348e+04
2.718402300000000160e+00 1.017262595026096969e+05
2.722408199999999834e+00 1.121219814623035054e+05
2.726443399999999961e+00 1.295435441814103979e+05
2.730509599999999981e+00 1.432879425749293878e+05
2.734608199999999822e+00 1.639919508107418951e+05
2.738740700000000139e+00 1.784749059148826054e+05
2.742908599999999808e+00 1.868865581695382134e+05
2.747113399999999928e+00 1.923471981383785023e+05
2.751356799999999936e+00 1.934599878454500868e+05
2.755640200000000206e+00 1.888581015725184116e+05
2.759965199999999896e+00 1.805397082938278909e+05
2.764333399999999941e+00 1.663570873086150968e+05
2.768746399999999941e+00 1.621252499780062935e+05
2.773205899999999779e+00 1.555482634068189072e+05
2.777713499999999947e+00 1.411278943858536950e+05
2.782270700000000208e+00 1.432670151282977895e+05
2.786879400000000118e+00 1.284096059329003037e+05
2.791541099999999886e+00 1.341278967216649908e+05
2.796257699999999957e+00 1.157004680721970071e+05
2.801030799999999932e+00 1.235203831026430998e+05
2.805862199999999973e+00 1.051228113138232002e+05
2.810753599999999963e+00 1.195622254654017015e+05
2.815706899999999901e+00 1.039253239784386969e+05
2.820723800000000114e+00 1.158681595256238070e+05
2.825806299999999993e+00 1.126930219273862022e+05
2.830956200000000145e+00 1.010044587787150958e+05
2.836175299999999844e+00 1.062216892902416002e+05
2.841465599999999814e+00 1.191622393594003952e+05
2.846829099999999890e+00 1.004799806015813956e+05
2.852267599999999792e+00 1.651175881961458945e+05
