1.222877500000000006e-01 2.084672187475049213e+03
1.294052400000000047e-01 2.073773057534588133e+03
1.365027299999999888e-01 2.068530298568467060e+03
1.435802700000000098e-01 2.059275664144096027e+03
1.506379200000000085e-01 2.057254218123443025e+03
1.576757299999999862e-01 2.050701130986050885e+03
1.646937699999999893e-01 2.048878155441488161e+03
1.716920799999999969e-01 2.045690222157501012e+03
1.786707200000000051e-01 2.041559959962487028e+03
1.856297500000000100e-01 2.040819586190224982e+03
1.925692200000000132e-01 2.038326941530021031e+03
1.994891900000000107e-01 2.037656747137287084e+03
2.063897100000000040e-01 2.033342124077029894e+03
2.132708399999999893e-01 2.035425637546755979e+03
2.201326299999999958e-01 2.033197643455629986e+03
2.269751399999999919e-01 2.031600338699656959e+03
2.337984300000000015e-01 2.033159131364297991e+03
2.406025400000000036e-01 2.032347464356779028e+03
2.473875299999999944e-01 2.032666426849463051e+03
2.541534500000000030e-01 2.032453772712420914e+03
2.609003599999999978e-01 2.028996052220730917e+03
2.676283199999999751e-01 2.031995572362937992e+03
2.743373700000000248e-01 2.031984691249610023e+03
2.810275600000000096e-01 2.028821495621783924e+03
2.876989699999999983e-01 2.031503839911827981e+03
2.943516199999999805e-01 2.030200836217032020e+03
3.009855900000000251e-01 2.031220576645840083e+03
3.076009100000000052e-01 2.029048834266656968e+03
3.141976499999999950e-01 2.030211015046505963e+03
3.207758600000000238e-01 2.031437656568931970e+03
3.273355800000000149e-01 2.029881237266364906e+03
3.338768799999999870e-01 2.030837383994625952e+03
3.403997999999999746e-01 2.031530835274510991e+03
3.469043900000000069e-01 2.028516307585957975e+03
3.533907099999999968e-01 2.031242289850109046e+03
3.598588099999999734e-01 2.030574474938581943e+03
3.663087400000000216e-01 2.030237941844198076e+03
3.727405500000000038e-01 2.030992138593353957e+03
3.791542900000000049e-01 2.029561796808558029e+03
3.855500199999999933e-01 2.030097628209500044e+03
3.919277800000000034e-01 2.030748293119608888e+03
3.982876200000000089e-01 2.029667431163742094e+03
4.046295999999999782e-01 2.030506196853210895e+03
4.109537699999999960e-01 2.030264077307180969e+03
4.172601699999999858e-01 2.030595020820579975e+03
4.235488600000000270e-01 2.030492831836917958e+03
4.298198899999999822e-01 2.030318468245683107e+03
4.360732999999999970e-01 2.029723548808392934e+03
4.423091499999999843e-01 2.030260624764875047e+03
4.485274899999999731e-01 2.030248322191403986e+03
4.547283599999999981e-01 2.027723982425620989e+03
4.609118200000000276e-01 2.030169823230082102e+03
4.670779099999999850e-01 2.027861587338539039e+03
4.732266900000000054e-01 2.029992249167933096e+03
4.793581900000000173e-01 2.029489109282623986e+03
4.854724799999999840e-01 2.029131982739251953e+03
4.915695999999999954e-01 2.029710184469226988e+03
4.976496000000000253e-01 2.029715782782348924e+03
5.037125199999999969e-01 2.028150958399096908e+03
5.097584200000000454e-01 2.029790667430931990e+03
5.157873400000000386e-01 2.028302296136276937e+03
5.217993399999999449e-01 2.029880845974382055e+03
5.277944500000000261e-01 2.028392693470643053e+03
5.337727300000000286e-01 2.029777762515938093e+03
5.397342200000000423e-01 2.025876420719150929e+03
5.456789800000000357e-01 2.029410394327697077e+03
5.516070400000000484e-01 2.028050133849096937e+03
5.575184600000000490e-01 2.028307608427174955e+03
5.634132899999999555e-01 2.029127342042321970e+03
5.692915600000000298e-01 2.027885850052359956e+03
5.751533300000000182e-01 2.027630549917508915e+03
5.809986499999999499e-01 2.028789585004587025e+03
5.868275499999999756e-01 2.027849497571035045e+03
5.926400899999999528e-01 2.027509246865145997e+03
5.984363200000000216e-01 2.028516727841675902e+03
6.042162699999999997e-01 2.028585557877006067e+03
6.099799999999999667e-01 2.027982600670254897e+03
6.157275500000000124e-01 2.027901699490623969e+03
6.214589700000000549e-01 2.028795635655988008e+03
6.271742999999999624e-01 2.028800584044492098e+03
6.328735899999999859e-01 2.027101326225335924e+03
6.385568799999999934e-01 2.028614441741063956e+03
6.442242200000000141e-01 2.027518572904499024e+03
6.498756500000000269e-01 2.028407856434665973e+03
6.555112199999999500e-01 2.026331554058293023e+03
6.611309800000000347e-01 2.028256708360866014e+03
6.667349599999999876e-01 2.028327270521373066e+03
6.723232199999999992e-01 2.028298575806097915e+03
6.778957899999999981e-01 2.026669472378818000e+03
6.834527299999999528e-01 2.028110733209693080e+03
6.889940700000000140e-01 2.027018852753024930e+03
6.945198599999999889e-01 2.026690589293993980e+03
7.000301500000000177e-01 2.027856332206787101e+03
7.055249700000000290e-01 2.024511343615464057e+03
7.110043799999999914e-01 2.027684297751817894e+03
7.164684100000000555e-01 2.026714565265433066e+03
7.219171100000000285e-01 2.027572064416795001e+03
7.273505200000000004e-01 2.027002398416452024e+03
7.327686799999999501e-01 2.026583150993878917e+03
7.381716499999999570e-01 2.026458146374021908e+03
7.435594599999999499e-01 2.027126690617197937e+03
7.489321500000000187e-01 2.025803238437749087e+03
7.542897699999999706e-01 2.026993395392832099e+03
7.596323600000000065e-01 2.026283445889928998e+03
7.649599599999999944e-01 2.027015541554442962e+03
7.702726100000000242e-01 2.023501156478800112e+03
7.755703699999999534e-01 2.026932964900732941e+03
7.808532599999999935e-01 2.025042283633385978e+03
7.861213299999999515e-01 2.026803506617628955e+03
7.913746299999999678e-01 2.026805672379053931e+03
7.966131899999999710e-01 2.026702771819341024e+03
8.018370599999999904e-01 2.026342333599327048e+03
8.070462800000000048e-01 2.026489532128570090e+03
8.122408800000000539e-01 2.025406148726810898e+03
8.174209199999999953e-01 2.026342864391679086e+03
8.225864299999999796e-01 2.024964571839127984e+03
8.277374600000000360e-01 2.026170359864164084e+03
8.328740399999999822e-01 2.025423974105593061e+03
8.379962100000000191e-01 2.025226263022534113e+03
8.431040199999999540e-01 2.026036244584792939e+03
8.481975099999999879e-01 2.024315479583678098e+03
8.532767199999999885e-01 2.025893726474175082e+03
8.583416799999999958e-01 2.025264761058944032e+03
8.633924400000000388e-01 2.025791175401308010e+03
8.684290399999999854e-01 2.025758324280518991e+03
8.734515200000000368e-01 2.025338196282106082e+03
8.784599199999999497e-01 2.025771141143321984e+03
8.834542699999999860e-01 2.024719764635834053e+03
8.884346199999999527e-01 2.024031065853210066e+03
8.934010199999999902e-01 2.025593914611679111e+03
8.983534800000000375e-01 2.023540781341268030e+03
9.032920700000000025e-01 2.025275077233354978e+03
9.082168099999999855e-01 2.025339232350359907e+03
9.131277500000000158e-01 2.024178607744594046e+03
9.180249200000000220e-01 2.025308476348466002e+03
9.229083599999999832e-01 2.023705782948079104e+03
9.277781200000000394e-01 2.024342012934346030e+03
9.326342300000000085e-01 2.024936014128621082e+03
9.374767299999999803e-01 2.024755042228664024e+03
9.423056499999999946e-01 2.021225907023788068e+03
9.471210500000000199e-01 2.022474803445531052e+03
9.519229399999999952e-01 2.024825293522495031e+03
9.567113800000000001e-01 2.017758636080438919e+03
9.614864100000000136e-01 2.025102189509547998e+03
9.662480500000000250e-01 2.024954575421320897e+03
9.709963499999999526e-01 2.022522520274390899e+03
9.757313399999999470e-01 2.017202177778872056e+03
9.804530700000000376e-01 2.023570071076745990e+03
9.851615599999999917e-01 2.023764534426697992e+03
9.898568699999999998e-01 2.017039489010827083e+03
9.945390200000000513e-01 2.024362973048421964e+03
9.992080500000000143e-01 2.018652457502397965e+03
1.003864000000000090e+00 2.024936593315158007e+03
1.008506899999999984e+00 2.019453377370389035e+03
1.013136800000000060e+00 2.023689843549190073e+03
1.017753700000000094e+00 2.016349149357406986e+03
1.022357799999999983e+00 2.022570400559340897e+03
1.026948900000000053e+00 2.022563221622200899e+03
1.031527099999999919e+00 2.016150766928564963e+03
1.036092500000000083e+00 2.016822625026732112e+03
1.040645199999999937e+00 2.025085091060997001e+03
1.045185000000000031e+00 2.018553593007927020e+03
1.049712200000000095e+00 2.018227280845992937e+03
1.054226700000000072e+00 2.024362592788186021e+03
1.058728600000000020e+00 2.016444201286245971e+03
1.063217800000000102e+00 2.021439329662789987e+03
1.067694499999999991e+00 2.020738875876425936e+03
1.072158600000000073e+00 2.020737651783143974e+03
1.076610199999999962e+00 2.014544554640224987e+03
1.081049399999999938e+00 2.022738869035830021e+03
1.085476200000000002e+00 2.024805601153828093e+03
1.089890500000000095e+00 2.019190472046052946e+03
1.094292499999999890e+00 2.019319978633832079e+03
1.098682200000000053e+00 2.025711309715334892e+03
1.103059599999999918e+00 2.024290801515523071e+03
1.107424699999999929e+00 2.015339290632244911e+03
1.111777599999999921e+00 2.019891306417561964e+03
1.116118299999999897e+00 2.011372032330644060e+03
1.120446899999999912e+00 2.018200890608854024e+03
1.124763399999999969e+00 2.019221948418357897e+03
1.129067700000000007e+00 2.014890551077603959e+03
1.133360099999999981e+00 2.023685738641899889e+03
1.137640399999999996e+00 2.026162342157366993e+03
1.141908700000000110e+00 2.027962597297030015e+03
1.146165099999999937e+00 2.021116040443419934e+03
1.150409599999999921e+00 2.027188519160167061e+03
1.154642200000000063e+00 2.018035798339517896e+03
1.158862999999999976e+00 2.021924537938371941e+03
1.163072000000000106e+00 2.018621490513857907e+03
1.167269099999999948e+00 2.008811526010565103e+03
1.171454599999999902e+00 2.014488913828163959e+03
1.175628300000000070e+00 2.007136504147834103e+03
1.179790399999999906e+00 2.015524009613530097e+03
1.183940800000000015e+00 2.018868696640789040e+03
1.188079600000000013e+00 2.020409950829329091e+03
1.192206799999999900e+00 2.018247650543150939e+03
1.196322499999999955e+00 2.029256763268012946e+03
1.200426699999999958e+00 2.028407426255459086e+03
1.204519399999999907e+00 2.027881176764293969e+03
1.208600600000000025e+00 2.023465916197452998e+03
1.212670499999999985e+00 2.026372594932053062e+03
1.216728899999999891e+00 2.017514630875966077e+03
1.220776000000000083e+00 2.012921591065283110e+03
1.224811799999999895e+00 2.009172363562329110e+03
1.228836299999999992e+00 2.005776049529953980e+03
1.232849599999999990e+00 2.010745520776056082e+03
1.236851600000000051e+00 2.007470566229382939e+03
1.240842400000000012e+00 2.012633030131748910e+03
1.244822099999999931e+00 2.009163030155981005e+03
1.248790700000000031e+00 2.020405762544947038e+03
1.252748100000000031e+00 2.017552563265928029e+03
1.256694500000000048e+00 2.021006034492409981e+03
1.260629900000000081e+00 2.032108969264502093e+03
1.264554299999999909e+00 2.034436668814468021e+03
1.268467699999999976e+00 2.026948543233854934e+03
1.272370199999999896e+00 2.032133661265851970e+03
1.276261700000000054e+00 2.020975362222610102e+03
1.280142399999999903e+00 2.018439339516490918e+03
1.284012300000000106e+00 2.022209377896781007e+03
1.287871299999999941e+00 2.011446761695189025e+03
1.291719599999999968e+00 2.013764174285616946e+03
1.295557099999999906e+00 2.003709306415290030e+03
1.299383900000000036e+00 2.007521836027678091e+03
1.303199900000000078e+00 1.999810703792765025e+03
1.307005399999999984e+00 2.006128696800182979e+03
1.310800200000000082e+00 2.000745744466222050e+03
1.314584399999999986e+00 2.009842525412178020e+03
1.318357999999999919e+00 2.007075897727454958e+03
1.322121099999999938e+00 2.009147655331401893e+03
1.325873700000000044e+00 2.022534945687883010e+03
1.329615800000000014e+00 2.027453072775233068e+03
1.333347400000000071e+00 2.031546581665286112e+03
1.337068600000000052e+00 2.027874912918447990e+03
1.340779500000000013e+00 2.036038523977703107e+03
1.344479999999999897e+00 2.036036905177754988e+03
1.348170099999999927e+00 2.027770822025549933e+03
1.351849999999999996e+00 2.032788253344524037e+03
1.355519499999999988e+00 2.022676720776004004e+03
1.359178900000000079e+00 2.026854528376856933e+03
1.362827999999999928e+00 2.023503965788248934e+03
1.366466900000000040e+00 2.012643618042799972e+03
1.370095700000000027e+00 2.016031105235867017e+03
1.373714300000000055e+00 2.012604896640501920e+03
1.377322900000000017e+00 2.010210990200610922e+03
1.380921300000000018e+00 2.000565237845125921e+03
1.384509800000000013e+00 2.005445491799491037e+03
1.388088200000000105e+00 2.004139271837751039e+03
1.391656599999999910e+00 1.996013824645624936e+03
1.395215099999999930e+00 1.995849898833748057e+03
1.398763699999999943e+00 2.003294286850614071e+03
1.402302299999999891e+00 1.997592179330727959e+03
1.405831099999999889e+00 2.006069079658502915e+03
1.409350000000000103e+00 2.001780156619285890e+03
1.412859099999999923e+00 2.011314207312949975e+03
1.416358500000000076e+00 2.008652807714694063e+03
1.419848100000000057e+00 2.019442591261765074e+03
1.423327900000000090e+00 2.022554179145108037e+03
1.426798000000000011e+00 2.020008120694807076e+03
1.430258500000000099e+00 2.029570157997974093e+03
1.433709300000000075e+00 2.032933798546067919e+03
1.437150499999999997e+00 2.027943175300566054e+03
1.440582100000000088e+00 2.032788726853088974e+03
1.444004199999999960e+00 2.036308346765169063e+03
1.447416599999999942e+00 2.028168602441460052e+03
1.450819599999999987e+00 2.030647226191972095e+03
1.454213100000000036e+00 2.027823981602120966e+03
1.457597199999999926e+00 2.027752139945383078e+03
1.460971800000000043e+00 2.027726448397183049e+03
1.464337000000000000e+00 2.021035329569132955e+03
1.467692800000000020e+00 2.016472392885166983e+03
1.471039299999999939e+00 2.019102753273359895e+03
1.474376399999999920e+00 2.009665038272331003e+03
1.477704300000000082e+00 2.014266076175065109e+03
1.481022899999999920e+00 2.007100735962964109e+03
1.484332200000000102e+00 2.009386673881688012e+03
1.487632300000000019e+00 2.001308921666633069e+03
1.490923299999999951e+00 2.006617641652039083e+03
1.494205000000000005e+00 1.998485684386316962e+03
1.497477600000000075e+00 1.998853067756700057e+03
1.500741199999999997e+00 2.003920622701881030e+03
1.503995600000000099e+00 1.997965973273901000e+03
1.507240899999999995e+00 1.996651707039693974e+03
1.510477300000000023e+00 2.003643806204185921e+03
1.513704600000000067e+00 2.004256942423892951e+03
1.516922899999999963e+00 1.999244916963484002e+03
1.520132299999999992e+00 2.004566958843437078e+03
1.523332700000000095e+00 1.999550847183975975e+03
1.526524200000000109e+00 1.999410252324415978e+03
1.529706900000000092e+00 2.005847899456432970e+03
1.532880699999999985e+00 2.006147088296200991e+03
1.536045600000000011e+00 2.000623864498744979e+03
1.539201800000000064e+00 2.000857517971661082e+03
1.542349200000000087e+00 2.007267504254956066e+03
1.545487800000000078e+00 2.008258640116044035e+03
1.548617700000000097e+00 2.003550510880166939e+03
1.551738800000000085e+00 2.010079942722758915e+03
1.554851299999999936e+00 2.005801043507367012e+03
1.557955200000000096e+00 2.013791977142466976e+03
1.561050400000000060e+00 2.009453000479031971e+03
1.564137000000000111e+00 2.017484204270481996e+03
1.567215000000000025e+00 2.019776793476054991e+03
1.570284500000000083e+00 2.015000762693413890e+03
1.573345400000000005e+00 2.023381796902498991e+03
1.576397800000000071e+00 2.025218296020185107e+03
1.579441700000000059e+00 2.019853874002676093e+03
1.582477200000000028e+00 2.027677535695095912e+03
1.585504199999999919e+00 2.021621563268736963e+03
1.588522800000000013e+00 2.021748915019616106e+03
1.591533099999999923e+00 2.028395158996353985e+03
1.594534899999999977e+00 2.028073509186900992e+03
1.597528400000000071e+00 2.021149013001376943e+03
1.600513599999999981e+00 2.026464195970294895e+03
1.603490599999999988e+00 2.025689281615766049e+03
1.606459199999999976e+00 2.017068380659635068e+03
1.609419600000000061e+00 2.016523168202518946e+03
1.612371800000000022e+00 2.022038708776236035e+03
1.615315800000000079e+00 2.013913667694487003e+03
1.618251600000000012e+00 2.019786463139284024e+03
1.621179200000000042e+00 2.011938304203207053e+03
1.624098700000000006e+00 2.017470658246943913e+03
1.627010099999999904e+00 2.010814882183484997e+03
1.629913500000000015e+00 2.015908078365385109e+03
1.632808700000000002e+00 2.008160151760183908e+03
1.635696000000000039e+00 2.014027113100763927e+03
1.638575200000000009e+00 2.013473241364273008e+03
1.641446399999999972e+00 2.005906575036096910e+03
1.644309699999999985e+00 2.012238128650016051e+03
1.647164999999999990e+00 2.004546816451942959e+03
1.650012400000000046e+00 2.010798823533147015e+03
1.652851899999999929e+00 2.003354845068605982e+03
1.655683500000000086e+00 2.009165265413626912e+03
1.658507299999999907e+00 2.009108974048802111e+03
1.661323200000000000e+00 2.001858778116449912e+03
1.664131400000000038e+00 2.008275697348708036e+03
1.666931699999999905e+00 2.000966853079444036e+03
1.669724299999999939e+00 2.007020778512508059e+03
1.672509100000000082e+00 2.006146045939020951e+03
1.675286199999999948e+00 1.999650853415616893e+03
1.678055599999999981e+00 2.003874461919881014e+03
1.680817400000000017e+00 2.005890924095207993e+03
1.683571499999999999e+00 2.005137980720025098e+03
1.686317899999999925e+00 2.005625435997159911e+03
1.689056700000000077e+00 1.998696536824717896e+03
1.691788000000000070e+00 2.005555643535617946e+03
1.694511700000000065e+00 1.998527124310980071e+03
1.697227800000000064e+00 2.000986162147888081e+03
1.699936499999999961e+00 2.005500881742927959e+03
1.702637600000000084e+00 2.003227033983670026e+03
1.705331200000000047e+00 2.002949714390337931e+03
1.708017399999999908e+00 2.005811176343931038e+03
1.710696100000000053e+00 2.001517846845707936e+03
1.713367400000000096e+00 1.998062316080460960e+03
1.716031400000000096e+00 2.005689938651941929e+03
1.718687899999999935e+00 2.000907090980974999e+03
1.721337099999999953e+00 2.005950495378730011e+03
1.723978999999999928e+00 1.999220914911546970e+03
1.726613600000000082e+00 2.005419214125638064e+03
1.729240799999999911e+00 1.998398708365112952e+03
1.731860799999999978e+00 1.999880248422148043e+03
1.734473600000000060e+00 2.005399070468321042e+03
1.737079100000000098e+00 2.005345119299146063e+03
1.739677399999999929e+00 1.999623682668189076e+03
1.742268600000000056e+00 2.000896167413839066e+03
1.744852599999999976e+00 2.006309179618498092e+03
1.747429399999999911e+00 2.001111773673907919e+03
1.749999099999999919e+00 2.001224638446160952e+03
1.752561700000000000e+00 2.001822873910853104e+03
1.755117199999999933e+00 2.007357849395051062e+03
1.757665699999999998e+00 2.002899960456448980e+03
1.760207099999999913e+00 2.002711108986072077e+03
1.762741499999999961e+00 2.007757388028157948e+03
1.765268899999999919e+00 2.008048574298411040e+03
1.767789300000000008e+00 2.001788082054911001e+03
1.770302700000000007e+00 2.008065594488270108e+03
1.772809199999999974e+00 2.001027076101903958e+03
1.775308799999999909e+00 2.008631011453813016e+03
1.777801500000000035e+00 2.008662814184099943e+03
1.780287299999999906e+00 2.008819558389368012e+03
1.782766199999999968e+00 2.003261010405115030e+03
1.785238300000000056e+00 2.003358195970120050e+03
1.787703599999999948e+00 2.009133028100354977e+03
1.790162000000000031e+00 2.009473430816889959e+03
1.792613699999999977e+00 2.002939601464606994e+03
1.795058700000000007e+00 2.009635825324194911e+03
1.797496800000000006e+00 2.004127526721237018e+03
1.799928299999999926e+00 2.010112629857768979e+03
1.802353000000000094e+00 2.003763991541075939e+03
1.804771099999999961e+00 2.010411106045017050e+03
1.807182499999999914e+00 2.010394141891345953e+03
1.809587199999999951e+00 2.004296824653263002e+03
1.811985299999999910e+00 2.010478916033825044e+03
1.814376800000000012e+00 2.004054344981861050e+03
1.816761800000000093e+00 2.010391276479397902e+03
1.819140100000000038e+00 2.004137078086924021e+03
1.821511899999999962e+00 2.010110223701444966e+03
1.823877100000000029e+00 2.002797458430642109e+03
1.826235899999999912e+00 2.010076130837768005e+03
1.828588099999999939e+00 2.003449749537402113e+03
1.830933900000000003e+00 2.009731511522295023e+03
1.833273200000000047e+00 2.002936659488854957e+03
1.835606099999999907e+00 2.008814115595163912e+03
1.837932499999999969e+00 2.002207190451603992e+03
1.840252599999999905e+00 2.007844292730412917e+03
1.842566200000000043e+00 2.007707599935991084e+03
1.844873500000000055e+00 2.007279019943053981e+03
1.847174400000000105e+00 2.000621817982347011e+03
1.849469100000000088e+00 2.005813759246387917e+03
1.851757400000000109e+00 2.005586440495342003e+03
1.854039400000000004e+00 2.005090662728591042e+03
1.856315099999999996e+00 1.998058718718142927e+03
1.858584599999999920e+00 2.003519593130565909e+03
1.860847799999999941e+00 1.996597011746617000e+03
1.863104799999999894e+00 2.002359759929277061e+03
1.865355600000000003e+00 1.995388420718531961e+03
1.867600300000000102e+00 2.000888525233684049e+03
1.869838700000000076e+00 2.000237929736674914e+03
1.872071000000000041e+00 1.993455455507747047e+03
1.874297199999999997e+00 1.999117258348554969e+03
1.876517299999999944e+00 1.992158838875129049e+03
1.878731300000000104e+00 1.997613982640775021e+03
1.880939200000000033e+00 1.997353444788870092e+03
1.883140999999999954e+00 1.996902104075754096e+03
1.885336799999999924e+00 1.996289111790325023e+03
1.887526500000000107e+00 1.995724440855281955e+03
1.889710299999999954e+00 1.988990087384039043e+03
1.891888100000000072e+00 1.994569163084333923e+03
1.894059900000000018e+00 1.994361915372202020e+03
1.896225700000000014e+00 1.994152380836170096e+03
1.898385599999999895e+00 1.987176382240995054e+03
1.900539600000000107e+00 1.993013790742189940e+03
1.902687599999999923e+00 1.986521107537723083e+03
1.904829799999999906e+00 1.992815587049525902e+03
1.906966099999999997e+00 1.986285996056714112e+03
1.909096600000000032e+00 1.991876187435417023e+03
1.911221199999999953e+00 1.991645970598166969e+03
1.913340000000000041e+00 1.985055824349193017e+03
1.915453000000000072e+00 1.991057544839588900e+03
1.917560200000000048e+00 1.990445241931324063e+03
1.919661599999999968e+00 1.984176345661926007e+03
1.921757299999999891e+00 1.990571959185991091e+03
1.923847300000000038e+00 1.989989306612066002e+03
1.925931499999999907e+00 1.988998954526377929e+03
1.928010000000000002e+00 1.987865254866346049e+03
1.930082899999999935e+00 1.983505612974089900e+03
1.932150100000000092e+00 1.989748716406737913e+03
1.934211600000000031e+00 1.983405183702004024e+03
1.936267500000000030e+00 1.989409897330848025e+03
1.938317700000000032e+00 1.983153923793282956e+03
1.940362399999999932e+00 1.989627519954357012e+03
1.942401499999999892e+00 1.986858530479941919e+03
1.944434999999999913e+00 1.987451065889855954e+03
1.946462899999999996e+00 1.989644326085071043e+03
1.948485299999999976e+00 1.983174949700960951e+03
1.950502200000000075e+00 1.989386119869026970e+03
1.952513600000000071e+00 1.982915988250837017e+03
1.954519499999999965e+00 1.989446756448043971e+03
1.956519899999999978e+00 1.989981233340729887e+03
1.958514799999999889e+00 1.986037204650051990e+03
1.960504299999999978e+00 1.983683424665179018e+03
1.962488400000000022e+00 1.990353348726732065e+03
1.964467100000000022e+00 1.990532773881498088e+03
1.966440299999999919e+00 1.984527181182241975e+03
1.968408200000000052e+00 1.986254573178332066e+03
1.970370799999999978e+00 1.991288991279822085e+03
1.972327900000000023e+00 1.985472887541295904e+03
1.974279799999999918e+00 1.987783959187888058e+03
1.976226299999999991e+00 1.992103577347269038e+03
1.978167500000000079e+00 1.986448471218584018e+03
1.980103500000000016e+00 1.992494420184772025e+03
1.982034099999999910e+00 1.989705071057504028e+03
1.983959500000000098e+00 1.989706864950453109e+03
1.985879699999999914e+00 1.989832797633900100e+03
1.987794700000000025e+00 1.994218006728450973e+03
1.989704399999999929e+00 1.990987992111801987e+03
1.991608899999999904e+00 1.994588389662827012e+03
1.993508300000000011e+00 1.989065097783950932e+03
1.995402499999999968e+00 1.995491398111520994e+03
1.997291499999999997e+00 1.990883520013252109e+03
1.999175399999999936e+00 1.991009658147642995e+03
2.001054200000000005e+00 1.991632169944936095e+03
2.002927899999999983e+00 1.996907039662575926e+03
2.004796499999999870e+00 1.993013357436250089e+03
2.006660000000000110e+00 1.992677112098386942e+03
2.008518500000000095e+00 1.998003964308923059e+03
2.010371899999999989e+00 1.998478374465079014e+03
2.012220300000000073e+00 1.992822041271909939e+03
2.014063699999999901e+00 1.999092077073757991e+03
2.015902000000000083e+00 1.994707575060564977e+03
2.017735399999999846e+00 1.994919423897274100e+03
2.019563799999999798e+00 2.000067030690788897e+03
2.021387300000000220e+00 1.995719980359866895e+03
2.023205799999999943e+00 1.995473607129755010e+03
2.025019400000000136e+00 2.000342345714077055e+03
2.026828099999999910e+00 2.000716031117156035e+03
2.028631799999999874e+00 1.994681305593021079e+03
2.030430700000000144e+00 2.001003222645616006e+03
2.032224699999999995e+00 1.995242889460914057e+03
2.034013900000000152e+00 2.001249845926128955e+03
2.035798199999999891e+00 1.995730087567158080e+03
2.037577699999999936e+00 2.000507846435639976e+03
2.039352399999999843e+00 2.000706233260448016e+03
2.041122200000000220e+00 1.995025911003993087e+03
2.042887299999999851e+00 2.000183938694653989e+03
2.044647599999999787e+00 1.994078605926272985e+03
2.046403199999999867e+00 1.999869036464717965e+03
2.048153999999999808e+00 1.994093635077875888e+03
2.049900099999999892e+00 1.998677297092842991e+03
2.051641500000000118e+00 1.998606639586269011e+03
2.053378100000000206e+00 1.992512345272276889e+03
2.055110099999999829e+00 1.992271859617821065e+03
2.056837400000000038e+00 1.996641097480852977e+03
2.058560099999999782e+00 1.996511567888850095e+03
2.060278100000000112e+00 1.996030278160824992e+03
2.061991400000000141e+00 1.989832410319289920e+03
2.063700199999999985e+00 1.994796210784184950e+03
2.065404299999999971e+00 1.988515733252420887e+03
2.067103900000000216e+00 1.993209841531408983e+03
2.068798800000000160e+00 1.986723847673265936e+03
2.070489199999999919e+00 1.986389742581937981e+03
2.072175099999999937e+00 1.991289966294930991e+03
2.073856399999999933e+00 1.990661385306507100e+03
2.075533200000000189e+00 1.989992557038337054e+03
2.077205399999999980e+00 1.983732913388415909e+03
2.078873199999999866e+00 1.988356312381984026e+03
2.080536500000000011e+00 1.987899752469186978e+03
2.082195299999999971e+00 1.981839243139934069e+03
2.083849700000000027e+00 1.986644007815259101e+03
2.085499599999999898e+00 1.986077921008600015e+03
2.087145099999999864e+00 1.979937523808330980e+03
2.088786199999999926e+00 1.984708152480310901e+03
2.090422799999999803e+00 1.978759369657647085e+03
2.092055100000000056e+00 1.983838556514908987e+03
2.093682999999999961e+00 1.983549942389636954e+03
2.095306499999999961e+00 1.977369000510243950e+03
2.096925699999999892e+00 1.982385436405914106e+03
2.098540499999999920e+00 1.982230144762625059e+03
2.100150999999999879e+00 1.982201475924468923e+03
2.101757099999999934e+00 1.976301495827126928e+03
2.103359000000000201e+00 1.981452405480484913e+03
2.104956599999999955e+00 1.981767018422747924e+03
2.106549900000000086e+00 1.975799010359146905e+03
2.108138999999999985e+00 1.981342408782795928e+03
2.109723699999999980e+00 1.975946389225166058e+03
2.111304300000000023e+00 1.981487551453446031e+03
2.112880599999999998e+00 1.981728929374987956e+03
2.114452700000000185e+00 1.976596701814250991e+03
2.116020600000000140e+00 1.976554597379195002e+03
2.117584400000000144e+00 1.982771070935486932e+03
2.119143900000000080e+00 1.977701919008083905e+03
2.120699300000000065e+00 1.983622551286619000e+03
2.122250499999999818e+00 1.978724799502756014e+03
2.123797600000000063e+00 1.984730279514031963e+03
2.125340500000000077e+00 1.979515663748215957e+03
2.126879399999999976e+00 1.985964159454518040e+03
2.128414100000000087e+00 1.980828299458590891e+03
2.129944800000000082e+00 1.987069057821229990e+03
2.131471299999999847e+00 1.987758042732214108e+03
2.132993799999999940e+00 1.983072385338158938e+03
2.134512299999999918e+00 1.989223039367836918e+03
2.136026699999999945e+00 1.989731186199828926e+03
2.137537099999999857e+00 1.990385367415605060e+03
2.139043399999999817e+00 1.990822462276267970e+03
2.140545799999999943e+00 1.991456776526910062e+03
2.142044100000000117e+00 1.991754660045995934e+03
2.143538500000000013e+00 1.986328423280039033e+03
2.145028899999999794e+00 1.992347289599033047e+03
2.146515400000000184e+00 1.987086362375096996e+03
2.147997900000000016e+00 1.993140726431352050e+03
2.149476400000000176e+00 1.987466992253105900e+03
2.150951099999999894e+00 1.993155174979706999e+03
2.152421799999999941e+00 1.993441569513835020e+03
2.153888600000000153e+00 1.987561527983275937e+03
2.155351599999999923e+00 1.993132989869023049e+03
2.156810699999999859e+00 1.993302438385127061e+03
2.158265899999999959e+00 1.993388864568571989e+03
2.159717199999999782e+00 1.987699588668750948e+03
2.161164700000000050e+00 1.992544043892447007e+03
2.162608399999999875e+00 1.991939615481883948e+03
2.164048300000000147e+00 1.992175433673196949e+03
2.165484300000000140e+00 1.990519630885650031e+03
2.166916599999999971e+00 1.991590968534789909e+03
2.168344999999999967e+00 1.985110169567982894e+03
2.169769699999999801e+00 1.989221867972117025e+03
2.171190699999999918e+00 1.989492527494096976e+03
2.172607900000000036e+00 1.989930468834028034e+03
2.174021300000000156e+00 1.988397015363706032e+03
2.175431000000000115e+00 1.983092004503359021e+03
2.176836999999999911e+00 1.988434312014479019e+03
2.178239299999999989e+00 1.986989463461331979e+03
2.179637899999999906e+00 1.981716076805606008e+03
2.181032899999999941e+00 1.987113735034414958e+03
2.182424099999999978e+00 1.980922511258266923e+03
2.183811700000000133e+00 1.983608000811052989e+03
2.185195699999999963e+00 1.984179242412563099e+03
2.186576000000000075e+00 1.985281294550788971e+03
2.187952600000000025e+00 1.979586123127970950e+03
2.189325699999999930e+00 1.984333496068762088e+03
2.190695100000000117e+00 1.978034871876348006e+03
2.192060999999999815e+00 1.981001975608698103e+03
2.193423300000000076e+00 1.981221057759192945e+03
2.194782000000000011e+00 1.982682544706894078e+03
2.196137100000000064e+00 1.979351342675616934e+03
2.197488700000000073e+00 1.979649163207310949e+03
2.198836700000000199e+00 1.977448487503646902e+03
2.200181300000000117e+00 1.979027728706663993e+03
2.201522300000000154e+00 1.981204352731062954e+03
2.202859699999999865e+00 1.975454959035570027e+03
2.204193699999999811e+00 1.977590341322069889e+03
2.205524200000000157e+00 1.974761157213278011e+03
2.206851299999999849e+00 1.980394793656882030e+03
2.208174800000000104e+00 1.974809106448476996e+03
2.209494900000000150e+00 1.979984748935539983e+03
2.210811599999999988e+00 1.980585243363593008e+03
2.212124799999999780e+00 1.974561830052763980e+03
2.213434599999999808e+00 1.980406071706556986e+03
2.214741000000000071e+00 1.978241248499547964e+03
2.216044000000000125e+00 1.978137226239422034e+03
2.217343599999999970e+00 1.980562622360695968e+03
2.218639800000000051e+00 1.977932437765798113e+03
2.219932599999999923e+00 1.976919518674128994e+03
2.221222099999999866e+00 1.977931844330958938e+03
2.222508200000000045e+00 1.981334145144407103e+03
2.223790999999999851e+00 1.979321134163172928e+03
2.225070399999999893e+00 1.981844332101366035e+03
2.226346500000000006e+00 1.978250616003236019e+03
2.227619300000000191e+00 1.976569479903123010e+03
2.228888899999999840e+00 1.982416716643856944e+03
2.230155100000000168e+00 1.982994259052547932e+03
2.231418000000000124e+00 1.980227893929599986e+03
2.232677699999999987e+00 1.980460298741448923e+03
2.233934099999999923e+00 1.983517017540164034e+03
2.235187300000000210e+00 1.981028155894239944e+03
2.236437200000000125e+00 1.980759776193350035e+03
2.237683899999999948e+00 1.984154545930000040e+03
2.238927299999999843e+00 1.980900906562900900e+03
2.240167599999999926e+00 1.984815086859021903e+03
2.241404600000000080e+00 1.978344233260806050e+03
2.242638499999999979e+00 1.984828711270841950e+03
2.243869199999999786e+00 1.985212620974831907e+03
2.245096699999999945e+00 1.985422655870670042e+03
2.246321000000000012e+00 1.979761775016670072e+03
2.247542199999999823e+00 1.980715704963284907e+03
2.248760299999999823e+00 1.985350365545184104e+03
2.249975200000000175e+00 1.985684854322890033e+03
2.251186999999999827e+00 1.981900499866218070e+03
2.252395700000000112e+00 1.981504851905348005e+03
2.253601300000000140e+00 1.985369429187187961e+03
2.254803799999999914e+00 1.981195471384887014e+03
2.256003199999999875e+00 1.985469907016482011e+03
2.257199500000000025e+00 1.979784271312847977e+03
2.258392800000000200e+00 1.985250491085846988e+03
2.259583000000000119e+00 1.981672299750681077e+03
2.260770099999999783e+00 1.984980636561954043e+03
2.261954199999999915e+00 1.981167408050816903e+03
2.263135300000000072e+00 1.980965279368025904e+03
2.264313399999999810e+00 1.980957218890471950e+03
2.265488500000000016e+00 1.984577729402931027e+03
2.266660599999999803e+00 1.984743480631886086e+03
2.267829599999999779e+00 1.978987023784831990e+03
2.268995700000000060e+00 1.979447533053993993e+03
2.270158900000000202e+00 1.984124154456528913e+03
2.271319000000000088e+00 1.979117269502085037e+03
2.272476199999999835e+00 1.978274378106053064e+03
2.273630499999999888e+00 1.983543466135376093e+03
2.274781799999999965e+00 1.983665514888383996e+03
2.275930199999999903e+00 1.978073183633345025e+03
2.277075700000000147e+00 1.983068812197340094e+03
2.278218299999999807e+00 1.983392724510071957e+03
2.279358000000000217e+00 1.979127598112841952e+03
2.280494800000000044e+00 1.982897683087925998e+03
2.281628700000000176e+00 1.978064218760182939e+03
2.282759800000000006e+00 1.982463799629832010e+03
2.283887899999999860e+00 1.977703426444488969e+03
2.285013300000000136e+00 1.982184525889219003e+03
2.286135799999999829e+00 1.982362484397370963e+03
2.287255399999999828e+00 1.976592230931775021e+03
2.288372199999999967e+00 1.981712439683594994e+03
2.289486199999999805e+00 1.977340261099182953e+03
2.290597399999999784e+00 1.981559226740253962e+03
2.291705799999999904e+00 1.976707142948268938e+03
2.292811400000000166e+00 1.976185016374553925e+03
2.293914299999999962e+00 1.981336771704520061e+03
2.295014300000000063e+00 1.975626402146737064e+03
2.296111600000000141e+00 1.980930582967090913e+03
2.297206099999999918e+00 1.975614545962185957e+03
2.298297900000000116e+00 1.975702717935329019e+03
2.299386999999999848e+00 1.980791189542977918e+03
2.300473300000000165e+00 1.976196973047110077e+03
2.301556900000000017e+00 1.975999224228075036e+03
2.302637799999999846e+00 1.980186083605603926e+03
2.303716000000000097e+00 1.980544292820768987e+03
2.304791400000000046e+00 1.975223076967954967e+03
2.305864199999999808e+00 1.974652114115830045e+03
2.306934399999999830e+00 1.980105159884707064e+03
2.308001799999999992e+00 1.974825266821826062e+03
2.309066599999999969e+00 1.979836767828142911e+03
2.310128800000000204e+00 1.980187229064207031e+03
2.311188200000000137e+00 1.974420900726779109e+03
2.312245100000000164e+00 1.980064267921108922e+03
2.313299300000000169e+00 1.974974520826686103e+03
2.314350899999999989e+00 1.974508672957063027e+03
2.315399999999999903e+00 1.979589009738381947e+03
2.316446399999999795e+00 1.979837085840043073e+03
2.317490199999999945e+00 1.980083225552223894e+03
2.318531399999999909e+00 1.975554737860207979e+03
2.319570000000000132e+00 1.979649497155196059e+03
2.320606100000000005e+00 1.980164175058441970e+03
2.321639600000000137e+00 1.974602706884503959e+03
2.322670599999999919e+00 1.979835967320294912e+03
2.323698999999999959e+00 1.973586419980433902e+03
2.324724900000000094e+00 1.979820363065809033e+03
2.325748200000000043e+00 1.974444827250358003e+03
2.326769099999999924e+00 1.979652994951198934e+03
2.327787400000000062e+00 1.980078262997448064e+03
2.328803199999999851e+00 1.975345488419243111e+03
2.329816500000000179e+00 1.979574348259986891e+03
2.330827399999999994e+00 1.980060462534303952e+03
2.331835700000000067e+00 1.974273632279971935e+03
2.332841600000000071e+00 1.979999015954392007e+03
2.333845000000000169e+00 1.974017418192772084e+03
2.334846000000000199e+00 1.979906010219438031e+03
2.335844499999999879e+00 1.973711683809872056e+03
2.336840599999999935e+00 1.979894180943168976e+03
2.337834200000000084e+00 1.974278953528515103e+03
2.338825500000000002e+00 1.979831026024372022e+03
2.339814300000000014e+00 1.974920317216864987e+03
2.340800699999999956e+00 1.979874966258428003e+03
2.341784699999999830e+00 1.975264608926237088e+03
2.342766300000000079e+00 1.979990102749728976e+03
2.343745499999999815e+00 1.974997163925369023e+03
2.344722400000000206e+00 1.979841631422064893e+03
2.345696799999999804e+00 1.973839792560733031e+03
2.346668999999999894e+00 1.979800978639522100e+03
2.347638700000000078e+00 1.979947066884632022e+03
2.348606100000000030e+00 1.980145174488472094e+03
2.349571200000000193e+00 1.975284811373562889e+03
2.350534000000000123e+00 1.979840142791899098e+03
2.351494399999999985e+00 1.979933801933849963e+03
2.352452500000000057e+00 1.979954575765065101e+03
2.353408299999999898e+00 1.980110699683953953e+03
2.354361799999999949e+00 1.974766607403247008e+03
2.355313100000000048e+00 1.979830728901150906e+03
2.356262000000000079e+00 1.980119065022844097e+03
2.357208599999999876e+00 1.974640714378941993e+03
2.358153000000000166e+00 1.979775852784679046e+03
2.359095099999999778e+00 1.980009302834921073e+03
2.360034999999999883e+00 1.975169360815996015e+03
2.360972600000000199e+00 1.979800999741110900e+03
2.361908000000000118e+00 1.973883787819320105e+03
2.362841200000000086e+00 1.979779990391448109e+03
2.363772099999999821e+00 1.979876272779034025e+03
2.364700800000000047e+00 1.979893026596525033e+03
2.365627299999999877e+00 1.980010705137291097e+03
2.366551600000000199e+00 1.975110499157912955e+03
2.367473700000000125e+00 1.979805067518700980e+03
2.368393600000000099e+00 1.974546947480012932e+03
2.369311399999999956e+00 1.979891384951165037e+03
2.370226900000000025e+00 1.974629010120062958e+03
2.371140299999999979e+00 1.979584845014213897e+03
2.372051599999999816e+00 1.979847614884492941e+03
2.372960700000000145e+00 1.979953267487546100e+03
2.373867600000000078e+00 1.980086610366646937e+03
2.374772399999999895e+00 1.974974847870736994e+03
2.375675100000000040e+00 1.979836620793306110e+03
2.376575599999999788e+00 1.974609073587213061e+03
2.377474100000000146e+00 1.979554296080284985e+03
2.378370400000000107e+00 1.979743311025702951e+03
2.379264599999999952e+00 1.974555031310356981e+03
2.380156799999999961e+00 1.979807561459186900e+03
2.381046800000000019e+00 1.974772983124410985e+03
2.381934799999999797e+00 1.979646469325492944e+03
2.382820699999999903e+00 1.979753884215665039e+03
2.383704499999999893e+00 1.979770793196463956e+03
2.384586300000000048e+00 1.979762529984935099e+03
2.385466000000000086e+00 1.979737798097957011e+03
2.386343699999999846e+00 1.979691087787264905e+03
2.387219400000000213e+00 1.979859224197228059e+03
2.388093000000000021e+00 1.974308058429817038e+03
2.388964599999999994e+00 1.979732385156225064e+03
2.389834099999999850e+00 1.974413740189201008e+03
2.390701700000000152e+00 1.979420367581067012e+03
2.391567300000000174e+00 1.979619534931186081e+03
2.392430800000000080e+00 1.979633623467603002e+03
2.393292399999999986e+00 1.974362493514132893e+03
2.394152000000000058e+00 1.979416087880895020e+03
2.395009599999999850e+00 1.979306096511651958e+03
2.395865300000000087e+00 1.979759391662083090e+03
2.396718900000000207e+00 1.974716779907915907e+03
2.397570700000000166e+00 1.979457143645721089e+03
2.398420499999999844e+00 1.979583794350716971e+03
2.399268300000000131e+00 1.979527416777048074e+03
2.400114199999999975e+00 1.979576117196033920e+03
2.400958199999999820e+00 1.974509805836818032e+03
2.401800300000000110e+00 1.979326218040461072e+03
2.402640400000000120e+00 1.979785334294113909e+03
2.403478600000000132e+00 1.974103853278312954e+03
2.404314999999999980e+00 1.979372301959358992e+03
2.405149399999999993e+00 1.979029700673007028e+03
2.405981999999999843e+00 1.974570692572267035e+03
2.406812700000000138e+00 1.979256501279103986e+03
2.407641499999999990e+00 1.979661793051200902e+03
2.408468399999999843e+00 1.974671475519113073e+03
2.409293499999999977e+00 1.978949496948865999e+03
2.410116700000000112e+00 1.978748608015466971e+03
2.410938100000000084e+00 1.979554650635775943e+03
2.411757600000000057e+00 1.974497981601246011e+03
2.412575299999999867e+00 1.979393957735678896e+03
2.413391100000000122e+00 1.974010727524658932e+03
2.414205200000000051e+00 1.979359931450964041e+03
2.415017399999999981e+00 1.979025440794556971e+03
2.415827800000000192e+00 1.974499401922412062e+03
2.416636399999999796e+00 1.977926827814336093e+03
2.417443299999999962e+00 1.979487300927838987e+03
2.418248300000000128e+00 1.974666453840625991e+03
2.419051500000000132e+00 1.977925851839354891e+03
2.419852999999999810e+00 1.978524671930478917e+03
2.420652700000000213e+00 1.979435876410869014e+03
2.421450600000000009e+00 1.973691618361910969e+03
2.422246799999999922e+00 1.979391889942575972e+03
2.423041200000000117e+00 1.974277012361254037e+03
2.423833899999999986e+00 1.978025922258947958e+03
2.424624899999999972e+00 1.979075010048110016e+03
2.425414099999999795e+00 1.979578665295442079e+03
2.426201499999999900e+00 1.974296234671455977e+03
2.426987299999999959e+00 1.979220099012017045e+03
2.427771299999999854e+00 1.974051787785042961e+03
2.428553700000000148e+00 1.979285144951340953e+03
2.429334299999999836e+00 1.973642044811540927e+03
2.430113299999999921e+00 1.979206990080311016e+03
2.430890499999999843e+00 1.977524695000726069e+03
2.431666100000000164e+00 1.978000511179983960e+03
2.432440000000000158e+00 1.977987406789927945e+03
2.433212199999999825e+00 1.977864583120835050e+03
2.433982799999999891e+00 1.978138061642003095e+03
2.434751700000000074e+00 1.979125936802500973e+03
2.435518899999999931e+00 1.977508408788916995e+03
2.436284500000000186e+00 1.977686825312724977e+03
2.437048499999999951e+00 1.978132184983385969e+03
2.437810799999999833e+00 1.979156353746378045e+03
2.438571500000000114e+00 1.974490196812615977e+03
2.439330599999999905e+00 1.977231572433169958e+03
2.440088100000000093e+00 1.979275754086115057e+03
2.440843899999999955e+00 1.974502457020093061e+03
2.441598200000000052e+00 1.978864211138020892e+03
2.442350900000000102e+00 1.979232534370785061e+03
2.443101899999999826e+00 1.973613892084742020e+03
2.443851399999999785e+00 1.979116102333857953e+03
2.444599300000000142e+00 1.977660336874771019e+03
2.445345600000000008e+00 1.976609627621256095e+03
2.446090400000000109e+00 1.977370336372863903e+03
2.446833600000000164e+00 1.978999335136270020e+03
2.447575200000000173e+00 1.976989024773215078e+03
2.448315299999999972e+00 1.973825644477034984e+03
2.449053900000000006e+00 1.978940245911662942e+03
2.449790899999999993e+00 1.977595028392195900e+03
2.450526299999999935e+00 1.973922384976867988e+03
2.451260299999999948e+00 1.978948890382868967e+03
2.451992699999999914e+00 1.977401064789020893e+03
2.452723600000000115e+00 1.979078737157796922e+03
2.453453000000000106e+00 1.974417845786374983e+03
2.454180899999999887e+00 1.975991388243058054e+03
2.454907400000000184e+00 1.978816956114146024e+03
2.455632299999999990e+00 1.979245837458626966e+03
2.456355700000000031e+00 1.977069288343243898e+03
2.457077599999999862e+00 1.974007667443275977e+03
2.457798100000000208e+00 1.978844144530374933e+03
2.458517099999999900e+00 1.976129451704669918e+03
2.459234700000000107e+00 1.976897582026628015e+03
2.459950800000000104e+00 1.978896811864751953e+03
2.460665399999999892e+00 1.976978731109722958e+03
2.461378600000000194e+00 1.978942067315296072e+03
2.462090299999999843e+00 1.976296192406917044e+03
2.462800600000000006e+00 1.974054427219575018e+03
2.463509499999999797e+00 1.978682941883725107e+03
2.464217000000000102e+00 1.979174588061837994e+03
2.464923000000000197e+00 1.974169555731559967e+03
2.465627700000000200e+00 1.978763162888642910e+03
2.466330899999999993e+00 1.979157295909973072e+03
2.467032699999999856e+00 1.974073122830692000e+03
2.467733200000000071e+00 1.978944795976444084e+03
2.468432200000000076e+00 1.975981665509709956e+03
2.469129899999999989e+00 1.978926427532119988e+03
2.469826100000000135e+00 1.973828696679280029e+03
2.470521000000000189e+00 1.978865649898365064e+03
2.471214600000000150e+00 1.977344692879989907e+03
2.471906800000000182e+00 1.978958537198536078e+03
2.472597599999999840e+00 1.973717250702143929e+03
2.473287099999999850e+00 1.978890978780761088e+03
2.473975199999999930e+00 1.973292193097026939e+03
2.474661999999999917e+00 1.978850536546784951e+03
2.475347399999999976e+00 1.973390379094616037e+03
2.476031499999999941e+00 1.978861158541242958e+03
2.476714299999999813e+00 1.973578377085698094e+03
2.477395800000000037e+00 1.978841821921480005e+03
2.478076000000000167e+00 1.976972760766409920e+03
2.478754900000000205e+00 1.978954333812765981e+03
2.479432399999999870e+00 1.974175835865924000e+03
2.480108700000000166e+00 1.975703068642540075e+03
2.480783699999999925e+00 1.978749173411049014e+03
2.481457400000000035e+00 1.977032824604274083e+03
2.482129800000000053e+00 1.979016716857031042e+03
2.482800899999999977e+00 1.975084064565194012e+03
2.483470800000000089e+00 1.975926737424759949e+03
2.484139400000000109e+00 1.978907209134807999e+03
2.484806700000000035e+00 1.976589563054157907e+03
2.485472800000000149e+00 1.976716060323595912e+03
2.486137600000000170e+00 1.978671105741738074e+03
2.486801199999999934e+00 1.976775199712254107e+03
2.487463599999999886e+00 1.979079043749188941e+03
2.488124700000000189e+00 1.973933134923717944e+03
2.488784599999999791e+00 1.978689124445601010e+03
2.489443300000000026e+00 1.979010302841586054e+03
2.490100800000000003e+00 1.975969325433196900e+03
2.490756999999999888e+00 1.979020784276910035e+03
2.491411999999999960e+00 1.973108978121515975e+03
2.492065900000000056e+00 1.979006851290690975e+03
2.492718500000000059e+00 1.974417449961453030e+03
2.493370000000000086e+00 1.975439494270284058e+03
2.494020299999999857e+00 1.978564038006235933e+03
2.494669399999999815e+00 1.978873884905141949e+03
2.495317299999999960e+00 1.979173056826585025e+03
2.495963999999999849e+00 1.974362886902762966e+03
2.496609600000000206e+00 1.978894542580884945e+03
2.497253999999999863e+00 1.975918158053465049e+03
2.497897299999999987e+00 1.978975549763224990e+03
2.498539399999999855e+00 1.975685941220591985e+03
2.499180400000000191e+00 1.978899909882035899e+03
2.499820199999999826e+00 1.976290625966930975e+03
2.500458899999999929e+00 1.976167784271756091e+03
2.501096500000000056e+00 1.979050205045472012e+03
2.501732899999999926e+00 1.974553620384971055e+03
2.502368300000000101e+00 1.978699711644495892e+03
2.503002500000000019e+00 1.979086459891961113e+03
2.503635599999999961e+00 1.973848210692960038e+03
2.504267599999999927e+00 1.978695024564342020e+03
2.504898499999999917e+00 1.979062309579591101e+03
2.505528299999999930e+00 1.976226806690011927e+03
2.506156999999999968e+00 1.975887660468961940e+03
2.506784699999999866e+00 1.978912301189988966e+03
2.507411199999999951e+00 1.976028088734128005e+03
2.508036699999999897e+00 1.975886322480597073e+03
2.508661200000000147e+00 1.979009086504493098e+03
2.509284500000000140e+00 1.975142667728940069e+03
2.509906799999999993e+00 1.973843982113922038e+03
2.510528100000000151e+00 1.978876363875745938e+03
2.511148200000000053e+00 1.973901212734702085e+03
2.511767400000000094e+00 1.978948529103384999e+03
2.512385500000000160e+00 1.975271961761550983e+03
2.513002600000000086e+00 1.975710440610736896e+03
2.513618600000000036e+00 1.978718573163444944e+03
2.514233700000000127e+00 1.975093995893340889e+03
2.514847699999999797e+00 1.978721495272463017e+03
2.515460700000000216e+00 1.979126562214654996e+03
2.516072600000000214e+00 1.975966521665782921e+03
2.516683599999999910e+00 1.975946446170984018e+03
2.517293599999999909e+00 1.978944215223357105e+03
2.517902600000000213e+00 1.974809410099557908e+03
2.518510599999999933e+00 1.978949493341410971e+03
2.519117599999999957e+00 1.976251708910632033e+03
2.519723599999999841e+00 1.978693660132686091e+03
2.520328699999999866e+00 1.979067457880669963e+03
2.520932699999999915e+00 1.973188448110533955e+03
2.521535899999999941e+00 1.978942547778929111e+03
2.522137999999999991e+00 1.975065893200234996e+03
2.522739200000000181e+00 1.974128540759802945e+03
2.523339500000000069e+00 1.978595324932409994e+03
2.523938799999999816e+00 1.978991556938359054e+03
2.524537099999999867e+00 1.975615190384889047e+03
2.525134500000000060e+00 1.978943803677859023e+03
2.525730999999999948e+00 1.973876116717254945e+03
2.526326599999999978e+00 1.978750389669964079e+03
2.526921199999999867e+00 1.979057812557643047e+03
2.527514899999999898e+00 1.974332724138268077e+03
2.528107799999999905e+00 1.978804143571846907e+03
2.528699599999999936e+00 1.975643561930741953e+03
2.529290599999999944e+00 1.975639957449732947e+03
2.529880700000000093e+00 1.978749866931811084e+03
2.530469899999999939e+00 1.975686015334204967e+03
2.531058199999999925e+00 1.975691804061252014e+03
2.531645699999999888e+00 1.978865385002397034e+03
2.532232200000000155e+00 1.975747496574274010e+03
2.532817899999999955e+00 1.975641088265688040e+03
2.533402699999999896e+00 1.978530168016947982e+03
2.533986599999999978e+00 1.978903235824797093e+03
2.534569700000000037e+00 1.976053093207847041e+03
2.535151899999999792e+00 1.978644515462611025e+03
2.535733200000000132e+00 1.978928818132586002e+03
2.536313700000000004e+00 1.972981145061650977e+03
2.536893399999999854e+00 1.978814606996036900e+03
2.537472199999999845e+00 1.975528089968067889e+03
2.538050199999999812e+00 1.975373743561264064e+03
2.538627400000000200e+00 1.978806325733334916e+03
2.539203699999999841e+00 1.973783479129154102e+03
2.539779300000000184e+00 1.978543962863662045e+03
2.540353999999999779e+00 1.978876549120577010e+03
2.540927799999999959e+00 1.974255377116780892e+03
2.541500899999999952e+00 1.978535326171333963e+03
2.542073199999999922e+00 1.978869216874725907e+03
2.542644699999999869e+00 1.975795398681940924e+03
2.543215399999999793e+00 1.978720468956523064e+03
2.543785300000000138e+00 1.974743376762068010e+03
2.544354400000000016e+00 1.978701918818537933e+03
2.544922699999999871e+00 1.973631079500941041e+03
2.545490299999999984e+00 1.978752630802958038e+03
2.546057100000000073e+00 1.975329100250846977e+03
2.546623100000000139e+00 1.974989690963287103e+03
2.547188400000000019e+00 1.978624229601256957e+03
2.547752899999999876e+00 1.972947697567499063e+03
2.548316699999999990e+00 1.978409862608024014e+03
2.548879700000000081e+00 1.978900074114271092e+03
2.549441900000000150e+00 1.974532782525921903e+03
2.550003499999999867e+00 1.978470024580025893e+03
2.550564300000000006e+00 1.975111565659753978e+03
2.551124300000000122e+00 1.974712836992322991e+03
2.551683699999999888e+00 1.978279064377054965e+03
2.552242300000000075e+00 1.978656255800919098e+03
2.552800200000000075e+00 1.974622036929989918e+03
2.553357399999999888e+00 1.978491540149039110e+03
2.553913800000000123e+00 1.974058406622212033e+03
2.554469600000000007e+00 1.974554354888120088e+03
2.555024700000000148e+00 1.978405967877346029e+03
2.555579100000000103e+00 1.974684572655103011e+03
2.556132799999999872e+00 1.978208939792870069e+03
2.556685799999999897e+00 1.978603593245205047e+03
2.557238100000000181e+00 1.974016063753859044e+03
2.557789800000000113e+00 1.978390915042745974e+03
2.558340700000000023e+00 1.974802329904777935e+03
2.558891000000000027e+00 1.974846514801181911e+03
2.559440700000000124e+00 1.978148400218213965e+03
2.559989700000000035e+00 1.978443355917054078e+03
2.560538000000000203e+00 1.975100653296638029e+03
2.561085700000000021e+00 1.978263381014754032e+03
2.561632700000000096e+00 1.974827751665384994e+03
2.562179099999999821e+00 1.974626841445837044e+03
2.562724900000000083e+00 1.978013492922894102e+03
2.563270000000000159e+00 1.978360505615288957e+03
2.563814499999999885e+00 1.974077289359189990e+03
2.564358400000000149e+00 1.978193984778192089e+03
2.564901599999999782e+00 1.974313618246301075e+03
2.565444199999999952e+00 1.973790070715039974e+03
2.565986300000000053e+00 1.978042719123980987e+03
2.566527699999999967e+00 1.974564719110363967e+03
2.567068499999999975e+00 1.978082894455428004e+03
2.567608700000000077e+00 1.973933024033510037e+03
2.568148299999999828e+00 1.978065098538791062e+03
2.568687300000000118e+00 1.973065925177588042e+03
2.569225799999999893e+00 1.977966946606876036e+03
2.569763599999999926e+00 1.974359035973169057e+03
2.570300899999999888e+00 1.977862127473191094e+03
2.570837599999999945e+00 1.973981850489836006e+03
2.571373799999999932e+00 1.977910371558122961e+03
2.571909300000000176e+00 1.973573437376342099e+03
2.572444400000000186e+00 1.977808914268721082e+03
2.572978800000000010e+00 1.978013413179447980e+03
2.573512700000000208e+00 1.974031265188194084e+03
2.574046099999999893e+00 1.977853714807203005e+03
2.574578900000000115e+00 1.973668443566451060e+03
2.575111199999999823e+00 1.977829558328184021e+03
2.575642900000000068e+00 1.973117370782503031e+03
2.576174200000000081e+00 1.977782310860302005e+03
2.576704799999999906e+00 1.973341409118040019e+03
2.577234999999999943e+00 1.972536332673943889e+03
2.577764699999999909e+00 1.977670491600827063e+03
2.578293799999999969e+00 1.973937298183517896e+03
2.578822399999999959e+00 1.973610318842853985e+03
2.579350600000000160e+00 1.977397186631179920e+03
2.579878200000000010e+00 1.977844355281664093e+03
2.580405299999999791e+00 1.973971448132290107e+03
2.580931899999999946e+00 1.973621576971230979e+03
2.581458099999999867e+00 1.977474797597348925e+03
2.581983699999999882e+00 1.973109504499647073e+03
2.582508900000000107e+00 1.977343583136723964e+03
2.583033599999999819e+00 1.973824077229525074e+03
2.583557900000000185e+00 1.977410782651196996e+03
2.584081600000000201e+00 1.973427152441023964e+03
2.584604899999999983e+00 1.977332154298705973e+03
2.585127799999999976e+00 1.973254602289372997e+03
2.585650199999999899e+00 1.977342858127665977e+03
2.586172100000000196e+00 1.973415797343375061e+03
2.586693599999999815e+00 1.977305037516063067e+03
2.587214599999999809e+00 1.972952225530065107e+03
2.587735200000000013e+00 1.977171635727075000e+03
2.588255399999999984e+00 1.972807254972941109e+03
2.588775200000000165e+00 1.977245228864265982e+03
2.589294499999999832e+00 1.973517831318534945e+03
2.589813400000000154e+00 1.973270692322628065e+03
2.590331899999999798e+00 1.976993435965792060e+03
2.590849899999999817e+00 1.971882564919631022e+03
2.591367599999999882e+00 1.976989072828296003e+03
2.591884900000000158e+00 1.977187769975419997e+03
2.592401699999999920e+00 1.972075578740124911e+03
2.592918200000000173e+00 1.976925538505179020e+03
2.593434199999999912e+00 1.972157120503545912e+03
2.593949900000000142e+00 1.976773465008149060e+03
2.594465200000000138e+00 1.976858644668694069e+03
2.594980099999999901e+00 1.977087112557280079e+03
2.595494599999999874e+00 1.972794210779333980e+03
2.596008799999999894e+00 1.976694561336333891e+03
2.596522600000000125e+00 1.976670420165793075e+03
2.597036000000000122e+00 1.976750021728702905e+03
2.597549100000000166e+00 1.977023948186076041e+03
2.598061799999999977e+00 1.972664058676238028e+03
2.598574199999999834e+00 1.976515577225028892e+03
2.599086199999999902e+00 1.976891336994420044e+03
2.599597800000000181e+00 1.972304322778868027e+03
2.600109199999999898e+00 1.972579315024041080e+03
2.600620199999999826e+00 1.976553546334396970e+03
2.601130799999999965e+00 1.971798913065010993e+03
2.601641199999999987e+00 1.976404543481655082e+03
2.602151200000000220e+00 1.972387354047803001e+03
2.602660900000000055e+00 1.976429102443579950e+03
2.603170200000000101e+00 1.971719168206894892e+03
2.603679300000000030e+00 1.976210248838865027e+03
2.604188100000000006e+00 1.976428098301324098e+03
2.604696500000000192e+00 1.972147683031485030e+03
2.605204699999999818e+00 1.976125299447026919e+03
2.605712500000000098e+00 1.976069764741625022e+03
2.606220099999999817e+00 1.976168194157527978e+03
2.606727400000000028e+00 1.976199333049356937e+03
2.607234399999999841e+00 1.976383923543578021e+03
2.607741100000000145e+00 1.971834684559596099e+03
2.608247599999999888e+00 1.976120702133353916e+03
2.608753699999999842e+00 1.971725828192807057e+03
2.609259699999999960e+00 1.975984544273602069e+03
2.609765299999999844e+00 1.971662117775299976e+03
2.610270700000000055e+00 1.975877930366586043e+03
2.610775799999999869e+00 1.971605970256766113e+03
2.611280700000000010e+00 1.975705251641438963e+03
2.611785300000000198e+00 1.975932699968770976e+03
2.612289699999999826e+00 1.971594421779504955e+03
2.612793899999999780e+00 1.975778038942150943e+03
2.613297799999999782e+00 1.971699958945489016e+03
2.613801500000000111e+00 1.971341707637785021e+03
2.614304999999999879e+00 1.975535766721086020e+03
2.614808200000000138e+00 1.971714761037902008e+03
2.615311199999999836e+00 1.971748209544080055e+03
2.615813999999999862e+00 1.975333888093787891e+03
2.616316600000000214e+00 1.971431122276793985e+03
2.616819000000000006e+00 1.975270841071021096e+03
2.617321200000000125e+00 1.975565562499351927e+03
2.617823200000000128e+00 1.971820523046133076e+03
2.618325000000000014e+00 1.975232424397230943e+03
2.618826599999999782e+00 1.975468783774130088e+03
2.619327999999999879e+00 1.970936611308191914e+03
2.619829300000000138e+00 1.975027467440844930e+03
2.620330300000000001e+00 1.975148297533163031e+03
2.620831200000000027e+00 1.975321440918957023e+03
2.621331899999999937e+00 1.971477401289992031e+03
2.621832500000000010e+00 1.975067314909786091e+03
2.622332800000000130e+00 1.970716945269507050e+03
2.622833099999999806e+00 1.974813122372313956e+03
2.623333099999999973e+00 1.975118456575790105e+03
2.623832999999999860e+00 1.970277668242541040e+03
2.624332799999999910e+00 1.972390498985636896e+03
2.624832399999999843e+00 2.036288320029528904e+03
2.625331899999999941e+00 1.236211582599860049e+04
2.625831300000000201e+00 2.585634799578832099e+04
2.626330499999999901e+00 1.912489955103406828e+04
2.626829600000000209e+00 1.699643038652251926e+04
2.627328599999999792e+00 1.736780339065493899e+04
2.627827400000000146e+00 1.729086334088808144e+04
2.628326200000000057e+00 1.739577493937985128e+04
2.628824799999999851e+00 1.793138754458838957e+04
2.629323299999999808e+00 1.863505226780727025e+04
2.629821800000000209e+00 1.918409660508991874e+04
2.630320100000000050e+00 1.984188152309576981e+04
2.630818300000000054e+00 2.065362511250350144e+04
2.631316400000000222e+00 2.114960008555063905e+04
2.631814499999999946e+00 2.159974441851858865e+04
2.632312499999999833e+00 2.208673545395796100e+04
2.632810300000000048e+00 2.209996864400296181e+04
2.633308200000000099e+00 2.155437683382191972e+04
2.633805900000000033e+00 1.931630659082346028e+04
2.634303599999999967e+00 1.697240052561859920e+04
2.634801200000000065e+00 1.588244462648867011e+04
2.635298699999999883e+00 1.551889361643481971e+04
2.635796200000000145e+00 1.549165653136611945e+04
2.636293699999999962e+00 1.560615724271387990e+04
2.636791099999999943e+00 1.544906672802437060e+04
2.637288400000000088e+00 1.482485856422276083e+04
2.637785699999999789e+00 1.415039458848930917e+04
2.638282999999999934e+00 1.350754129168337931e+04
2.638780199999999798e+00 1.292422011220786044e+04
2.639277499999999943e+00 1.256838413164670055e+04
2.639774699999999807e+00 1.320303586695452032e+04
2.640271799999999836e+00 1.447136301020087922e+04
2.640769000000000144e+00 1.562086625798999921e+04
2.641266100000000172e+00 1.719514365815189012e+04
2.641763099999999920e+00 1.842504422957987117e+04
2.642260400000000065e+00 1.796046888851212134e+04
2.642631999999999870e+00 1.622061323972765058e+04
2.643003499999999839e+00 1.445669855373724931e+04
2.643375100000000089e+00 1.315798872542311983e+04
2.643746699999999894e+00 1.195888608335569006e+04
2.644118300000000144e+00 1.152227182773015920e+04
2.644489899999999949e+00 1.167149747103606023e+04
2.644861500000000198e+00 1.212707534106975072e+04
2.645233199999999840e+00 1.251544100692804022e+04
2.645604800000000090e+00 1.309788674674325011e+04
2.645976500000000176e+00 1.354969756659718041e+04
2.646348199999999817e+00 1.416834415321060078e+04
2.646720000000000184e+00 1.463705439712372026e+04
2.647091699999999825e+00 1.528676699879979969e+04
2.647463600000000028e+00 1.578784970916386010e+04
2.647835399999999950e+00 1.650813495405470167e+04
2.648207300000000153e+00 1.707141592712144848e+04
2.648579199999999911e+00 1.790980910927009973e+04
2.648951199999999950e+00 1.859767060503058019e+04
2.649323199999999989e+00 1.962048365951133019e+04
2.649695299999999865e+00 2.053304008564757169e+04
2.650067400000000184e+00 2.184083430749546096e+04
2.650439599999999896e+00 2.309115972796543065e+04
2.650811800000000051e+00 2.483908820500738148e+04
2.651184100000000043e+00 2.677357273041463850e+04
2.651556499999999872e+00 2.899458728376400177e+04
2.651928900000000144e+00 3.197778283423537141e+04
2.652301399999999809e+00 3.558290371779150155e+04
2.652674000000000198e+00 4.024604224429016904e+04
2.653046699999999980e+00 4.606860267131175351e+04
2.653419400000000206e+00 5.347364485436915857e+04
2.653792199999999823e+00 6.142856030613025359e+04
2.654165100000000166e+00 7.009982438352624013e+04
2.654538099999999901e+00 7.897108129691790964e+04
2.654911100000000079e+00 8.868580002039538522e+04
2.655284299999999931e+00 9.888141443839862768e+04
2.655657499999999782e+00 1.095468812860820035e+05
2.656030900000000194e+00 1.201970994689882064e+05
2.656404300000000163e+00 1.303293420394577988e+05
2.656777799999999967e+00 1.392979939042981132e+05
2.657151499999999889e+00 1.464114536942235136e+05
2.657525199999999810e+00 1.513965517556407140e+05
2.657899099999999848e+00 1.542061710012361873e+05
2.658273100000000166e+00 1.557257071860391006e+05
2.658647199999999877e+00 1.565686267094266950e+05
2.659021399999999868e+00 1.573975063103821885e+05
2.659395700000000140e+00 1.582951205983145919e+05
2.659770099999999804e+00 1.589623934984740044e+05
2.660144700000000029e+00 1.602873924165465869e+05
2.660519400000000090e+00 1.608162228858938906e+05
2.660894299999999824e+00 1.597989960335697106e+05
2.661269200000000001e+00 1.555349894869164855e+05
2.661644299999999852e+00 1.478692210910487920e+05
2.662019599999999819e+00 1.373137624723630142e+05
2.662395000000000067e+00 1.254098916018907039e+05
2.662770500000000151e+00 1.152709241907972028e+05
2.663146199999999908e+00 1.081584268389070930e+05
2.663521999999999945e+00 1.033663523349848983e+05
2.663898000000000099e+00 1.005801303024912049e+05
2.664274100000000089e+00 9.869730814499668486e+04
2.664650400000000197e+00 9.756441859655933513e+04
2.665026800000000140e+00 9.671796039680625836e+04
2.665403400000000200e+00 9.621472236794020864e+04
2.665780199999999933e+00 9.583759139341684931e+04
2.666157199999999783e+00 9.563256688163992658e+04
2.666534299999999913e+00 9.553982894334959565e+04
2.666911600000000160e+00 9.556396549563584267e+04
2.667289100000000079e+00 9.580407900713622803e+04
2.667666699999999835e+00 9.618976861613293295e+04
2.668044500000000152e+00 9.678670658748121059e+04
2.668422500000000142e+00 9.747827067478849494e+04
2.668800800000000084e+00 9.833806893837645475e+04
2.669179100000000027e+00 9.912232951573573519e+04
2.669557699999999922e+00 9.998739036874574958e+04
2.669936499999999935e+00 1.006715591444063029e+05
2.670315500000000064e+00 1.010185999026097998e+05
2.670694699999999866e+00 1.011887907863712026e+05
2.671074099999999785e+00 1.013419772999144043e+05
2.671453699999999820e+00 1.014042484962150047e+05
2.671833499999999972e+00 1.014766915826899931e+05
2.672213499999999797e+00 1.014939854084088001e+05
2.672593700000000183e+00 1.014660403727411031e+05
2.672974099999999797e+00 1.014051692150235031e+05
2.673354799999999809e+00 1.013044732203660969e+05
2.673735699999999937e+00 1.011379924041810009e+05
2.674116800000000183e+00 1.009693457436147000e+05
2.674498100000000100e+00 1.008311502248561010e+05
2.674879699999999971e+00 1.009305274476094928e+05
2.675261499999999959e+00 1.010004007445931056e+05
2.675643599999999900e+00 1.010420068069645058e+05
2.676025899999999957e+00 1.009840460286658054e+05
2.676408400000000132e+00 1.009791782628888031e+05
2.676791099999999979e+00 1.010295500929607952e+05
2.677174200000000059e+00 1.012858421731014969e+05
2.677557399999999976e+00 1.014842332358652056e+05
2.677940899999999846e+00 1.014308725107609935e+05
2.678324700000000114e+00 1.014023956386179052e+05
2.678708799999999890e+00 1.011496940966650000e+05
2.679093099999999783e+00 1.008822494132495049e+05
2.679477599999999793e+00 1.008897065878308058e+05
2.679862400000000200e+00 1.011419732257527066e+05
2.680247500000000116e+00 1.016133843485670950e+05
2.680632899999999985e+00 1.019529200571615947e+05
2.681018499999999971e+00 1.022284554351302941e+05
2.681404500000000191e+00 1.023695118016039050e+05
2.681790700000000083e+00 1.024598899153769016e+05
2.682177100000000092e+00 1.024988547539441934e+05
2.682563899999999890e+00 1.027979231985141960e+05
2.682951000000000086e+00 1.029025841719291057e+05
2.683338299999999954e+00 1.028816419534560991e+05
2.683726000000000056e+00 1.028684098191800003e+05
2.684113899999999830e+00 1.028329487527810998e+05
2.684502100000000002e+00 1.028718328097120975e+05
2.684890699999999963e+00 1.028935861053586996e+05
2.685279500000000041e+00 1.026456116707399051e+05
2.685668699999999909e+00 1.024436442403521069e+05
2.686058200000000173e+00 1.021173697713197034e+05
2.686447999999999947e+00 1.017677997261107957e+05
2.686838100000000118e+00 1.015202931952283980e+05
2.687228499999999798e+00 1.014022712662431004e+05
2.687619199999999875e+00 1.013670624901256961e+05
2.688010300000000186e+00 1.012616763889995054e+05
2.688401700000000005e+00 1.010973148804469965e+05
2.688793399999999778e+00 1.009732686029609031e+05
2.689185499999999784e+00 1.008517705847103935e+05
2.689577900000000188e+00 1.007140664939692942e+05
2.689970600000000100e+00 1.007055095481589960e+05
2.690363699999999803e+00 1.006843574361412029e+05
2.690757099999999902e+00 1.006456904912400933e+05
2.691150799999999954e+00 1.006831560169339937e+05
2.691545000000000076e+00 1.008288230383041955e+05
2.691939399999999871e+00 1.009916084231356072e+05
2.692334300000000180e+00 1.010163562856392964e+05
2.692729499999999998e+00 1.010647763913412928e+05
2.693125000000000213e+00 1.012731786538628949e+05
2.693520900000000218e+00 1.014317356614232995e+05
2.693917200000000012e+00 1.015434422891685972e+05
2.694313800000000203e+00 1.017081263837084989e+05
2.694710900000000020e+00 1.017355485035122983e+05
2.695108299999999790e+00 1.018688669244696939e+05
2.695505999999999958e+00 1.020764000230888050e+05
2.695904200000000195e+00 1.021840635056573956e+05
2.696302699999999941e+00 1.022880857735367026e+05
2.696701700000000201e+00 1.022386832488266955e+05
2.697100999999999971e+00 1.022038508086942020e+05
2.697500699999999973e+00 1.021072132936960988e+05
2.697900800000000210e+00 1.020916367286775931e+05
2.698301299999999792e+00 1.021452857761804044e+05
2.698702200000000051e+00 1.023068798211826943e+05
2.699103500000000100e+00 1.023694524329389969e+05
2.699505300000000219e+00 1.024221551355295960e+05
2.699907399999999846e+00 1.023529312322359037e+05
2.700309900000000152e+00 1.022580988366389938e+05
2.700712900000000083e+00 1.021567111777832033e+05
2.701116299999999804e+00 1.020455491628799064e+05
2.701520100000000202e+00 1.020810830038424028e+05
2.701924299999999945e+00 1.021675074535081949e+05
2.702329000000000203e+00 1.020753289618292038e+05
2.702734099999999806e+00 1.019597544404918008e+05
2.703139600000000087e+00 1.019349733058963029e+05
2.703545500000000157e+00 1.019239830618003034e+05
2.703951899999999853e+00 1.017604929221803031e+05
2.704358800000000063e+00 1.015879913865231938e+05
2.704765999999999782e+00 1.012422031976152066e+05
2.705173799999999851e+00 1.010194608868838986e+05
2.705581899999999873e+00 1.006830275788009021e+05
2.705990599999999802e+00 1.002917115646460006e+05
2.706399699999999964e+00 1.000871539177279046e+05
2.706809199999999915e+00 9.992962448837287957e+04
2.707219199999999937e+00 9.970519099225365790e+04
2.707629700000000028e+00 9.943507523010135628e+04
2.708040599999999909e+00 9.913581208579016675e+04
2.708452100000000140e+00 9.886468981677595002e+04
2.708864000000000161e+00 9.868930582819138363e+04
2.709276299999999971e+00 9.851461102587607456e+04
2.709689200000000131e+00 9.833602031254496251e+04
2.710102500000000081e+00 9.823882790178374853e+04
2.710516300000000101e+00 9.821341754471632885e+04
2.710930600000000190e+00 9.813116606092730945e+04
2.711345399999999906e+00 9.806773965619680530e+04
2.711760700000000135e+00 9.794750890289498784e+04
2.712176499999999990e+00 9.787546193837345345e+04
2.712592799999999915e+00 9.787367849537248549e+04
2.713009599999999910e+00 9.789022903993359068e+04
2.713426899999999975e+00 9.805728855661988200e+04
2.713844700000000110e+00 9.820188680128059059e+04
2.714263100000000151e+00 9.829861199796362780e+04
2.714681899999999981e+00 9.837550116673680895e+04
2.715101300000000162e+00 9.842272238589769404e+04
2.715521100000000132e+00 9.841692470814695116e+04
2.715941599999999845e+00 9.850214519517279405e+04
2.716362499999999791e+00 9.856747505573595117e+04
2.716784000000000088e+00 9.846189046988297196e+04
2.717206000000000010e+00 9.856594529464449442e+04
2.717628500000000003e+00 9.865232967312489927e+04
2.718051599999999901e+00 9.862441194085862662e+04
2.718475199999999870e+00 9.858620907393345260e+04
2.718899400000000188e+00 9.850182880460793967e+04
2.719324100000000133e+00 9.848340930784447119e+04
2.719749399999999984e+00 9.850483047629492648e+04
2.720175199999999904e+00 9.852753201367445581e+04
2.720601600000000175e+00 9.855420004042942310e+04
2.721028500000000072e+00 9.862928272736558574e+04
2.721455999999999875e+00 9.848133165322701097e+04
2.721884100000000029e+00 9.813574828031501966e+04
2.722312800000000088e+00 9.790811700234461750e+04
2.722742000000000218e+00 9.768758639154491539e+04
2.723171799999999809e+00 9.757635328210814623e+04
2.723602099999999915e+00 9.760833959877544839e+04
2.724033100000000207e+00 9.750095675672763900e+04
2.724464699999999961e+00 9.747877606405889674e+04
2.724896799999999786e+00 9.735708186464267783e+04
2.725329499999999960e+00 9.721197644119928009e+04
2.725762800000000041e+00 9.707797679486972629e+04
2.726196799999999865e+00 9.692080878490938630e+04
2.726631300000000202e+00 9.675842132298945216e+04
2.727066400000000002e+00 9.670551126269543602e+04
2.727502199999999988e+00 9.662487991450715344e+04
2.727938500000000044e+00 9.655165360314957798e+04
2.728375499999999843e+00 9.650988866047056217e+04
2.728813000000000155e+00 9.651173716414673254e+04
2.729251200000000210e+00 9.628820672985557758e+04
2.729690100000000008e+00 9.614196268283789686e+04
2.730129499999999876e+00 9.600274846940822317e+04
2.730569599999999930e+00 9.577576437651622109e+04
2.731010299999999891e+00 9.587131247730807809e+04
2.731451600000000202e+00 9.595511221316133742e+04
2.731893599999999811e+00 9.594375931341815158e+04
2.732336300000000051e+00 9.598260807934316108e+04
2.732779499999999917e+00 9.616216951762016106e+04
2.733223399999999970e+00 9.614764124678562803e+04
2.733668000000000209e+00 9.612772433101819479e+04
2.734113300000000191e+00 9.614342188994419121e+04
2.734559099999999798e+00 9.620992875817570894e+04
2.735005699999999873e+00 9.622842718482359487e+04
2.735452899999999854e+00 9.632330697720021999e+04
2.735900800000000022e+00 9.635954972677427577e+04
2.736349300000000095e+00 9.641957693588543043e+04
2.736798600000000192e+00 9.641631233312061522e+04
2.737248500000000195e+00 9.667987374908175843e+04
2.737699000000000105e+00 9.684919789769838098e+04
2.738150300000000037e+00 9.690224670674052322e+04
2.738602300000000156e+00 9.690024347327293071e+04
2.739054900000000181e+00 9.697073671355347324e+04
2.739508299999999785e+00 9.704468978278794384e+04
2.739962300000000184e+00 9.710354731043401989e+04
2.740416999999999881e+00 9.712378475832764525e+04
2.740872500000000045e+00 9.712840663419474731e+04
2.741328600000000115e+00 9.721237951363308821e+04
2.741785500000000209e+00 9.723237985929792922e+04
2.742243000000000208e+00 9.729277240513508150e+04
2.742701299999999787e+00 9.730909779092198005e+04
2.743160299999999996e+00 9.730604836035569315e+04
2.743620099999999784e+00 9.725987599649751792e+04
2.744080499999999923e+00 9.724687499969477358e+04
2.744541700000000084e+00 9.718746706442743016e+04
2.745003599999999988e+00 9.710298791969867307e+04
2.745466299999999915e+00 9.696398982194853306e+04
2.745929700000000029e+00 9.698758909314881021e+04
2.746393799999999885e+00 9.697566808210396266e+04
2.746858700000000209e+00 9.692069459379595355e+04
2.747324299999999830e+00 9.691865432913665427e+04
2.747790699999999919e+00 9.694403883287232020e+04
2.748257800000000195e+00 9.697983927351838793e+04
2.748725700000000050e+00 9.681751809798584145e+04
2.749194399999999927e+00 9.684952286117688345e+04
2.749663799999999991e+00 9.691755073371283652e+04
2.750134000000000079e+00 9.671247152493562317e+04
2.750605000000000189e+00 9.661084247598978982e+04
2.751076799999999878e+00 9.647933906258882780e+04
2.751549300000000198e+00 9.639077089251764119e+04
2.752022600000000097e+00 9.611813928439196025e+04
2.752496700000000018e+00 9.590343407604553795e+04
2.752971599999999963e+00 9.569811632434879721e+04
2.753447299999999931e+00 9.550736054495410644e+04
2.753923799999999922e+00 9.553709052011706808e+04
2.754401000000000099e+00 9.554710703250666847e+04
2.754879100000000136e+00 9.534527791559530306e+04
2.755358000000000196e+00 9.543975282045562926e+04
2.755837699999999835e+00 9.553440235470002517e+04
2.756318199999999941e+00 9.568466686391955591e+04
2.756799599999999906e+00 9.571888145354119479e+04
2.757281700000000058e+00 9.564595360635708494e+04
2.757764700000000069e+00 9.545507259358023293e+04
2.758248500000000103e+00 9.547532256499012874e+04
2.758733100000000160e+00 9.546595196462977037e+04
2.759218600000000077e+00 9.538296384787895659e+04
2.759704900000000016e+00 9.532265957190010522e+04
2.760192099999999815e+00 9.528280477238699677e+04
2.760679999999999801e+00 9.516181710259104148e+04
2.761168899999999926e+00 9.509894256385286280e+04
2.761658600000000074e+00 9.523373979251037235e+04
2.762149099999999802e+00 9.534142392281937646e+04
2.762640499999999832e+00 9.513950034428844810e+04
2.763132800000000167e+00 9.499458358936477453e+04
2.763625999999999916e+00 9.480268842724109709e+04
2.764120000000000132e+00 9.463295455408049747e+04
2.764614900000000208e+00 9.451027344226789137e+04
2.765110599999999863e+00 9.431803962822216272e+04
2.765607300000000102e+00 9.419542176855141588e+04
2.766104799999999919e+00 9.406640266185613291e+04
2.766603200000000040e+00 9.406015438490889210e+04
2.767102500000000020e+00 9.387902204970848106e+04
2.767602699999999860e+00 9.379954174994527420e+04
2.768103800000000003e+00 9.372538220405901666e+04
2.768605800000000006e+00 9.362204854988126317e+04
2.769108699999999867e+00 9.359583663978416007e+04
2.769612500000000033e+00 9.360547872734471457e+04
2.770117200000000057e+00 9.350537630124500720e+04
2.770622900000000222e+00 9.333397402796598908e+04
2.771129399999999965e+00 9.316600791293312795e+04
2.771636899999999848e+00 9.303001783301298565e+04
2.772145300000000034e+00 9.309382368236983893e+04
2.772654600000000080e+00 9.312902422159472189e+04
2.773164899999999822e+00 9.309221550315343484e+04
2.773676099999999867e+00 9.299709298149752431e+04
2.774188300000000051e+00 9.292152472138839948e+04
2.774701400000000096e+00 9.314084261015529046e+04
2.775215399999999999e+00 9.327642333862070518e+04
2.775730400000000042e+00 9.320491019991831854e+04
2.776246399999999781e+00 9.325856041921651922e+04
2.776763299999999823e+00 9.334504384749353630e+04
2.777281200000000005e+00 9.327635790587661904e+04
2.777800099999999883e+00 9.321212283813141403e+04
2.778319900000000064e+00 9.320738188869881560e+04
2.778840699999999941e+00 9.319323828035040060e+04
2.779362400000000122e+00 9.324413610316366248e+04
2.779885199999999834e+00 9.329752379919281520e+04
2.780408899999999850e+00 9.339727922497859981e+04
2.780933699999999842e+00 9.353137505945512385e+04
2.781459400000000137e+00 9.373485159418785770e+04
2.781986100000000128e+00 9.400402167849375110e+04
2.782513900000000096e+00 9.409163188187777996e+04
2.783042599999999922e+00 9.413734107675148698e+04
2.783572299999999888e+00 9.433191143120835477e+04
2.784103099999999831e+00 9.437912012319632049e+04
2.784634899999999913e+00 9.463295059465226950e+04
2.785167599999999855e+00 9.479272478849820618e+04
2.785701500000000053e+00 9.496717383583723858e+04
2.786236300000000110e+00 9.511206888949105632e+04
2.786772200000000144e+00 9.513619353308272548e+04
2.787309099999999873e+00 9.535083981773459527e+04
2.787847000000000186e+00 9.543939005515933968e+04
2.788386000000000031e+00 9.477010966124435072e+04
2.788926099999999852e+00 9.437981453530043655e+04
2.789467199999999814e+00 9.397235205306937860e+04
2.790009299999999914e+00 9.338799059336114442e+04
2.790552499999999991e+00 9.235110505168093368e+04
2.791096800000000044e+00 9.139454078630173171e+04
2.791642099999999793e+00 9.026850861038542644e+04
2.792188499999999962e+00 8.880640635055105668e+04
2.792736000000000107e+00 8.736367015259746404e+04
2.793284499999999948e+00 8.584518740810493182e+04
2.793834200000000045e+00 8.425360761929818545e+04
2.794384899999999838e+00 8.253669979992590379e+04
2.794936700000000052e+00 8.101124874886954785e+04
2.795489599999999797e+00 7.934014157289362629e+04
2.796043599999999962e+00 7.778597576110331283e+04
2.796598700000000104e+00 7.628882116510831111e+04
2.797155000000000058e+00 7.470912446401560737e+04
2.797712300000000152e+00 7.330207776220070082e+04
2.798270700000000222e+00 7.182495833248573763e+04
2.798830300000000104e+00 7.032121900776069378e+04
2.799390999999999963e+00 6.892774872801972379e+04
2.799952799999999797e+00 6.764500334467817447e+04
2.800515700000000052e+00 6.633474599051644327e+04
2.801079800000000120e+00 6.500659929956542328e+04
2.801645000000000163e+00 6.383520295611523761e+04
2.802211300000000183e+00 6.272415433798058075e+04
2.802778800000000015e+00 6.149317364716208249e+04
2.803347500000000103e+00 6.033417333430962753e+04
2.803917300000000168e+00 5.934981435899784992e+04
2.804488200000000209e+00 5.843513959485491068e+04
2.805060399999999898e+00 5.756431284144710662e+04
2.805633600000000172e+00 5.682859603549286840e+04
2.806208100000000094e+00 5.613665845181263285e+04
2.806783699999999993e+00 5.555893724490574823e+04
2.807360500000000147e+00 5.506153607437713799e+04
2.807938500000000115e+00 5.452462374424313748e+04
2.808517699999999895e+00 5.412313862295184663e+04
2.809098099999999931e+00 5.368996226477703749e+04
2.809679699999999780e+00 5.340135174490781355e+04
2.810262400000000049e+00 5.306958908472789335e+04
2.810846399999999967e+00 5.264566224583813892e+04
2.811431600000000142e+00 5.222547494134146109e+04
2.812018000000000129e+00 5.184222932403856248e+04
2.812605599999999928e+00 5.150613111727154319e+04
2.813194399999999984e+00 5.114816169792629807e+04
2.813784500000000133e+00 5.072537360035844176e+04
2.814375800000000094e+00 5.039523168151833670e+04
2.814968299999999868e+00 5.019004475953390647e+04
2.815561999999999898e+00 5.010514334142082953e+04
2.816157000000000021e+00 4.979946340387978125e+04
2.816753299999999793e+00 4.961736332288532140e+04
2.817350799999999822e+00 4.951559058409395220e+04
2.817949500000000107e+00 4.951979348690395273e+04
2.818549500000000041e+00 4.935594219515870645e+04
2.819150800000000068e+00 4.927162959338213841e+04
2.819753299999999907e+00 4.917932248248045653e+04
2.820357200000000120e+00 4.909593485869540746e+04
2.820962199999999864e+00 4.911178723460267065e+04
2.821568599999999982e+00 4.898540270197867358e+04
2.822176300000000193e+00 4.894837312850612943e+04
2.822785200000000216e+00 4.900391791370677674e+04
2.823395399999999889e+00 4.896727862804585311e+04
2.824006999999999934e+00 4.897141484168650641e+04
2.824619799999999792e+00 4.903558984915522160e+04
2.825234000000000023e+00 4.906029923030283680e+04
2.825849400000000067e+00 4.913481513855562662e+04
2.826466200000000040e+00 4.906267144829207245e+04
2.827084300000000106e+00 4.908041911950975918e+04
2.827703699999999820e+00 4.914823535641041963e+04
2.828324400000000072e+00 4.918309066288059694e+04
2.828946499999999808e+00 4.911971468353593809e+04
2.829569900000000082e+00 4.909788431079818838e+04
2.830194699999999841e+00 4.897407096329471824e+04
2.830820800000000137e+00 4.898679348218531231e+04
2.831448200000000082e+00 4.904223160202240979e+04
2.832076999999999956e+00 4.888634626376132655e+04
2.832707200000000203e+00 4.880622051812966674e+04
2.833338700000000099e+00 4.875557793794594181e+04
2.833971700000000205e+00 4.867403486318756768e+04
2.834605900000000123e+00 4.864070446833791357e+04
2.835241599999999806e+00 4.856081894791746163e+04
2.835878600000000027e+00 4.849378025509102008e+04
2.836517100000000013e+00 4.838271918592281145e+04
2.837156900000000093e+00 4.835076509586223256e+04
2.837798100000000101e+00 4.827504967099644273e+04
2.838440700000000039e+00 4.823635756783266697e+04
2.839084699999999906e+00 4.821057449298893334e+04
2.839730199999999982e+00 4.813771409730774030e+04
2.840377000000000152e+00 4.808598071720740700e+04
2.841025300000000087e+00 4.797641743440296705e+04
2.841674999999999951e+00 4.795472805980266276e+04
2.842326100000000189e+00 4.795516404418607272e+04
2.842978700000000192e+00 4.786784930499680195e+04
2.843632599999999844e+00 4.781081214831180841e+04
2.844288099999999986e+00 4.769516770012197230e+04
2.844945000000000057e+00 4.770069245755300653e+04
2.845603300000000058e+00 4.774275060607672640e+04
2.846263099999999824e+00 4.763936542966159323e+04
2.846924399999999800e+00 4.761336027648292657e+04
2.847587100000000149e+00 4.761648504393608891e+04
2.848251299999999819e+00 4.759268018780923740e+04
2.848916899999999863e+00 4.761903227344003244e+04
2.849584099999999953e+00 4.758561566502504866e+04
2.850252699999999972e+00 4.758608820507096243e+04
2.850922900000000038e+00 4.760572621291146788e+04
2.851594500000000032e+00 4.796438642838744272e+04
2.852267599999999792e+00 4.686114509670622647e+04
