4.036590400000000245e-01 9.465268252755752474e+04
4.443407500000000065e-01 9.422170936668424110e+04
4.842859199999999809e-01 9.387772355932614300e+04
5.235079299999999547e-01 9.360316456412963453e+04
5.620199399999999956e-01 9.338376925610458420e+04
5.998348399999999803e-01 9.321362698552315123e+04
6.369652999999999565e-01 9.308300784936103446e+04
6.734237800000000274e-01 9.298445838569790067e+04
7.092224799999999885e-01 9.291679680863309477e+04
7.443734100000000131e-01 9.287185236352423090e+04
7.788883399999999568e-01 9.284841426558935200e+04
8.127788400000000024e-01 9.284163297935451556e+04
8.460562700000000547e-01 9.284953472799390147e+04
8.787317700000000231e-01 9.287207438835679204e+04
9.108163099999999623e-01 9.290434512894645741e+04
9.423206200000000532e-01 9.294808315362596477e+04
9.732552700000000057e-01 9.299440545126314100e+04
1.003630599999999928e+00 9.306413518403228954e+04
1.033456900000000012e+00 9.311075584110108321e+04
1.062743999999999911e+00 9.318239719667920144e+04
1.091501800000000078e+00 9.325607606621776358e+04
1.119739899999999899e+00 9.335030439482575457e+04
1.147467800000000038e+00 9.342085307295517123e+04
1.174694799999999928e+00 9.350227452096967318e+04
1.201429999999999998e+00 9.358902237947126559e+04
1.227682399999999951e+00 9.367379344842686260e+04
1.253460800000000042e+00 9.375552554188897193e+04
1.278773699999999902e+00 9.384326492073542613e+04
1.303629699999999891e+00 9.394129781605802418e+04
1.328037200000000029e+00 9.402110998786691925e+04
1.352004200000000100e+00 9.411268852059784695e+04
1.375538900000000009e+00 9.420217041545384564e+04
1.398649100000000089e+00 9.428650710930021887e+04
1.421342499999999953e+00 9.438466133811825421e+04
1.443626800000000099e+00 9.447158092512065195e+04
1.465509399999999962e+00 9.456056040019806824e+04
1.486997700000000089e+00 9.465015652024996234e+04
1.508098799999999962e+00 9.473879896246558928e+04
1.528819900000000009e+00 9.482423112313931051e+04
1.549167900000000042e+00 9.489459478380881774e+04
1.569149499999999975e+00 9.499006273971340852e+04
1.588771600000000062e+00 9.506471317997098959e+04
1.608040600000000042e+00 9.516741204151234706e+04
1.626962999999999937e+00 9.523786683622823330e+04
1.645545199999999930e+00 9.532098433393389860e+04
1.663793400000000089e+00 9.539230703065263515e+04
1.681713699999999978e+00 9.547242895333460183e+04
1.699312099999999992e+00 9.555143517263888498e+04
1.716594600000000082e+00 9.562851761797732615e+04
1.733566799999999963e+00 9.570334336950449506e+04
1.750234499999999915e+00 9.578054417485077283e+04
1.766603300000000099e+00 9.585323988306653337e+04
1.782678699999999949e+00 9.591744476608290279e+04
1.798465999999999898e+00 9.598907768418209162e+04
1.813970499999999930e+00 9.605868409416146460e+04
1.829197500000000032e+00 9.611895921749119589e+04
1.844152000000000013e+00 9.618753889749616792e+04
1.858838999999999908e+00 9.627238720002849004e+04
1.873263600000000029e+00 9.631444461161452637e+04
1.887430399999999953e+00 9.639183103125533671e+04
1.901344300000000098e+00 9.644364663048207876e+04
1.915009900000000043e+00 9.650611434933547571e+04
1.928431800000000029e+00 9.655628205599849753e+04
1.941614399999999963e+00 9.662623354518605629e+04
1.954562300000000086e+00 9.668194034896491212e+04
1.967279699999999965e+00 9.673781642152696440e+04
1.979770999999999948e+00 9.678379934159664845e+04
1.992040199999999928e+00 9.683743771644130175e+04
2.004091600000000195e+00 9.688044954798839171e+04
2.015928999999999860e+00 9.694348424718451861e+04
2.027556600000000042e+00 9.699306327030422108e+04
2.038978199999999852e+00 9.704140776810838724e+04
2.050197700000000012e+00 9.707790935908118263e+04
2.061218699999999959e+00 9.713611132171434292e+04
2.072045000000000137e+00 9.717222571862765471e+04
2.082680299999999818e+00 9.720649010542056931e+04
2.093128000000000100e+00 9.726039183865603991e+04
2.103391699999999975e+00 9.730030599295109278e+04
2.113474800000000098e+00 9.734234854125118000e+04
2.123380699999999788e+00 9.737100583392217231e+04
2.133112800000000142e+00 9.740986344787509006e+04
2.142674200000000084e+00 9.743699934752030822e+04
2.152068199999999987e+00 9.747658110073524585e+04
2.161297999999999941e+00 9.750224960023428139e+04
2.170366500000000087e+00 9.754718431030766806e+04
2.179276999999999909e+00 9.756820397296840383e+04
2.188032199999999872e+00 9.760036831668789091e+04
2.196635300000000068e+00 9.762858264279304422e+04
2.205089000000000077e+00 9.765962887082099041e+04
2.213396299999999872e+00 9.767763536058427417e+04
2.221559800000000084e+00 9.769675382190650271e+04
2.229582300000000128e+00 9.773416894821144524e+04
2.237466599999999861e+00 9.774522203183775127e+04
2.245215200000000078e+00 9.775989665237476584e+04
2.252830700000000075e+00 9.780560934850850026e+04
2.260315700000000039e+00 9.781364425431340351e+04
2.267672800000000155e+00 9.782191563338332344e+04
2.274904300000000212e+00 9.785426549996245012e+04
2.282012700000000116e+00 9.785827325806998124e+04
2.289000399999999935e+00 9.787697402143360523e+04
2.295869699999999902e+00 9.788188787234986376e+04
2.302623000000000086e+00 9.789977655920771940e+04
2.309262400000000159e+00 9.791359505322101177e+04
2.315790199999999910e+00 9.791551022002515674e+04
2.322208700000000015e+00 9.792909490472158359e+04
2.328519800000000028e+00 9.794144503736220940e+04
2.334725900000000021e+00 9.793826257946985424e+04
2.340828899999999990e+00 9.794826029817441304e+04
2.346830800000000217e+00 9.795794873212200764e+04
2.352733800000000208e+00 9.796294199334448786e+04
2.358539799999999964e+00 9.795758517445853795e+04
2.364250600000000091e+00 9.796339046450969181e+04
2.369868299999999817e+00 9.796970411009092641e+04
2.375394800000000028e+00 9.794907344136376923e+04
2.380831800000000165e+00 9.795603843827969104e+04
2.386181199999999780e+00 9.796034652454535535e+04
2.391444700000000090e+00 9.796151930141147750e+04
2.396624300000000041e+00 9.794809049870213494e+04
2.401721499999999843e+00 9.794018185032745532e+04
2.406738100000000102e+00 9.794179756574210478e+04
2.411675799999999814e+00 9.794084662672840932e+04
2.416536199999999912e+00 9.793839262042220798e+04
2.421320899999999998e+00 9.793749875735794194e+04
2.426031699999999791e+00 9.790635236649545550e+04
2.430669899999999828e+00 9.792223553399321099e+04
2.435237299999999827e+00 9.790088418166949123e+04
2.439735300000000162e+00 9.788659438568596670e+04
2.444165400000000155e+00 9.789877828481179313e+04
2.448529199999999850e+00 9.786376573148343596e+04
2.452827999999999786e+00 9.786447921577289526e+04
2.457063300000000172e+00 9.787078117422020296e+04
2.461236599999999886e+00 9.783674454167947988e+04
2.465349199999999907e+00 9.782165595809758815e+04
2.469402500000000167e+00 9.782967533582022588e+04
2.473397900000000149e+00 9.782194273210605024e+04
2.477336699999999947e+00 9.780070246380327444e+04
2.481220299999999934e+00 9.778293325978095527e+04
2.485049899999999923e+00 9.778005050388500968e+04
2.488826800000000006e+00 9.775962388016510522e+04
2.492552299999999832e+00 9.775574405543998000e+04
2.496227600000000102e+00 9.773713487549868296e+04
2.499854000000000021e+00 9.773120139694577665e+04
2.503432600000000008e+00 9.772561075571656693e+04
2.506964700000000157e+00 9.771816552548483014e+04
2.510451499999999836e+00 9.769994194950017845e+04
2.513894200000000190e+00 9.766780637247880804e+04
2.517293800000000026e+00 9.768233745163174171e+04
2.520651500000000045e+00 9.767675366452441085e+04
2.523968500000000059e+00 9.765848396645816683e+04
2.527245800000000209e+00 9.765706262487907952e+04
2.530484599999999862e+00 9.765183829454745864e+04
2.533685999999999883e+00 9.763530473588139284e+04
2.536850900000000131e+00 9.763847190987368231e+04
2.539980499999999974e+00 9.762369972648323164e+04
2.543075899999999834e+00 9.762524379371527175e+04
2.546138000000000012e+00 9.761504692757660814e+04
2.549167900000000042e+00 9.762174453124534921e+04
2.552166600000000063e+00 9.760876067097189662e+04
2.555135200000000051e+00 9.760359247694394435e+04
2.558074500000000029e+00 9.759929480771943054e+04
2.560985599999999973e+00 9.762242842228338122e+04
2.563869500000000023e+00 9.761606262878424604e+04
2.566727100000000039e+00 9.762802266247915395e+04
2.569559400000000160e+00 9.762350069572312350e+04
2.572367299999999801e+00 9.765521998039638856e+04
2.575151799999999991e+00 9.765176694005620084e+04
2.577913899999999980e+00 9.765255092317183153e+04
2.580654299999999957e+00 9.768917800552670087e+04
2.583374099999999896e+00 9.769179942622676026e+04
2.586074200000000101e+00 9.771403575316465867e+04
2.588755499999999987e+00 9.770979353246573010e+04
2.591418800000000022e+00 9.774167351778215379e+04
2.594065099999999902e+00 9.777049102831154596e+04
2.596695200000000092e+00 9.781551459836795402e+04
2.599310099999999846e+00 9.782856228975168779e+04
2.601910600000000073e+00 9.784815183887345484e+04
2.604497499999999910e+00 9.790176273041986860e+04
2.607071799999999939e+00 9.793766645348534803e+04
2.609634300000000184e+00 9.797728285356714332e+04
2.612185900000000061e+00 9.799069941279257182e+04
2.614727400000000035e+00 9.804040496716251073e+04
2.617259699999999967e+00 9.808663394445161975e+04
2.619783500000000043e+00 9.815723140499563306e+04
2.622299899999999795e+00 9.820545085931966605e+04
2.624809599999999854e+00 9.822897592857938434e+04
2.627313399999999799e+00 9.830887096507717797e+04
2.629812199999999933e+00 9.836585836236656178e+04
2.632306799999999836e+00 9.841706281810982910e+04
2.634798200000000090e+00 9.793874419447865512e+04
2.642260400000000065e+00 9.748103737401982653e+04
2.637287000000000159e+00 1.002366189890729001e+05
2.639774099999999901e+00 1.111921242202274007e+05
2.644118300000000144e+00 2.241039734851208050e+05
2.645976300000000059e+00 2.259449603835633025e+05
2.647834700000000208e+00 2.272892883533239074e+05
2.649693500000000146e+00 2.322910148980706872e+05
2.651552899999999990e+00 2.404469153143930016e+05
2.653413099999999858e+00 2.518609652639570122e+05
2.655274299999999865e+00 2.627902859214621712e+05
2.657136500000000012e+00 2.754408616129980073e+05
2.658999899999999972e+00 2.891123583849720890e+05
2.660864800000000141e+00 2.999744306896578055e+05
2.662731200000000076e+00 3.111238523953165277e+05
2.664599299999999893e+00 3.210675298539212090e+05
2.666469300000000153e+00 3.297275625788128236e+05
2.668341299999999805e+00 3.370912972969837137e+05
2.670215400000000017e+00 3.445034351132503944e+05
2.672091899999999853e+00 3.496532539737913175e+05
2.673970900000000039e+00 3.525447038852052065e+05
2.675852499999999967e+00 3.573662218308689189e+05
2.677737000000000034e+00 3.588094207156653283e+05
2.679624299999999959e+00 3.622938023756403127e+05
2.681514799999999976e+00 3.641324695310445968e+05
2.683408599999999922e+00 3.641092968032750068e+05
2.685305800000000076e+00 3.651474031325954711e+05
2.687206600000000112e+00 3.656698577387828263e+05
2.689111099999999865e+00 3.660360316570306895e+05
2.691019499999999898e+00 3.676464089104483719e+05
2.692931999999999881e+00 3.662166015689505730e+05
2.694848700000000097e+00 3.675519801896258723e+05
2.696769800000000217e+00 3.674445059790522791e+05
2.698695499999999914e+00 3.661420155182419112e+05
2.700625800000000076e+00 3.665591337730700034e+05
2.702561000000000213e+00 3.668660919417701080e+05
2.704501200000000161e+00 3.689514430994241848e+05
2.706446600000000036e+00 3.698345173336904263e+05
2.708397399999999955e+00 3.709614269758649170e+05
2.710353700000000199e+00 3.708981874957639957e+05
2.712315600000000160e+00 3.738493103521278827e+05
2.714283399999999791e+00 3.749424085293436074e+05
2.716257199999999816e+00 3.754747009658371098e+05
2.718237199999999909e+00 3.737923366645690985e+05
2.720223499999999905e+00 3.724883990621975972e+05
2.722216299999999922e+00 3.699012770944961812e+05
2.724215699999999796e+00 3.673207655567991897e+05
2.726221999999999923e+00 3.608894792833034880e+05
2.728235300000000141e+00 3.548984169144175830e+05
2.730255699999999841e+00 3.483109825209432165e+05
2.732283499999999865e+00 3.411747222044789814e+05
2.734318700000000213e+00 3.350522948738267878e+05
2.736361699999999786e+00 3.268326805368437199e+05
2.738412499999999916e+00 3.202784213026302168e+05
2.740471299999999832e+00 3.142965863258941099e+05
2.742538300000000095e+00 3.089725956220203079e+05
2.744613600000000098e+00 3.054235175844986225e+05
2.746697499999999792e+00 3.004837043124316260e+05
2.748790000000000067e+00 2.982464381582756178e+05
2.750891499999999823e+00 2.955734171828600811e+05
2.753001999999999949e+00 2.935101729173039203e+05
2.755121700000000118e+00 2.919436020560606848e+05
2.757250899999999838e+00 2.900343150016568834e+05
2.759389599999999998e+00 2.893221081856061937e+05
2.761537999999999826e+00 2.896453731029544724e+05
2.763696500000000000e+00 2.884293262460203841e+05
2.765864999999999796e+00 2.893583173375538900e+05
2.768043800000000054e+00 2.892915902731678798e+05
2.770233199999999840e+00 2.884836553978844895e+05
2.772433100000000206e+00 2.895963508193144226e+05
2.774643999999999888e+00 2.898264745309249847e+05
2.776865799999999940e+00 2.899962218380516861e+05
2.779098900000000150e+00 2.900859420868717134e+05
2.781343399999999910e+00 2.904133034707927727e+05
2.783599499999999782e+00 2.906012211554949754e+05
2.785867300000000046e+00 2.908877050073132850e+05
2.788147100000000211e+00 2.909688418067825842e+05
2.790439099999999950e+00 2.912395830016473774e+05
2.792743399999999987e+00 2.913985142309928779e+05
2.795060299999999831e+00 2.914415355914541287e+05
2.797389900000000207e+00 2.916539384221754153e+05
2.799732399999999899e+00 2.917679564409077284e+05
2.802088100000000193e+00 2.919461272760133143e+05
2.804457000000000200e+00 2.919275045580710866e+05
2.806839500000000154e+00 2.921180142645969172e+05
2.809235699999999891e+00 2.920801148481811979e+05
2.811645799999999973e+00 2.922674248439185903e+05
2.814070099999999908e+00 2.922908726946361130e+05
2.816508600000000140e+00 2.923609038979362231e+05
2.818961700000000015e+00 2.924123838108023047e+05
2.821429499999999813e+00 2.925475637403331930e+05
2.823912200000000094e+00 2.925840607302124263e+05
2.826410000000000089e+00 2.926234927056818269e+05
2.828923200000000193e+00 2.935274798707216978e+05
2.831452000000000080e+00 2.925982186613120721e+05
2.833996500000000029e+00 2.926881121739168884e+05
2.836556999999999995e+00 2.928355861588849220e+05
2.839133700000000093e+00 2.928528373055789270e+05
2.841726799999999997e+00 2.928830745662153931e+05
2.844336499999999823e+00 2.937476409837994142e+05
2.852267599999999792e+00 5.153835319653152255e+05
