0.000000000000000000e+00 8.706749331004105508e+06
9.925461516413221219e-03 2.336627573510543909e+06
1.983442618678336877e-02 1.683087409825281939e+06
2.972672414901125076e-02 1.467685983472698368e+06
3.960218682214877717e-02 1.351580523832519306e+06
4.946064691594782153e-02 1.270162814834153047e+06
5.930193844021729860e-02 1.208853656482010847e+06
6.912589671397123547e-02 1.158705147507097572e+06
7.893235837437453939e-02 1.117256001288798405e+06
8.872116138548846731e-02 1.082796347916628467e+06
9.849214504681275129e-02 1.053697794261064613e+06
1.082451500016173990e-01 1.029243703270687372e+06
1.179800182450785051e-01 1.008441005039807875e+06
1.276965931322006087e-01 9.903907267935171258e+05
1.373947193855412918e-01 9.752418418859331869e+05
1.470742431027237951e-01 9.618661091039978201e+05
1.567350117637499041e-01 9.505290917083057575e+05
1.663768742381017962e-01 9.404277895442650188e+05
1.759996807916386075e-01 9.306043866077936254e+05
1.856032830932904942e-01 9.222196325314517599e+05
1.951875342215420028e-01 9.148339741827298421e+05
2.047522886707114076e-01 9.078915189820533851e+05
2.142974023570272113e-01 9.013950762292824220e+05
2.238227326244890958e-01 8.966269846582286991e+05
2.333281382505338897e-01 8.925431327600292861e+05
2.428134794514902883e-01 8.885067623695459915e+05
2.522786178878290153e-01 8.845303131390479393e+05
2.617234166692065100e-01 8.806623070896189893e+05
2.711477403593096080e-01 8.769430706986628938e+05
2.805514549804890012e-01 8.732124695508079603e+05
2.899344280181923028e-01 8.693616546013479820e+05
2.992965284251927205e-01 8.657310743757454911e+05
3.086376266256181111e-01 8.623441082296215463e+05
3.179575945187730901e-01 8.591604520019829506e+05
3.272563054827610785e-01 8.561466694069955265e+05
3.365336343779091188e-01 8.532884294888017466e+05
3.457894575499850798e-01 8.505951279725054046e+05
3.550236528332201824e-01 8.480701214305973845e+05
3.642360995531381818e-01 8.456918375053945929e+05
3.734266785291696089e-01 8.434373675604786258e+05
3.825952720770879889e-01 8.412912462886564899e+05
3.917417640112400012e-01 8.392495566485151649e+05
4.008660396465796860e-01 8.373123154909239383e+05
4.099679858005131905e-01 8.354641068057322409e+05
4.190474907945437866e-01 8.337009124170873547e+05
4.281044444557345896e-01 8.320219175978781423e+05
4.371387381179686060e-01 8.304342899873964489e+05
4.461502646230247060e-01 8.289299995235279202e+05
4.551389183214679113e-01 8.274872150886361487e+05
4.641045950733427849e-01 8.260860354399745120e+05
4.730471922486907954e-01 8.247339415436702548e+05
4.819666087278728916e-01 8.234502541727689095e+05
4.908627449017147759e-01 8.222428820296836784e+05
4.997355026714653259e-01 8.211225772466098424e+05
5.085847854485783248e-01 8.200454114092129748e+05
5.174104981543072856e-01 8.189855565757806180e+05
5.262125472191294673e-01 8.179209125217611436e+05
5.349908405819854273e-01 8.168698273797458969e+05
5.437452876893489329e-01 8.158503203285387717e+05
5.524757994941199568e-01 8.148776685786675662e+05
5.611822884543428147e-01 8.139572194269822212e+05
5.698646685317575455e-01 8.130987339174218941e+05
5.785228551901778760e-01 8.122634180917182239e+05
5.871567653937028730e-01 8.113811924365339801e+05
5.957663176047630627e-01 8.105101631131955655e+05
6.043514317819994597e-01 8.096651153748587240e+05
6.129120293779797279e-01 8.088427733344804728e+05
6.214480333367564668e-01 8.080370977669575950e+05
6.299593680912582983e-01 8.072454743966741953e+05
6.384459595605305182e-01 8.064740532013431657e+05
6.469077351468168757e-01 8.057333809630386531e+05
6.553446237324831447e-01 8.050354109231465263e+05
6.637565556767904829e-01 8.043797080416565295e+05
6.721434628125216859e-01 8.037636020293211332e+05
6.805052784424510115e-01 8.031710588428188348e+05
6.888419373356695630e-01 8.025854633574340260e+05
6.971533757237670104e-01 8.019862551217417931e+05
7.054395312968684273e-01 8.013816446653648745e+05
7.137003431995240232e-01 8.007830688697431469e+05
7.219357520264702011e-01 8.002110732929921942e+05
7.301456998182381808e-01 7.996707247399395565e+05
7.383301300566400549e-01 7.991639723053000635e+05
7.464889876601098484e-01 7.986768336466379697e+05
7.546222189789181245e-01 7.982025633646899369e+05
7.627297717902542518e-01 7.977263923940339591e+05
7.708115952931796633e-01 7.972561672776452033e+05
7.788676401034553276e-01 7.967922808402354131e+05
7.868978582482433204e-01 7.963377175785995787e+05
7.949022031606881589e-01 7.958943740316459443e+05
8.028806296743727922e-01 7.954625692243932281e+05
8.108330940176622370e-01 7.950451450776803540e+05
8.187595538079234236e-01 7.946429308513045544e+05
8.266599680456371280e-01 7.942581624286874430e+05
8.345342971083903327e-01 7.938847999060860602e+05
8.423825027447626734e-01 7.935205969517093617e+05
8.502045480681014178e-01 7.931660213571186177e+05
8.580003975501919733e-01 7.928074953166509513e+05
8.657700170148203700e-01 7.924619486711521167e+05
8.735133736312364894e-01 7.921222134336675517e+05
8.812304359075130433e-01 7.917886483605317771e+05
8.889211736838061872e-01 7.914637976000676863e+05
8.965855581255246509e-01 7.911467001894133864e+05
9.042235617163935091e-01 7.908344390727158170e+05
9.118351582514377940e-01 7.905262468585215975e+05
9.194203228298626351e-01 7.902214791930359788e+05
9.269790318478554614e-01 7.899214609116549836e+05
9.345112629912929458e-01 7.896283109892638167e+05
9.420169952283710124e-01 7.893419366930612596e+05
9.494962088021416946e-01 7.890703428575567668e+05
9.569488852229794951e-01 7.888082794442619197e+05
9.643750072609638124e-01 7.885547272538550897e+05
9.717745589381824312e-01 7.883088979564801557e+05
9.791475255209654005e-01 7.880626954454362858e+05
9.864938935120406427e-01 7.878194738010396250e+05
9.938136506426219485e-01 7.875780763328504981e+05
1.001106785864426030e+00 7.873381774997847388e+05
1.008373289341625068e+00 7.871008666278083110e+05
1.015613152442726985e+00 7.868693563700595405e+05
1.022826367732402097e+00 7.866438630588087253e+05
1.030012928963240926e+00 7.864245667138888966e+05
1.037172831067457057e+00 7.862162529371372657e+05
1.044306070148526944e+00 7.860147853724047309e+05
1.051412643472779074e+00 7.858192416465107817e+05
1.058492549460928078e+00 7.856251255176918348e+05
1.065545787679553991e+00 7.854308017052547075e+05
1.072572358832535100e+00 7.852315139838277828e+05
1.079572264752431066e+00 7.850334227415638743e+05
1.086545508391816961e+00 7.848357085494318744e+05
1.093492093814574018e+00 7.846405699469516985e+05
1.100412026187143955e+00 7.844495593634642428e+05
1.107305311769728018e+00 7.842639719821733888e+05
1.114171957907462929e+00 7.840850523082835134e+05
1.121011973021545982e+00 7.839118010845566168e+05
1.127825366600329948e+00 7.837418363834326155e+05
1.134612149190387109e+00 7.835753606941426406e+05
1.141372332387531108e+00 7.834128156916305888e+05
1.148105928827823030e+00 7.832526113792054821e+05
1.154812952178529972e+00 7.830889203080557054e+05
1.161493417129072947e+00 7.829422789776532445e+05
1.168147339381937933e+00 7.827945899003094528e+05
1.174774735643572932e+00 7.826561368153946241e+05
1.181375623615247061e+00 7.825156757236634148e+05
1.187950021983910087e+00 7.823809675075459527e+05
1.194497950413011100e+00 7.822460342326490209e+05
1.201019429533318084e+00 7.821117850691500353e+05
1.207514480933705947e+00 7.819799544304568553e+05
1.213983127151943009e+00 7.818475663228099002e+05
1.220425391665457049e+00 7.817159066559817875e+05
1.226841298882090925e+00 7.815858695306469453e+05
1.233230874130847976e+00 7.814560253333806759e+05
1.239594143652632097e+00 7.813263300294983201e+05
1.245931134590978928e+00 7.811971951759473886e+05
1.252241874982781056e+00 7.810687193781811511e+05
1.258526393749006989e+00 7.809411996512027690e+05
1.264784720685423913e+00 7.808152852648610715e+05
1.271016886453310901e+00 7.806918684320166940e+05
1.277222922570180108e+00 7.805721845916510792e+05
1.283402861400493089e+00 7.804570835513088387e+05
1.289556736146383109e+00 7.803462346519099083e+05
1.295684580838383004e+00 7.802392370860041119e+05
1.301786430326153043e+00 7.801373911973224021e+05
1.307862320269221001e+00 7.800374991848756326e+05
1.313912287127726897e+00 7.799411350085879676e+05
1.319936368153179940e+00 7.798428278395639500e+05
1.325934601379221922e+00 7.797428637156006880e+05
1.331907025612403928e+00 7.796524411670730915e+05
1.337853680422979918e+00 7.795613803657742683e+05
1.343774606135708982e+00 7.794719085985367419e+05
1.349669843820672011e+00 7.793746909696385264e+05
1.355539435284111915e+00 7.792724310815881472e+05
1.361383423059282949e+00 7.791711811357064871e+05
1.367201850397324003e+00 7.790689348926149542e+05
1.372994761258151897e+00 7.789658351760194637e+05
1.378762200301369090e+00 7.788651643925604876e+05
1.384504212877200935e+00 7.787683087264774367e+05
1.390220845017450024e+00 7.786803423407890368e+05
1.395912143426480068e+00 7.786028850560628343e+05
1.401578155472215981e+00 7.785278631009105593e+05
1.407218929177181055e+00 7.784549251740823966e+05
1.412834513209549891e+00 7.783793657520979177e+05
1.418424956874233978e+00 7.783015533703285037e+05
1.423990310103999901e+00 7.782198481197298970e+05
1.429530623450607996e+00 7.781394812324749073e+05
1.435045948075990951e+00 7.780664437511877622e+05
1.440536335743453966e+00 7.780013433355860179e+05
1.446001838808917972e+00 7.779445484592022840e+05
1.451442510212183068e+00 7.778931508090575226e+05
1.456858403468239915e+00 7.778404969414726365e+05
1.462249572658602004e+00 7.777796247096403968e+05
1.467616072422684104e+00 7.777055531193533679e+05
1.472957957949208918e+00 7.776141147271625232e+05
1.478275284967655923e+00 7.775116563969012350e+05
1.483568109739747065e+00 7.774063413679869846e+05
1.488836489050963996e+00 7.773100398389601614e+05
1.494080480202119032e+00 7.772293812350368826e+05
1.499300141000946107e+00 7.771773445100589888e+05
1.504495529753751004e+00 7.771513843383539934e+05
1.509666705257088015e+00 7.771445545243022498e+05
1.514813726789487891e+00 7.771441266340761213e+05
1.519936654103221985e+00 7.771334804538212484e+05
1.525035547416113024e+00 7.771017560892655747e+05
1.530110467403386965e+00 7.770322029656727100e+05
1.535161475189569025e+00 7.769252043665485689e+05
1.540188632340425023e+00 7.767892403373050038e+05
1.545192000854948011e+00 7.766389322402734542e+05
1.550171643157387980e+00 7.764933941669395426e+05
1.555127622089331085e+00 7.763753165031623794e+05
1.560060000901821953e+00 7.762897431789466646e+05
1.564968843247535935e+00 7.762684142158435425e+05
1.569854213172998003e+00 7.762916597051029094e+05
1.574716175110846939e+00 7.763551860068129608e+05
1.579554793872149920e+00 7.764369202303932980e+05
1.584370134638767968e+00 7.765142535025865072e+05
1.589162262955764016e+00 7.765601752386088483e+05
1.593931244723868934e+00 7.765633102926071733e+05
1.598677146191991083e+00 7.764953732965427916e+05
1.603400033949778036e+00 7.763632588566881604e+05
1.608099974920226938e+00 7.761757860138127580e+05
1.612777036352351034e+00 7.759497541486341506e+05
1.617431285813891950e+00 7.757096117579090642e+05
1.622062791184081920e+00 7.754798790008879732e+05
1.626671620646469085e+00 7.752861881074841367e+05
1.631257842681776982e+00 7.751535257435346721e+05
1.635821526060833087e+00 7.750715122050833888e+05
1.640362739837541106e+00 7.751037748739402741e+05
1.644881553341905001e+00 7.751920393825628562e+05
1.649378036173110962e+00 7.753451794539230177e+05
1.653852258192660019e+00 7.755357415673512733e+05
1.658304289517555041e+00 7.757363946041311137e+05
1.662734200513535932e+00 7.759214541521858191e+05
1.667142061788376983e+00 7.760676250226560514e+05
1.671527944185233983e+00 7.761518419540819013e+05
1.675891918776041045e+00 7.761778664836051175e+05
1.680234056854970071e+00 7.761089379842478083e+05
1.684554429931939934e+00 7.759746089329003589e+05
1.688853109726178081e+00 7.757771769676156109e+05
1.693130168159838078e+00 7.755349873656447744e+05
1.697385677351674005e+00 7.752670182011564029e+05
1.701619709610771025e+00 7.749931873269968200e+05
1.705832337430319035e+00 7.747325262910405872e+05
1.710023633481456917e+00 7.745021234388886951e+05
1.714193670607162989e+00 7.743170435431504156e+05
1.718342521816196955e+00 7.741928797330553643e+05
1.722470260277104925e+00 7.741122997549974825e+05
1.726576959312277060e+00 7.741334485411611386e+05
1.730662692392054947e+00 7.742017500115836738e+05
1.734727533128898935e+00 7.743303297607067507e+05
1.738771555271608982e+00 7.745017848007661523e+05
1.742794832699603891e+00 7.746988673072387464e+05
1.746797439417242970e+00 7.749025811886237934e+05
1.750779449548222066e+00 7.750968394884628942e+05
1.754740937330006023e+00 7.752682822804885218e+05
1.758681977108327965e+00 7.754057350721500115e+05
1.762602643331736108e+00 7.754986165009592660e+05
1.766503010546200958e+00 7.755401760534611531e+05
1.770383153389770037e+00 7.755375824067108333e+05
1.774243146587282993e+00 7.754677833650299581e+05
1.778083064945140901e+00 7.753594834459192352e+05
1.781902983346127067e+00 7.752088341571413912e+05
1.785702976744278025e+00 7.750263302424702561e+05
1.789483120159820917e+00 7.748198948282164056e+05
1.793243488674151953e+00 7.745979650328151183e+05
1.796984157424875939e+00 7.743692554369550198e+05
1.800705201600897976e+00 7.741416427479530685e+05
1.804406696437568902e+00 7.739228773937996011e+05
1.808088717211876917e+00 7.737196625027961563e+05
1.811751339237710035e+00 7.735377019938082667e+05
1.815394637861150073e+00 7.733820383020904846e+05
1.819018688455835031e+00 7.732577415951704606e+05
1.822623566418366980e+00 7.731705303652883740e+05
1.826209347163779029e+00 7.731091874142842134e+05
1.829776106121044021e+00 7.731036198988762917e+05
1.833323918728642976e+00 7.731246555905045243e+05
1.836852860430189027e+00 7.731826669165955391e+05
1.840363006670088009e+00 7.732706503027362050e+05
1.843854432889276085e+00 7.733838915438215481e+05
1.847327214520974037e+00 7.735158287011889042e+05
1.850781426986531919e+00 7.736599548164753942e+05
1.854217145691289925e+00 7.738099388952524168e+05
1.857634446020512087e+00 7.739606040712238755e+05
1.861033403335359049e+00 7.741067955410714494e+05
1.864414092968923020e+00 7.742437631582180038e+05
1.867776590222294919e+00 7.743675204201226588e+05
1.871120970360697910e+00 7.744750794504532823e+05
1.874447308609662910e+00 7.745643949857479893e+05
1.877755680151254047e+00 7.746342586828538915e+05
1.881046160120340982e+00 7.746843448343659984e+05
1.884318823600930060e+00 7.747150210886900313e+05
1.887573745622526999e+00 7.747266680782181211e+05
1.890811001156563975e+00 7.747256374098224333e+05
1.894030665112865108e+00 7.747038898582382826e+05
1.897232812336167918e+00 7.746725321930544451e+05
1.900417517602678963e+00 7.746295550091253826e+05
1.903584855616690108e+00 7.745775976946838200e+05
1.906734901007236083e+00 7.745181400200527860e+05
1.909867728324798897e+00 7.744526301604278851e+05
1.912983412038055997e+00 7.743821527314067353e+05
1.916082026530683047e+00 7.743076792175472947e+05
1.919163646098188902e+00 7.742301495380864944e+05
1.922228344944812983e+00 7.741504013391542248e+05
1.925276197180451065e+00 7.740690472966327798e+05
1.928307276817635918e+00 7.739864507903216872e+05
1.931321657768565903e+00 7.739028188973735087e+05
1.934319413842163105e+00 7.738182852220701752e+05
1.937300618741192970e+00 7.737329668985601747e+05
1.940265346059413920e+00 7.736469791183469351e+05
1.943213669278782030e+00 7.735604147887408035e+05
1.946145661766683910e+00 7.734733630291308509e+05
1.949061396773231092e+00 7.733859306307026418e+05
1.951960947428581949e+00 7.732982573137232102e+05
1.954844386740308915e+00 7.732105240415777080e+05
1.957711787590818986e+00 7.731229527760321507e+05
1.960563222734795108e+00 7.730358276197948726e+05
1.963398764796699059e+00 7.729494494312659372e+05
1.966218486268300092e+00 7.728641491565443575e+05
1.969022459506257983e+00 7.727803016895820620e+05
1.971810756729734937e+00 7.726983117070792941e+05
1.974583450018049025e+00 7.726186081341688987e+05
1.977340611308378904e+00 7.725416322243571049e+05
1.980082312393488086e+00 7.724678245717771351e+05
1.982808624919510043e+00 7.723976194590504747e+05
1.985519620383753958e+00 7.723314420909344917e+05
1.988215370132560000e+00 7.722696939059884753e+05
1.990895945359189012e+00 7.722127294829458697e+05
1.993561417101747946e+00 7.721608465544775827e+05
1.996211856241157934e+00 7.721142909577719402e+05
1.998847333499156997e+00 7.720732694579177769e+05
2.001467919436333176e+00 7.720378491541502299e+05
2.004073684450208948e+00 7.720085919371129712e+05
2.006664698773350075e+00 7.719835889280085685e+05
2.009241032471507982e+00 7.719637894802400842e+05
2.011802755441812973e+00 7.719537849897737615e+05
2.014349937410988112e+00 7.719464536467337748e+05
2.016882647933599060e+00 7.719442088960938854e+05
2.019400956390350999e+00 7.719452466593494173e+05
2.021904931986404197e+00 7.719512586995764868e+05
2.024394643749737099e+00 7.719603627546082716e+05
2.026870160529529841e+00 7.719722220345197711e+05
2.029331550994594835e+00 7.719863873256311053e+05
2.031778883631830013e+00 7.720023193853000412e+05
2.034212226744708030e+00 7.720194091014565201e+05
2.036631648451798782e+00 7.720370219812922878e+05
2.039037216685330112e+00 7.720545777248721570e+05
2.041428999189761839e+00 7.720715330801071832e+05
2.043807063520413969e+00 7.720874378775260411e+05
2.046171477042109110e+00 7.721018952840648126e+05
2.048522306927853975e+00 7.721145497606474673e+05
2.050859620157554186e+00 7.721251145229700487e+05
2.053183483516745955e+00 7.721333930917243706e+05
2.055493963595373064e+00 7.721392552852871595e+05
2.057791126786586045e+00 7.721426253066560021e+05
2.060075039285568010e+00 7.721432819433471886e+05
2.062345767088400006e+00 7.721412868726919405e+05
2.064603375990938794e+00 7.721365615415413631e+05
2.066847931587743048e+00 7.721284924084080849e+05
2.069079499271007094e+00 7.721198481708263280e+05
2.071298144229539950e+00 7.721087042394505115e+05
2.073503931447763016e+00 7.720952289659712696e+05
2.075696925704733964e+00 7.720802037361358525e+05
2.077877191573198168e+00 7.720638802538143937e+05
2.080044793418676097e+00 7.720465575585241895e+05
2.082199795398564923e+00 7.720285429583145306e+05
2.084342261461269885e+00 7.720101815339883324e+05
2.086472255345364957e+00 7.719917388391979039e+05
2.088589840578776169e+00 7.719735332630303456e+05
2.090695080477988022e+00 7.719559193202657625e+05
2.092788038147280982e+00 7.719392140988497995e+05
2.094868776477987193e+00 7.719236813375108177e+05
2.096937358147772823e+00 7.719097493374599144e+05
2.098993845619947951e+00 7.718982291144951014e+05
2.101038301142794218e+00 7.718872145070049446e+05
2.103070786748920007e+00 7.718791080626236508e+05
2.105091364254636055e+00 7.718732986385667464e+05
2.107100095259359041e+00 7.718709434734530514e+05
2.109097041145031159e+00 7.718710085483657895e+05
2.111082263075568122e+00 7.718728660067877499e+05
2.113055821996323136e+00 7.718780602473784238e+05
2.115017778633578871e+00 7.718862871360438876e+05
2.116968193494059847e+00 7.718974264847000595e+05
2.118907126864460810e+00 7.719113851071634563e+05
2.120834638810999095e+00 7.719280496549067320e+05
2.122750789178994957e+00 7.719473015284514986e+05
2.124655637592459900e+00 7.719690169422200415e+05
2.126549243453716098e+00 7.719930559489752632e+05
2.128431665943026019e+00 7.720192532864884706e+05
2.130302964018250922e+00 7.720474190532647772e+05
2.132163196414528006e+00 7.720773438468433451e+05
2.134012421643952884e+00 7.721087946241666796e+05
2.135850697995306025e+00 7.721415191384208156e+05
2.137678083533772089e+00 7.721752412854752038e+05
2.139494636100696123e+00 7.722096646838962333e+05
2.141300413313349971e+00 7.722446096261208877e+05
2.143095472564716886e+00 7.722799169947619084e+05
2.144879871023298801e+00 7.723154309960026294e+05
2.146653665632931141e+00 7.723509864292648854e+05
2.148416913112627835e+00 7.723864081146995304e+05
2.150169669956436103e+00 7.724215199106475338e+05
2.151911992433301890e+00 7.724561462687426247e+05
2.153643936586972174e+00 7.724901150686569745e+05
2.155365558235884826e+00 7.725232741379712243e+05
2.157076912973102001e+00 7.725555140307557303e+05
2.158778056166243076e+00 7.725867683322475059e+05
2.160469042957437136e+00 7.726169821141824359e+05
2.162149928263293219e+00 7.726460759845040739e+05
2.163820766774883886e+00 7.726739402229306288e+05
2.165481612957742996e+00 7.727004618189539760e+05
2.167132521051882144e+00 7.727255557331596501e+05
2.168773545071814191e+00 7.727491730172357056e+05
2.170404738806599010e+00 7.727712858925935579e+05
2.172026155819902993e+00 7.727918706790786237e+05
2.173637849450065218e+00 7.728109074124331819e+05
2.175239872810180053e+00 7.728283885935059516e+05
2.176832278788205066e+00 7.728442713232155656e+05
2.178415120047059172e+00 7.728588202515953453e+05
2.179988449024758079e+00 7.728716883989589987e+05
2.181552317934544849e+00 7.728828815291455248e+05
2.183106778765046219e+00 7.728936675630126847e+05
2.184651883280428031e+00 7.729014339608912123e+05
2.186187683020574202e+00 7.729085718973521143e+05
2.187714229301272795e+00 7.729140947339200648e+05
2.189231573214418969e+00 7.729184265247380827e+05
2.190739765628217928e+00 7.729215345755845774e+05
2.192238857187413181e+00 7.729234250806346536e+05
2.193728898313521025e+00 7.729240435049569933e+05
2.195209939205068128e+00 7.729233347666007467e+05
2.196682029837856209e+00 7.729212823698127177e+05
2.198145219965224051e+00 7.729179334864721168e+05
2.199599559118324166e+00 7.729133839520514011e+05
2.201045096606414120e+00 7.729077387120858766e+05
2.202481881517150963e+00 7.729010732429974014e+05
2.203909962716901205e+00 7.728934205344048096e+05
2.205329388851061001e+00 7.728847866970344912e+05
2.206740208344376786e+00 7.728751779697758611e+05
2.208142469401292995e+00 7.728646198039994342e+05
2.209536220006290907e+00 7.728531608844164293e+05
2.210921507924248797e+00 7.728408650316423737e+05
2.212298380700806089e+00 7.728277990362716373e+05
2.213666885662735062e+00 7.728140201479917159e+05
2.215027069918328095e+00 7.727995846298262477e+05
2.216378980357788020e+00 7.727845301697738469e+05
2.217722663653626913e+00 7.727688653367172228e+05
2.219058166261074216e+00 7.727526864312378457e+05
2.220385534418495066e+00 7.727360798311533872e+05
2.221704814147813956e+00 7.727191320310346782e+05
2.223016051254942838e+00 7.727019210587348789e+05
2.224319291330230985e+00 7.726845164395918837e+05
2.225614579748900201e+00 7.726669814914644230e+05
2.226901961671511998e+00 7.726493778913324932e+05
2.228181482044417905e+00 7.726317694785878994e+05
2.229453185600239973e+00 7.726142328843439464e+05
2.230717116858334848e+00 7.725968599444405409e+05
2.231973320125291149e+00 7.725797400412175339e+05
2.233221839495405092e+00 7.725629690097847488e+05
2.234462718851185858e+00 7.725466263675352093e+05
2.235696001863852977e+00 7.725307648283971939e+05
2.236921731993851914e+00 7.725154108101911843e+05
2.238139952491362994e+00 7.725005789021819364e+05
2.239350706396820989e+00 7.724862938525835052e+05
2.240554036541449801e+00 7.724726068335449090e+05
2.241749985547789148e+00 7.724595957206928870e+05
2.242938595830232806e+00 7.724473505300869001e+05
2.244119909595577944e+00 7.724359551546561997e+05
2.245293968843567800e+00 7.724254789580098586e+05
2.246460815367449904e+00 7.724159855584029574e+05
2.247620490754532963e+00 7.724074693481384311e+05
2.248773036386753965e+00 7.723999952346740756e+05
2.249918493441250167e+00 7.723936480734349461e+05
2.251056902890923084e+00 7.723885094519440318e+05
2.252188305505030019e+00 7.723845526030010078e+05
2.253312741849760936e+00 7.723816670457484433e+05
2.254430252288825098e+00 7.723809675760860555e+05
2.255540876984047038e+00 7.723814561852043262e+05
2.256644655895962970e+00 7.723833769021356711e+05
2.257741628784417198e+00 7.723868006268970203e+05
2.258831835209170968e+00 7.723916149330709595e+05
2.259915314530509978e+00 7.723977341144921957e+05
2.260992105909854111e+00 7.724050476987535367e+05
2.262062248310376056e+00 7.724167175249662250e+05
2.263125780497623030e+00 7.724323816572807264e+05
2.264182741040133173e+00 7.724596545027674874e+05
2.265233168310067047e+00 7.724314298029022757e+05
2.266277100483836904e+00 7.721885171800350072e+05
2.267314575542738186e+00 7.722599314661340322e+05
2.268345631273585017e+00 7.752793730607500765e+05
2.269370305269352794e+00 7.808529925360013731e+05
2.270388634929815908e+00 8.369076553145225625e+05
2.271400657462193884e+00 8.720131979708140716e+05
2.272406409881800204e+00 8.811769130446143681e+05
2.273405929012691118e+00 8.697338685277281329e+05
2.274399251488317120e+00 8.505962743921895744e+05
2.275386413752182868e+00 8.283428296065465547e+05
2.276367452058498220e+00 8.084787703912209254e+05
2.277342402472843030e+00 7.972885559285687050e+05
2.278311300872824852e+00 7.951289517865395173e+05
2.279274182948749949e+00 8.000635126060323091e+05
2.280231084204281000e+00 8.093760211242457153e+05
2.281182039957109886e+00 8.210332592483464396e+05
2.282127085339630046e+00 8.328957555270660669e+05
2.283066255299603053e+00 8.441329298462539446e+05
2.283999584600835853e+00 8.541482178899615537e+05
2.284927107823853110e+00 8.630996211188302841e+05
2.285848859366578001e+00 8.709421747135480400e+05
2.286764873445006785e+00 8.779631796775941039e+05
2.287675184093893144e+00 8.838060542286977870e+05
2.288579825167420978e+00 8.881731183636139613e+05
2.289478830339895854e+00 8.915339279881981201e+05
2.290372233106427124e+00 8.944317473625256680e+05
2.291260066783606053e+00 8.974172524588656379e+05
2.292142364510199926e+00 9.007176300348024815e+05
2.293019159247835059e+00 9.042744604817379732e+05
2.293890483781682921e+00 9.077177937632009853e+05
2.294756370721155125e+00 9.107316986082945950e+05
2.295616852500586003e+00 9.129846639858387643e+05
2.296471961379927151e+00 9.144037772928684717e+05
2.297321729445440219e+00 9.150425007385400822e+05
2.298166188610379912e+00 9.152454195339807775e+05
2.299005370615700983e+00 9.154005655832972843e+05
2.299839307030736801e+00 9.159066079845221248e+05
2.300668029253898794e+00 9.169966438821303891e+05
2.301491568513374997e+00 9.188377622461308492e+05
2.302309955867813063e+00 9.213339159053774783e+05
2.303123222207024146e+00 9.242724877731666202e+05
2.303931398252677010e+00 9.271349396099568112e+05
2.304734514558984149e+00 9.294493068213829538e+05
2.305532601513406998e+00 9.308199409211662132e+05
2.306325689337346940e+00 9.313553108287061332e+05
2.307113808086839857e+00 9.311820730097676860e+05
2.307896987653252019e+00 9.310069250852036057e+05
2.308675257763974198e+00 9.311507331044949824e+05
2.309448647983117997e+00 9.326573386145066470e+05
2.310217187712213072e+00 9.359380865676532267e+05
2.310980906190892803e+00 9.408458041222047759e+05
2.311739832497600844e+00 9.459072888237290317e+05
2.312493995550275017e+00 9.499001068311184645e+05
2.313243424107048973e+00 9.499824628304463113e+05
2.313988146766936094e+00 9.458896479457906680e+05
2.314728191970532034e+00 9.367088078576838598e+05
2.315463588000703066e+00 9.239650789440190420e+05
2.316194362983276189e+00 9.011240182987077860e+05
2.316920544887731914e+00 8.713172973301620223e+05
2.317642161527900146e+00 8.314461998134570895e+05
2.318359240562636980e+00 8.335371815752740949e+05
2.319071809496532133e+00 8.883609205666981870e+05
2.319779895680582182e+00 9.298995624440256506e+05
2.320483526312886013e+00 9.533821320692831650e+05
2.321182728439333154e+00 9.796642890248752665e+05
2.321877528954284120e+00 9.947585299023137195e+05
2.322567954601263196e+00 1.022264574528563768e+06
2.323254031973636113e+00 1.051535788998510456e+06
2.323935787515300166e+00 1.075999204137156950e+06
2.324613247521361892e+00 1.097210547400613083e+06
2.325286438138823186e+00 1.107885058674216736e+06
2.325955385367257211e+00 1.097904732640202623e+06
2.326620115059490068e+00 1.072177519765832927e+06
2.327280652922285142e+00 1.027602565243251971e+06
2.327937024517010123e+00 9.809586884558461607e+05
2.328589255260320012e+00 9.384559042018320179e+05
2.329237370424832143e+00 9.011819864776551258e+05
2.329881395139798084e+00 8.640712215927605284e+05
2.330521354391775990e+00 8.677396952478720341e+05
2.331157273025306065e+00 8.731717467564244289e+05
2.331789175743574027e+00 8.774715751080855262e+05
2.332417087109087017e+00 9.002984646767618833e+05
2.333041031544336175e+00 9.278488228577638511e+05
2.333661033332463219e+00 9.408053979678676696e+05
2.334277116617927916e+00 9.432802412846507505e+05
2.334889305407171101e+00 9.469771515557053499e+05
2.335497623569271930e+00 9.221465821018930292e+05
2.336102094836613130e+00 9.152348317482203711e+05
2.336702742805539135e+00 1.025360197236155742e+06
2.337299590937011118e+00 1.099150288717382122e+06
2.337892662557265133e+00 1.166515488221280044e+06
2.338481980858464038e+00 1.224248537027511047e+06
2.339067568899353855e+00 1.277453233398369513e+06
2.339649449605913034e+00 1.323513623896274250e+06
2.340227645771999931e+00 1.297114606822011760e+06
2.340802180060002957e+00 1.237280761441325769e+06
2.341373075001487170e+00 1.151031045465829782e+06
2.341940352997835983e+00 1.041076195531115169e+06
2.342504036320898209e+00 9.834421937102698721e+05
2.343064147113626206e+00 9.414987597495830851e+05
2.343620707390714042e+00 9.262696809674379183e+05
2.344173739039240978e+00 9.821888091297228821e+05
2.344723263819298964e+00 9.716392150058858097e+05
2.345269303364634794e+00 9.679107581498509971e+05
2.345811879183274939e+00 9.476142654327279888e+05
2.346351012658165036e+00 9.806958980961462948e+05
2.346886725047789835e+00 9.890762878391841659e+05
2.347419037486802917e+00 9.794960803111770656e+05
2.347947970986654198e+00 9.467785552722576540e+05
2.348473546436212089e+00 9.090051907123104902e+05
2.348995784602382120e+00 8.887614582486303989e+05
2.349514706130725994e+00 8.598904312791223638e+05
2.350030331546086870e+00 9.452545720131407725e+05
2.350542681253191990e+00 1.068942736053240718e+06
2.351051775537280175e+00 1.132150334761853330e+06
2.351557634564700017e+00 1.183429308198577026e+06
2.352060278383528935e+00 1.248132205707622226e+06
2.352559726924178918e+00 1.216631653360280674e+06
2.353056000000000036e+00 1.027566585799415363e+06
2.353439022221559984e+00 1.041112670493061654e+06
2.353822990876274002e+00 9.476412481082472950e+05
2.354207923611685072e+00 8.692388269248572178e+05
2.354593838234968040e+00 9.540682630710363155e+05
2.354980752716468118e+00 9.755588341245939955e+05
2.355368685193308220e+00 9.920019937714241678e+05
2.355757653973050036e+00 1.010400104312497424e+06
2.356147677537419050e+00 1.030423602627145359e+06
2.356538774546098836e+00 1.051596342513963347e+06
2.356930963840591087e+00 1.074039747033744352e+06
2.357324264448133810e+00 1.098539523397138109e+06
2.357718695585708790e+00 1.125659544518119888e+06
2.358114276664101006e+00 1.155243906964089023e+06
2.358511027292045981e+00 1.187654066058879951e+06
2.358908967280446856e+00 1.222579838727128692e+06
2.359308116646673170e+00 1.259590282932068221e+06
2.359708495618932034e+00 1.300774703776792856e+06
2.360110124640731222e+00 1.348761514628513483e+06
2.360513024375419988e+00 1.403757258735131938e+06
2.360917215710820916e+00 1.465524404126211768e+06
2.361322719763943034e+00 1.534784681726785609e+06
2.361729557885798858e+00 1.613747098488560412e+06
2.362137751666300023e+00 1.702809740746984025e+06
2.362547322939259953e+00 1.798024729194815736e+06
2.362958293787496000e+00 1.894486604428063612e+06
2.363370686548022181e+00 1.995693977995557478e+06
2.363784523817355154e+00 2.105531645510182250e+06
2.364199828456928998e+00 2.226689705362338573e+06
2.364616623598610801e+00 2.358302967540908605e+06
2.365034932650334820e+00 2.506658987305159215e+06
2.365454779301855215e+00 2.668379241997283883e+06
2.365876187530607133e+00 2.856292487380811945e+06
2.366299181607704138e+00 3.138014790905469563e+06
2.366723786104047988e+00 3.440742901683743577e+06
2.367150025896580079e+00 3.782003206821065862e+06
2.367577926174647907e+00 4.082572970834645443e+06
2.368007512446530960e+00 4.365900463015165180e+06
2.368438810546078965e+00 4.580878467727498151e+06
2.368871846639524215e+00 4.806893047935238108e+06
2.369306647232409802e+00 4.957070133517171256e+06
2.369743239176696825e+00 5.057613539737995714e+06
2.370181649678007929e+00 5.047684736327177845e+06
2.370621906303044923e+00 5.030473067544893362e+06
2.371064036987159174e+00 5.093479007211846299e+06
2.371508070042096961e+00 5.170324598764576949e+06
2.371954034163925140e+00 5.232170704378350638e+06
2.372401958441119785e+00 5.279173951421252452e+06
2.372851872362851999e+00 5.310469867347002029e+06
2.373303805827462032e+00 5.328671887311557308e+06
2.373757789151115016e+00 5.341018781199934892e+06
2.374213853076672986e+00 5.351321888196400367e+06
2.374672028782761846e+00 5.363802783065483905e+06
2.375132347893054163e+00 5.383059537904051133e+06
2.375594842485766023e+00 5.414683270657990128e+06
2.376059545103383019e+00 5.464520630532513373e+06
2.376526488762609191e+00 5.530747928075085394e+06
2.376995706964557975e+00 5.608353413261076435e+06
2.377467233705186977e+00 5.683661823715944774e+06
2.377941103485980978e+00 5.731686150725583546e+06
2.378417351324892959e+00 5.757639702536098659e+06
2.378896012767556023e+00 5.745679255090201274e+06
2.379377123898756885e+00 5.699146242713053711e+06
2.379860721354210007e+00 5.626802025225915015e+06
2.380346842332599966e+00 5.549911111440643668e+06
2.380835524607940901e+00 5.486857834281407297e+06
2.381326806542233054e+00 5.440399580913016573e+06
2.381820727098435952e+00 5.410732298748081550e+06
2.382317325853778200e+00 5.395897563196275383e+06
2.382816643013387914e+00 5.391698770051622763e+06
2.383318719424284193e+00 5.394007908190712333e+06
2.383823596589714988e+00 5.404684802708184347e+06
2.384331316683871993e+00 5.418988023557196371e+06
2.384841922566975025e+00 5.433649214354197495e+06
2.385355457800752976e+00 5.442900709104127251e+06
2.385871966664331101e+00 5.439685567650723271e+06
2.386391494170528205e+00 5.426069340750318021e+06
2.386914086082581044e+00 5.405056613435601816e+06
2.387439788931319029e+00 5.380634062727476470e+06
2.387968650032783913e+00 5.357760441709400155e+06
2.388500717506333082e+00 5.337821430464539677e+06
2.389036040293215812e+00 5.322871247920763679e+06
2.389574668175655781e+00 5.310243723686778918e+06
2.390116651796451830e+00 5.297139186336083338e+06
2.390662042679112975e+00 5.285533001753276214e+06
2.391210893248535196e+00 5.274460850172122940e+06
2.391763256852259989e+00 5.263872197127860971e+06
2.392319187782311118e+00 5.251159741647940129e+06
2.392878741297642886e+00 5.234659495382915251e+06
2.393441973647208787e+00 5.216711111763877794e+06
2.394008942093686088e+00 5.198960375168494880e+06
2.394579704937858988e+00 5.183363475779920816e+06
2.395154321543704778e+00 5.174548723170737736e+06
2.395732852364179877e+00 5.176656153774723411e+06
2.396315358967758158e+00 5.187996287762541324e+06
2.396901904065722899e+00 5.201178418421895243e+06
2.397492551540254091e+00 5.210088282600832172e+06
2.398087366473323989e+00 5.206999839207595214e+06
2.398686415176450204e+00 5.188083791647305712e+06
2.399289765221303217e+00 5.152447890236397274e+06
2.399897485471238934e+00 5.101680176788768731e+06
2.400509646113750062e+00 5.038091343188577332e+06
2.401126318693890038e+00 4.965746509677623399e+06
2.401747576148704155e+00 4.890305307801884599e+06
2.402373492842689195e+00 4.819420528371216729e+06
2.403004144604334869e+00 4.760072373901267536e+06
2.403639608763774138e+00 4.714619774214397185e+06
2.404279964191582852e+00 4.679901827464477159e+06
2.404925291338782856e+00 4.649690089773482643e+06
2.405575672278073895e+00 4.617351076826098375e+06
2.406231190746348059e+00 4.583812707958132029e+06
2.406891932188541805e+00 4.552676314812604338e+06
2.407557983802857127e+00 4.528780811912285164e+06
2.408229434587413120e+00 4.510302551890319213e+06
2.408906375388391030e+00 4.492061687098608352e+06
2.409588898949702962e+00 4.472749953686759807e+06
2.410277099964261982e+00 4.452395261774885468e+06
2.410971075126913110e+00 4.431924209163329564e+06
2.411670923189077165e+00 4.411809418100530282e+06
2.412376745015181179e+00 4.391727523895625025e+06
2.413088643640942887e+00 4.371914181943747215e+06
2.413806724333584786e+00 4.352656273907303810e+06
2.414531094654035037e+00 4.333882589426339604e+06
2.415261864521221824e+00 4.316463153146059252e+06
2.415999146278517973e+00 4.301602621908502653e+06
2.416743054762431786e+00 4.289234246080550365e+06
2.417493707373635115e+00 4.278138668787851930e+06
2.418251224150412160e+00 4.266244956427952275e+06
2.419015727844645802e+00 4.252213042976912111e+06
2.419787344000412954e+00 4.236597373492526822e+06
2.420566201035332821e+00 4.219704389426538721e+06
2.421352430324743121e+00 4.203261427317588590e+06
2.422146166288846825e+00 4.187999063126150053e+06
2.422947546482955961e+00 4.174326269952138886e+06
2.423756711690915999e+00 4.162053068552504759e+06
2.424573806021919964e+00 4.151061940464631654e+06
2.425398977010770007e+00 4.141248967201661784e+06
2.426232375721813828e+00 4.132386090383258648e+06
2.427074156856639853e+00 4.123842922042998951e+06
2.427924478865747027e+00 4.115039860962978564e+06
2.428783504064334853e+00 4.105413377679246943e+06
2.429651398752390001e+00 4.094531143264119979e+06
2.430528333339275981e+00 4.082910937916365452e+06
2.431414482472999961e+00 4.070922691130713560e+06
2.432310025174388990e+00 4.059220480894295964e+06
2.433215144976367039e+00 4.048333087269205600e+06
2.434130030068585970e+00 4.038187124591275118e+06
2.435054873447640933e+00 4.028438938725473359e+06
2.435989873073112211e+00 4.018892965025082696e+06
2.436935232029723952e+00 4.009746764282045886e+06
2.437891158695884020e+00 4.000093236048200168e+06
2.438857866918902051e+00 3.987586881936950143e+06
2.439835576197202816e+00 3.973131576467004139e+06
2.440824511869855051e+00 3.957749014288471546e+06
2.441824905313768834e+00 3.944383513237879612e+06
2.442836994148921193e+00 3.936240433391303290e+06
2.443861022451995879e+00 3.931410325071269646e+06
2.444897240978839204e+00 3.920751794492881745e+06
2.445945907396168018e+00 3.904857743527686689e+06
2.447007286522973946e+00 3.884642722482379526e+06
2.448081650582095037e+00 3.870013391195300967e+06
2.449169279462489079e+00 3.869268685370414518e+06
2.450270460992690857e+00 3.876343090679159388e+06
2.451385491226071967e+00 3.885324010017184075e+06
2.452514674738452971e+00 3.880564162234704010e+06
2.453658324938734037e+00 3.863804990478716325e+06
2.454816764393187967e+00 3.841346424659175333e+06
2.455990325164131072e+00 3.825676263663041871e+06
2.457179349163726823e+00 3.825592314717176836e+06
2.458384188523710989e+00 3.834793908138704952e+06
2.459605205981878040e+00 3.840289130211937707e+06
2.460842775286228079e+00 3.832337979996003676e+06
2.462097281617725120e+00 3.815722307091249619e+06
2.463369122032661895e+00 3.799014463951880578e+06
2.464658705925720117e+00 3.791153232551661786e+06
2.465966455514843947e+00 3.790411550491199829e+06
2.467292806349151046e+00 3.787476173236362636e+06
2.468638207841160170e+00 3.777284588462707587e+06
2.470003123824708879e+00 3.763110029149587732e+06
2.471388033140017981e+00 3.752855174247748218e+06
2.472793430247457014e+00 3.750694144937520381e+06
2.474219825871661893e+00 3.750341585395241156e+06
2.475667747677786856e+00 3.748645196040840819e+06
2.477137740981754099e+00 3.744093225847781636e+06
2.478630369496530150e+00 3.739457466758104507e+06
2.480146216116573932e+00 3.736097831090670079e+06
2.481685883742748011e+00 3.736234676173271146e+06
2.483249996150162175e+00 3.737389570031279698e+06
2.484839198901565016e+00 3.737595636772002559e+06
2.486454160309103933e+00 3.735276944407935254e+06
2.488095572447480031e+00 3.730640761904544663e+06
2.489764152221698890e+00 3.724905393726130482e+06
2.491460642492925981e+00 3.719849511221342720e+06
2.493185813266126871e+00 3.716832758463640232e+06
2.494940462943509019e+00 3.718278358211722691e+06
2.496725419648059052e+00 3.723376987258622888e+06
2.498541542621770972e+00 3.725476690875880420e+06
2.500389723703564826e+00 3.693791507300922181e+06
2.502270888892201839e+00 3.717590130841658451e+06
2.504185999999999801e+00 3.595783121338854078e+06
2.506686272240000068e+00 1.360937610228948528e+06
2.509185400194342996e+00 1.015062732791357790e+06
2.511685432049628020e+00 9.300112036152190994e+05
2.514185862034377106e+00 8.785364620333441999e+05
2.516686822891286202e+00 8.439844128062991658e+05
2.519188447391237151e+00 8.170990496408991748e+05
2.521690868340343172e+00 7.960725784543015761e+05
2.524194218586997884e+00 7.789334015403630910e+05
2.526698631028931885e+00 7.642496849276827415e+05
2.529204238620263112e+00 7.512426250194198219e+05
2.531711174378556972e+00 7.394731874597264687e+05
2.534219571391893133e+00 7.286601085877171718e+05
2.536729562825919881e+00 7.188072753543823492e+05
2.539241281930935124e+00 7.100017108887872892e+05
2.541754862048951846e+00 7.023208931511096889e+05
2.544270436620784004e+00 6.956999216207579011e+05
2.546788139193123968e+00 6.897572341150890570e+05
2.549308103425635963e+00 6.843961515420770738e+05
2.551830463098052171e+00 6.794357115675794194e+05
2.554355352117271938e+00 6.748209252462802688e+05
2.556882904524475197e+00 6.706131735647312598e+05
2.559413254502231894e+00 6.668951634102958487e+05
2.561946536381633166e+00 6.636866743198429467e+05
2.564482884649415873e+00 6.608853152925573522e+05
2.567022433955107985e+00 6.583713791567924200e+05
2.569565319118169988e+00 6.560369924265012378e+05
2.572111675135159814e+00 6.538280005840890808e+05
2.574661637186895113e+00 6.517374148505859775e+05
2.577215340645627961e+00 6.497968315681074746e+05
2.579772921082239101e+00 6.480596918108301470e+05
2.582334514273424197e+00 6.465448382100600284e+05
2.584900256208912950e+00 6.453535646969693480e+05
2.587470283098678880e+00 6.447401606181195239e+05
2.590044731380180210e+00 6.446435322811931837e+05
2.592623737725591848e+00 6.451019060847854707e+05
2.595207439049072029e+00 6.461459060478481697e+05
2.597795972514021834e+00 6.473827673178275581e+05
2.600389475540374029e+00 6.484750919285855489e+05
2.602988085811882790e+00 6.492428156281674746e+05
2.605591941283436963e+00 6.496046809667132329e+05
2.608201180188382207e+00 6.494929265329893678e+05
2.610815941045857791e+00 6.490268102247535717e+05
2.613436362668155155e+00 6.481593084773062728e+05
2.616062584168080907e+00 6.470750711106930394e+05
2.618694744966347798e+00 6.459279970807406353e+05
2.621332984798972809e+00 6.447585956822570879e+05
2.623977443724696101e+00 6.438119401370646665e+05
2.626628262132416847e+00 6.433531914712005528e+05
2.629285580748646822e+00 6.433148645754395984e+05
2.631949540644979102e+00 6.433742742999240290e+05
2.634620283245579841e+00 6.438680241923860740e+05
2.637297950334696051e+00 6.445813692636690103e+05
2.639982684064178020e+00 6.455763297728085890e+05
2.642674626961032835e+00 6.468518730520625832e+05
2.645373921934985884e+00 6.483414627306920011e+05
2.648080712286070781e+00 6.499884770179513143e+05
2.650795141712234848e+00 6.515926491812759778e+05
2.653517354316965893e+00 6.531202905533931917e+05
2.656247494616946980e+00 6.545957162412466714e+05
2.658985707549727184e+00 6.557792400269685313e+05
2.661732138481413212e+00 6.565642617594192270e+05
2.664486933214386788e+00 6.569353701983166393e+05
2.667250237995050899e+00 6.570084650375903584e+05
2.670022199521588036e+00 6.570099611643315293e+05
2.672802964951749072e+00 6.570158113991863793e+05
2.675592681910663018e+00 6.570970725746350363e+05
2.678391498498684076e+00 6.575344280064159539e+05
2.681199563299240030e+00 6.586231325841606595e+05
2.684017025386733035e+00 6.604454592538817087e+05
2.686844034334443077e+00 6.628564137149080634e+05
2.689680740222477162e+00 6.655111915639112704e+05
2.692527293645730957e+00 6.679990288412545342e+05
2.695383845721885940e+00 6.700413498292864533e+05
2.698250548099431878e+00 6.715591507117318688e+05
2.701127552965718159e+00 6.725572617417850997e+05
2.704015013055027783e+00 6.730783429217999801e+05
2.706913081656697084e+00 6.732214811274138046e+05
2.709821912623239903e+00 6.732285027332672616e+05
2.712741660378526820e+00 6.732909237759377575e+05
2.715672479925975047e+00 6.736964166458105901e+05
2.718614526856781843e+00 6.744191317829928594e+05
2.721567957358185019e+00 6.755195789235250559e+05
2.724532928221749195e+00 6.769585982070473256e+05
2.727509596851695139e+00 6.785984755984401563e+05
2.730498121273253975e+00 6.802242822887616931e+05
2.733498660141056913e+00 6.817820284062152496e+05
2.736511372747556958e+00 6.832017890905027743e+05
2.739536419031483927e+00 6.844379468797188019e+05
2.742573959586342980e+00 6.855011249332762090e+05
2.745624155668926036e+00 6.864303730739019811e+05
2.748687169207889802e+00 6.872946519666331587e+05
2.751763162812336905e+00 6.881620979410581058e+05
2.754852299780457869e+00 6.890449713588639861e+05
2.757954744108197964e+00 6.899554594668032369e+05
2.761070660497961793e+00 6.908712655116355745e+05
2.764200214367356967e+00 6.917804966932237148e+05
2.767343571857979967e+00 6.926839021035456099e+05
2.770500899844229981e+00 6.935787820504248375e+05
2.773672365942172924e+00 6.944685266739439685e+05
2.776858138518437880e+00 6.953805694755699951e+05
2.780058386699156170e+00 6.963361216287070420e+05
2.783273280378936843e+00 6.973505584743664367e+05
2.786502990229891896e+00 6.984264695357764140e+05
2.789747687710689927e+00 6.995457648067120463e+05
2.793007545075664844e+00 7.006483167080875719e+05
2.796282735383956997e+00 7.016923903383846628e+05
2.799573432508700055e+00 7.026307492529514711e+05
2.802879811146253175e+00 7.034195271322199842e+05
2.806202046825475804e+00 7.040511374932740582e+05
2.809540315917045117e+00 7.045370800986343529e+05
2.812894795642816970e+00 7.048911705393642187e+05
2.816265664085241038e+00 7.051456299152580323e+05
2.819653100196806150e+00 7.053485319279805990e+05
2.823057283809546014e+00 7.055695218486869708e+05
2.826478395644585806e+00 7.058593685073630186e+05
2.829916617321734051e+00 7.062517653658294585e+05
2.833372131369126024e+00 7.067749265759544214e+05
2.836845121232914213e+00 7.074134331896958174e+05
2.840335771287004984e+00 7.081384750442494405e+05
2.843844266842848967e+00 7.089442722522788681e+05
2.847370794159277185e+00 7.097110941309237387e+05
2.850915540452390928e+00 7.104094396038455889e+05
2.854478693905499131e+00 7.110152305606930749e+05
2.858060443679108165e+00 7.115206324965278618e+05
2.861660979920965797e+00 7.119325230723915156e+05
2.865280493776154902e+00 7.122607961901460076e+05
2.868919177397240894e+00 7.125347439572833246e+05
2.872577223954472014e+00 7.127876705073458143e+05
2.876254827646036016e+00 7.130566552184473258e+05
2.879952183708367919e+00 7.133652612118533580e+05
2.883669488426515937e+00 7.137186726794802817e+05
2.887406939144562923e+00 7.141128714058668120e+05
2.891164734276097992e+00 7.145395784246926196e+05
2.894943073314757864e+00 7.149716082070078701e+05
2.898742156844809958e+00 7.153837501956950873e+05
2.902562186551803869e+00 7.157445627146464540e+05
2.906403365233281910e+00 7.160382410770548740e+05
2.910265896809538955e+00 7.162502189060352976e+05
2.914149986334454212e+00 7.163572700677866815e+05
2.918055840006370083e+00 7.163531124357737135e+05
2.921983665179046952e+00 7.162465506112044677e+05
2.925933670372665052e+00 7.160574886914377566e+05
2.929906065284895167e+00 7.158115667982270243e+05
2.933901060802035943e+00 7.155324091484331293e+05
2.937918869010203160e+00 7.152367129460803699e+05
2.941959703206591836e+00 7.149330811820181552e+05
2.946023777910800945e+00 7.146257366664198926e+05
2.950111308876217198e+00 7.143143631767593324e+05
2.954222513101475212e+00 7.139918339114866685e+05
2.958357608841973185e+00 7.136673184859345201e+05
2.962516815621460076e+00 7.133449065952551318e+05
2.966700354243692939e+00 7.130302859888420207e+05
2.970908446804152891e+00 7.127369962027643342e+05
2.975141316701842786e+00 7.124820016091354191e+05
2.979399188651142172e+00 7.122812459353120066e+05
2.983682288693735973e+00 7.121490867062973557e+05
2.987990844210619112e+00 7.121177458396623842e+05
2.992325083934165963e+00 7.121430127335484140e+05
2.996685237960270864e+00 7.123054651205054251e+05
3.001071537760568120e+00 7.125713159516088199e+05
3.005484216194715064e+00 7.129531401563016698e+05
3.009923507522755060e+00 7.134360412133085774e+05
3.014389647417559992e+00 7.140049834983941400e+05
3.018882872977334042e+00 7.146367606028734008e+05
3.023403422738204949e+00 7.153022145574848400e+05
3.027951536686884104e+00 7.159806886554111261e+05
3.032527456273411914e+00 7.166497430583881214e+05
3.037131424423971993e+00 7.172866903881625040e+05
3.041763685553787955e+00 7.178713157292209798e+05
3.046424485580100150e+00 7.183855975238322280e+05
3.051114071935220995e+00 7.188070744836671511e+05
3.055832693579668025e+00 7.191341044275609311e+05
3.060580601015386204e+00 7.193968710028490750e+05
3.065358046299039962e+00 7.195599270749276038e+05
3.070165283055398930e+00 7.196342872864537640e+05
3.075002566490800060e+00 7.196359519461018499e+05
3.079870153406698119e+00 7.195851423098077066e+05
3.084768302213296121e+00 7.195042701949414331e+05
3.089697272943265016e+00 7.194155961384394905e+05
3.094657327265550872e+00 7.193314765797732398e+05
3.099648728499261097e+00 7.192572380136196734e+05
3.104671741627647918e+00 7.191978661537969019e+05
3.109726633312174027e+00 7.191528747607202968e+05
3.114813671906667025e+00 7.191098501147347270e+05
3.119933127471572032e+00 7.190544736518716672e+05
3.125085271788282881e+00 7.189855953996212920e+05
3.130270378373570139e+00 7.188932638354606461e+05
3.135488722494105041e+00 7.187680577891276916e+05
3.140740581181074020e+00 7.186033347583931172e+05
3.146026233244878068e+00 7.183941632723062066e+05
3.151345959289943988e+00 7.181422185659933602e+05
3.156700041729612050e+00 7.178510972322599264e+05
3.162088764801136875e+00 7.175191878921802854e+05
3.167512414580770042e+00 7.171614673407957889e+05
3.172971278998954148e+00 7.167830409543508431e+05
3.178465647855599041e+00 7.163943050937466323e+05
3.183995812835480166e+00 7.160059227670477703e+05
3.189562067523707078e+00 7.156262926070640096e+05
3.195164707421323858e+00 7.152608121031566989e+05
3.200804029960989894e+00 7.149081590066443896e+05
3.206480334522769038e+00 7.145619727529163938e+05
3.212193922450023997e+00 7.142080643339951057e+05
3.217945097065419091e+00 7.138307282123531913e+05
3.223734163687014931e+00 7.134125232351995073e+05
3.229561429644483006e+00 7.129367066182609415e+05
3.235427204295417969e+00 7.123886807504072785e+05
3.241331799041761830e+00 7.117551796565918485e+05
3.247275527346336954e+00 7.110227066465077223e+05
3.253258704749486974e+00 7.101775912971141515e+05
3.259281648885825167e+00 7.092090056227080058e+05
3.265344679501097858e+00 7.081089055489191087e+05
3.271448118469165056e+00 7.068733065937890206e+05
3.277592289809078796e+00 7.055008475566800917e+05
3.283777519702292036e+00 7.039952956125236815e+05
3.290004136509967925e+00 7.023627360984210391e+05
3.296272470790424070e+00 7.006135392622223590e+05
3.302582855316663846e+00 6.987612668552106479e+05
3.308935625094056920e+00 6.968223825731762918e+05
3.315331117378120140e+00 6.948071652080443455e+05
3.321769671692416992e+00 6.927259583792479243e+05
3.328251629846588067e+00 6.905878374657231616e+05
3.334777335954492994e+00 6.884017432604028145e+05
3.341347136452482935e+00 6.861807837991835549e+05
3.347961380117788988e+00 6.839369595165521605e+05
3.354620418087037148e+00 6.816825866860175738e+05
3.361324603874892070e+00 6.794296117493910715e+05
3.368074293392825158e+00 6.771894661100659287e+05
3.374869844968003907e+00 6.749718030263280962e+05
3.381711619362322896e+00 6.727840802437935490e+05
3.388599979791548034e+00 6.706306189908202505e+05
3.395535291944602019e+00 6.685136714665275067e+05
3.402517924002982141e+00 6.664344942800635472e+05
3.409548246660297988e+00 6.643945327071751235e+05
3.416626633141956138e+00 6.623964186059846543e+05
3.423753459224974094e+00 6.604443495075586252e+05
3.430929103257929214e+00 6.585440643129158998e+05
3.438153946181040865e+00 6.567029259470513789e+05
3.445428371546400026e+00 6.549039217611138010e+05
3.452752765538324109e+00 6.531840754510087427e+05
3.460127516993865893e+00 6.515523388004598673e+05
3.467553017423450790e+00 6.500169333672323264e+05
3.475029661031661998e+00 6.485884343315236038e+05
3.482557844738172204e+00 6.472754629415599629e+05
3.490137968198809837e+00 6.460860406217203708e+05
3.497770433826778103e+00 6.450280274800597690e+05
3.505455646814020998e+00 6.441055942003064556e+05
3.513194015152727001e+00 6.433344344953258988e+05
3.520985949657001068e+00 6.427139962140817661e+05
3.528831863984656092e+00 6.422585977691467851e+05
3.536732174659189987e+00 6.419647754970535170e+05
3.544687301091889786e+00 6.418534062584185740e+05
3.552697665604096944e+00 6.419299086029918399e+05
3.560763693449632061e+00 6.421794419821212068e+05
3.568885812837363947e+00 6.425783859050802421e+05
3.577064454953949202e+00 6.430994964303057641e+05
3.585300053986720137e+00 6.437099349661869928e+05
3.593593047146733888e+00 6.443803686164831743e+05
3.601943874691984071e+00 6.450879948614705354e+05
3.610352979950774088e+00 6.458128845864050090e+05
3.618820809345249856e+00 6.465378089611226460e+05
3.627347812415103956e+00 6.472498093913363991e+05
3.635934441841436104e+00 6.479383262309890706e+05
3.644581153470785928e+00 6.485965712256374536e+05
3.653288406339337158e+00 6.492202133875777945e+05
3.662056662697279918e+00 6.498068081798201893e+05
3.670886388033356873e+00 6.503564005994719919e+05
3.679778051099574121e+00 6.508721428651890019e+05
3.688732123936079965e+00 6.513601956619980047e+05
3.697749081896232859e+00 6.518276880181900924e+05
3.706829403671834999e+00 6.522827461204697611e+05
3.715973571318539115e+00 6.527342651800299063e+05
3.725182070281447100e+00 6.531900167218182469e+05
3.734455389420876958e+00 6.536558962552838493e+05
3.743794021038318931e+00 6.541354423973486992e+05
3.753198460902568812e+00 6.546294858338540653e+05
3.762669208276042010e+00 6.551370399185460992e+05
3.772206765941291895e+00 6.556544395403380040e+05
3.781811640227687121e+00 6.561753053976551164e+05
3.791484341038296790e+00 6.566915727955494076e+05
3.801225381876968790e+00 6.571959601241404889e+05
3.811035279875572890e+00 6.576812446742632892e+05
3.820914555821472991e+00 6.581409494770660531e+05
3.830863734185157021e+00 6.585703229642577935e+05
3.840883343148099094e+00 6.589665994945305865e+05
3.850973914630781092e+00 6.593297276756737847e+05
3.861135984320942072e+00 6.596616727290474810e+05
3.871370091702015959e+00 6.599660767996881623e+05
3.881676780081768197e+00 6.602480334403763991e+05
3.892056596621141118e+00 6.605134579633341637e+05
3.902510092363300043e+00 6.607691732012551511e+05
3.913037822262888987e+00 6.610209389045778662e+05
3.923640345215491987e+00 6.612728649975240696e+05
3.934318224087299143e+00 6.615271591966932174e+05
3.945072025744997823e+00 6.617842046700752107e+05
3.955902321085853934e+00 6.620427520354778972e+05
3.966809685068031222e+00 6.623014428612079937e+05
3.977794696741105085e+00 6.625579898714302108e+05
3.988857939276812203e+00 6.627964530665746424e+05
4.000000000000000000e+00 6.629394328879045788e+05
