4.415619944970842917e+05 4.415619944970842917e+05
4.384444978470475180e+05 4.384444978470475180e+05
4.352127986266554799e+05 4.352127986266554799e+05
4.316227501306359190e+05 4.316227501306359190e+05
4.300307768383041257e+05 4.300307768383041257e+05
4.276116927452873788e+05 4.276116927452873788e+05
4.258889712392321089e+05 4.258889712392321089e+05
4.236998441625909181e+05 4.236998441625909181e+05
4.223461351773639908e+05 4.223461351773639908e+05
4.204287177206815104e+05 4.204287177206815104e+05
4.186897178621261264e+05 4.186897178621261264e+05
4.161798381373084849e+05 4.161798381373084849e+05
4.163726234496064135e+05 4.163726234496064135e+05
4.151537967441310757e+05 4.151537967441310757e+05
4.118458034326237976e+05 4.118458034326237976e+05
4.124015461748419912e+05 4.124015461748419912e+05
4.110639704369627871e+05 4.110639704369627871e+05
4.103415182956670178e+05 4.103415182956670178e+05
4.100926918129344122e+05 4.100926918129344122e+05
4.092303007958608214e+05 4.092303007958608214e+05
4.083907116484849830e+05 4.083907116484849830e+05
4.070792975178253255e+05 4.070792975178253255e+05
4.068955252787438803e+05 4.068955252787438803e+05
4.063335947832703241e+05 4.063335947832703241e+05
4.057464643465387053e+05 4.057464643465387053e+05
4.051770436612790218e+05 4.051770436612790218e+05
4.043665128165978822e+05 4.043665128165978822e+05
4.034105524976956076e+05 4.034105524976956076e+05
4.031541687975014793e+05 4.031541687975014793e+05
4.032741070613369229e+05 4.032741070613369229e+05
4.025743190497215255e+05 4.025743190497215255e+05
4.021923425083148177e+05 4.021923425083148177e+05
4.003699763183863251e+05 4.003699763183863251e+05
4.012204795609943103e+05 4.012204795609943103e+05
3.991973734194408753e+05 3.991973734194408753e+05
4.003729967779311119e+05 4.003729967779311119e+05
4.000509703952760901e+05 4.000509703952760901e+05
3.997019611460295855e+05 3.997019611460295855e+05
3.990188423014464788e+05 3.990188423014464788e+05
3.996023302431835909e+05 3.996023302431835909e+05
3.974654758373178192e+05 3.974654758373178192e+05
3.986560037288218155e+05 3.986560037288218155e+05
3.980051536598075181e+05 3.980051536598075181e+05
3.980627417456940748e+05 3.980627417456940748e+05
3.977336650834633037e+05 3.977336650834633037e+05
3.973888774225165253e+05 3.973888774225165253e+05
3.966650881389413262e+05 3.966650881389413262e+05
3.970653859119184199e+05 3.970653859119184199e+05
3.967262271129898145e+05 3.967262271129898145e+05
3.966380501545002917e+05 3.966380501545002917e+05
3.966157504452090943e+05 3.966157504452090943e+05
3.961166495890233782e+05 3.961166495890233782e+05
3.957684044446484768e+05 3.957684044446484768e+05
3.957106137644472183e+05 3.957106137644472183e+05
3.954808556647020159e+05 3.954808556647020159e+05
3.952416511079159100e+05 3.952416511079159100e+05
3.953082716356501915e+05 3.953082716356501915e+05
3.950298196291556815e+05 3.950298196291556815e+05
3.942490587659120793e+05 3.942490587659120793e+05
3.942710413375218050e+05 3.942710413375218050e+05
3.946862539699951885e+05 3.946862539699951885e+05
3.938946157272399287e+05 3.938946157272399287e+05
3.938756878158735926e+05 3.938756878158735926e+05
3.941630542608111282e+05 3.941630542608111282e+05
3.939554148809362086e+05 3.939554148809362086e+05
3.938485092555012088e+05 3.938485092555012088e+05
3.936896513648345135e+05 3.936896513648345135e+05
3.936106044503306039e+05 3.936106044503306039e+05
3.926593237005347037e+05 3.926593237005347037e+05
3.933086117167944903e+05 3.933086117167944903e+05
3.926076730575126130e+05 3.926076730575126130e+05
3.929864310689658159e+05 3.929864310689658159e+05
3.925172593160223914e+05 3.925172593160223914e+05
3.927508249922798132e+05 3.927508249922798132e+05
3.930775167371740099e+05 3.930775167371740099e+05
3.905925469573782757e+05 3.905925469573782757e+05
3.925085142874845187e+05 3.925085142874845187e+05
3.932437869880599901e+05 3.932437869880599901e+05
3.899134500328449067e+05 3.899134500328449067e+05
3.926957898107246147e+05 3.926957898107246147e+05
3.904187347058670712e+05 3.904187347058670712e+05
3.919393593014798826e+05 3.919393593014798826e+05
3.908690173399486230e+05 3.908690173399486230e+05
3.919986988540429738e+05 3.919986988540429738e+05
3.918346426832891884e+05 3.918346426832891884e+05
3.914986068330119015e+05 3.914986068330119015e+05
3.913201198314164067e+05 3.913201198314164067e+05
3.914528460251144716e+05 3.914528460251144716e+05
3.893446414584310842e+05 3.893446414584310842e+05
3.882352924136425136e+05 3.882352924136425136e+05
3.916014258543598116e+05 3.916014258543598116e+05
3.915798750276024221e+05 3.915798750276024221e+05
3.884793517789745238e+05 3.884793517789745238e+05
3.914976668903186219e+05 3.914976668903186219e+05
3.912529513919680030e+05 3.912529513919680030e+05
3.917949844415052212e+05 3.917949844415052212e+05
3.885794311313970829e+05 3.885794311313970829e+05
3.886315179008361883e+05 3.886315179008361883e+05
3.907006166962449206e+05 3.907006166962449206e+05
3.880880217977648135e+05 3.880880217977648135e+05
3.908076547367454041e+05 3.908076547367454041e+05
3.906293228087322786e+05 3.906293228087322786e+05
3.893208897396955872e+05 3.893208897396955872e+05
3.902509637592884246e+05 3.902509637592884246e+05
3.882270826969671180e+05 3.882270826969671180e+05
3.903778364063329063e+05 3.903778364063329063e+05
3.908253583750710241e+05 3.908253583750710241e+05
3.902407499614154804e+05 3.902407499614154804e+05
3.905243028169766185e+05 3.905243028169766185e+05
3.908191827086185804e+05 3.908191827086185804e+05
3.882658976778577780e+05 3.882658976778577780e+05
3.882203789230510010e+05 3.882203789230510010e+05
3.897803018414847902e+05 3.897803018414847902e+05
3.889623406359179062e+05 3.889623406359179062e+05
3.899578991782207158e+05 3.899578991782207158e+05
3.896461266786315828e+05 3.896461266786315828e+05
3.897478140682214289e+05 3.897478140682214289e+05
3.889909189439801848e+05 3.889909189439801848e+05
3.899125653352381196e+05 3.899125653352381196e+05
3.883738821609509178e+05 3.883738821609509178e+05
3.873227336995293736e+05 3.873227336995293736e+05
3.896046200120468275e+05 3.896046200120468275e+05
3.873642307089073001e+05 3.873642307089073001e+05
3.900635283546689898e+05 3.900635283546689898e+05
3.879101018557447824e+05 3.879101018557447824e+05
3.894497617766041076e+05 3.894497617766041076e+05
3.901037839242990012e+05 3.901037839242990012e+05
3.899560678917330224e+05 3.899560678917330224e+05
3.875106236079920782e+05 3.875106236079920782e+05
3.880918612707406282e+05 3.880918612707406282e+05
3.874360377681512036e+05 3.874360377681512036e+05
3.899214456838591141e+05 3.899214456838591141e+05
3.894219568237243802e+05 3.894219568237243802e+05
3.875506140248285956e+05 3.875506140248285956e+05
3.873434984310818836e+05 3.873434984310818836e+05
3.894994565591340070e+05 3.894994565591340070e+05
3.896603439331686823e+05 3.896603439331686823e+05
3.885260681539538782e+05 3.885260681539538782e+05
3.889471470834502252e+05 3.889471470834502252e+05
3.884446182610478718e+05 3.884446182610478718e+05
3.872087320885204826e+05 3.872087320885204826e+05
3.887512437204347807e+05 3.887512437204347807e+05
3.885795583130567102e+05 3.885795583130567102e+05
3.891844644370041788e+05 3.891844644370041788e+05
3.878397080050376244e+05 3.878397080050376244e+05
3.886141517414409900e+05 3.886141517414409900e+05
3.896939320986664970e+05 3.896939320986664970e+05
3.879058097020125715e+05 3.879058097020125715e+05
3.885054316509520286e+05 3.885054316509520286e+05
3.859631205522285891e+05 3.859631205522285891e+05
3.884174285281769116e+05 3.884174285281769116e+05
3.869389337411854067e+05 3.869389337411854067e+05
3.861383651098393020e+05 3.861383651098393020e+05
3.879745147530329996e+05 3.879745147530329996e+05
3.888730927666687057e+05 3.888730927666687057e+05
3.880941743003012962e+05 3.880941743003012962e+05
3.890408202997987974e+05 3.890408202997987974e+05
3.872140343895647093e+05 3.872140343895647093e+05
3.897806564859342179e+05 3.897806564859342179e+05
3.892721504490050138e+05 3.892721504490050138e+05
3.869878579250833136e+05 3.869878579250833136e+05
3.866850957357921870e+05 3.866850957357921870e+05
3.889108834674088284e+05 3.889108834674088284e+05
3.873655891720937216e+05 3.873655891720937216e+05
3.870402740910602733e+05 3.870402740910602733e+05
3.882884610165333143e+05 3.882884610165333143e+05
3.874942518139032763e+05 3.874942518139032763e+05
3.878773945643092156e+05 3.878773945643092156e+05
3.866031877612203825e+05 3.866031877612203825e+05
3.873604384378088871e+05 3.873604384378088871e+05
3.874234601146106143e+05 3.874234601146106143e+05
3.877314664109789883e+05 3.877314664109789883e+05
3.868078733862356748e+05 3.868078733862356748e+05
3.858036801345422282e+05 3.858036801345422282e+05
3.893576020332407206e+05 3.893576020332407206e+05
3.899952832866152166e+05 3.899952832866152166e+05
3.892496355096996995e+05 3.892496355096996995e+05
3.892091724505518796e+05 3.892091724505518796e+05
3.918708920394044253e+05 3.918708920394044253e+05
3.899549247441922780e+05 3.899549247441922780e+05
3.900810085973517853e+05 3.900810085973517853e+05
3.915866893225376261e+05 3.915866893225376261e+05
3.909956583649772801e+05 3.909956583649772801e+05
3.914247333848212147e+05 3.914247333848212147e+05
3.883161268293741741e+05 3.883161268293741741e+05
3.899088725283201202e+05 3.899088725283201202e+05
3.875082863920276868e+05 3.875082863920276868e+05
3.866556469808911206e+05 3.866556469808911206e+05
3.879981254148986191e+05 3.879981254148986191e+05
3.863120713732042932e+05 3.863120713732042932e+05
3.871352209551212145e+05 3.871352209551212145e+05
3.837317219805769273e+05 3.837317219805769273e+05
3.853213129362359177e+05 3.853213129362359177e+05
3.844043028196021914e+05 3.844043028196021914e+05
3.849121498438874842e+05 3.849121498438874842e+05
3.827113136199261062e+05 3.827113136199261062e+05
3.841774989918075153e+05 3.841774989918075153e+05
3.841749296657739906e+05 3.841749296657739906e+05
3.837967953355059144e+05 3.837967953355059144e+05
3.841770272241440252e+05 3.841770272241440252e+05
3.838789324455856113e+05 3.838789324455856113e+05
3.838976717199397972e+05 3.838976717199397972e+05
3.841339138988322229e+05 3.841339138988322229e+05
3.820690348273622221e+05 3.820690348273622221e+05
3.847232509133964195e+05 3.847232509133964195e+05
3.825818562105171732e+05 3.825818562105171732e+05
3.849735441173167783e+05 3.849735441173167783e+05
3.858696310769940028e+05 3.858696310769940028e+05
3.846875347193317139e+05 3.846875347193317139e+05
3.868774521545915050e+05 3.868774521545915050e+05
3.880411626244666986e+05 3.880411626244666986e+05
3.866369096664991812e+05 3.866369096664991812e+05
3.892644184915170772e+05 3.892644184915170772e+05
3.890815533117934247e+05 3.890815533117934247e+05
3.909372231719854171e+05 3.909372231719854171e+05
3.913483639459462138e+05 3.913483639459462138e+05
3.917587478649967234e+05 3.917587478649967234e+05
3.907945189333542949e+05 3.907945189333542949e+05
3.918095153176147724e+05 3.918095153176147724e+05
3.927104101137985126e+05 3.927104101137985126e+05
3.930295186359183863e+05 3.930295186359183863e+05
3.915772064352866146e+05 3.915772064352866146e+05
3.931377024570102803e+05 3.931377024570102803e+05
3.916242333059089724e+05 3.916242333059089724e+05
3.932676602383853751e+05 3.932676602383853751e+05
3.917042079313505092e+05 3.917042079313505092e+05
3.933571316339980112e+05 3.933571316339980112e+05
3.904203825119843241e+05 3.904203825119843241e+05
3.916878071457290789e+05 3.916878071457290789e+05
3.914781128482657950e+05 3.914781128482657950e+05
3.917770505900189746e+05 3.917770505900189746e+05
3.914497297790318844e+05 3.914497297790318844e+05
3.896474240413896041e+05 3.896474240413896041e+05
3.897178606573474826e+05 3.897178606573474826e+05
3.898530569484587177e+05 3.898530569484587177e+05
3.879536684576274129e+05 3.879536684576274129e+05
3.866289469018019736e+05 3.866289469018019736e+05
3.881975167223099270e+05 3.881975167223099270e+05
3.878058747271386092e+05 3.878058747271386092e+05
3.882329096934493282e+05 3.882329096934493282e+05
3.877912164579071105e+05 3.877912164579071105e+05
3.873541163258068846e+05 3.873541163258068846e+05
3.850239614184881793e+05 3.850239614184881793e+05
3.863629130784709123e+05 3.863629130784709123e+05
3.858213085994328139e+05 3.858213085994328139e+05
3.840018723526580725e+05 3.840018723526580725e+05
3.854990189112558146e+05 3.854990189112558146e+05
3.844304698473669123e+05 3.844304698473669123e+05
3.852205638939539203e+05 3.852205638939539203e+05
3.829874124530461268e+05 3.829874124530461268e+05
3.844343123723231838e+05 3.844343123723231838e+05
3.843251143193516182e+05 3.843251143193516182e+05
3.837646706024694722e+05 3.837646706024694722e+05
3.843098991123319720e+05 3.843098991123319720e+05
3.841572459947253810e+05 3.841572459947253810e+05
3.843205522566491854e+05 3.843205522566491854e+05
3.846702299911655136e+05 3.846702299911655136e+05
3.837557505458890810e+05 3.837557505458890810e+05
3.845592941079444136e+05 3.845592941079444136e+05
3.830240653297944809e+05 3.830240653297944809e+05
3.818350540425099898e+05 3.818350540425099898e+05
3.842755398427246837e+05 3.842755398427246837e+05
3.825921704189563752e+05 3.825921704189563752e+05
3.851995388257186860e+05 3.851995388257186860e+05
3.827018427523712744e+05 3.827018427523712744e+05
3.846094211067617289e+05 3.846094211067617289e+05
3.827866796771014924e+05 3.827866796771014924e+05
3.846390497027360252e+05 3.846390497027360252e+05
3.826804242866705172e+05 3.826804242866705172e+05
3.822473277772311121e+05 3.822473277772311121e+05
3.845671438555730856e+05 3.845671438555730856e+05
3.832512590747029171e+05 3.832512590747029171e+05
3.829416495491256937e+05 3.829416495491256937e+05
3.848390405125010875e+05 3.848390405125010875e+05
3.822866986369426013e+05 3.822866986369426013e+05
3.844537419646367198e+05 3.844537419646367198e+05
3.847962640197575092e+05 3.847962640197575092e+05
3.830536694030598737e+05 3.830536694030598737e+05
3.845953445863408851e+05 3.845953445863408851e+05
3.843478899742048234e+05 3.843478899742048234e+05
3.810434114490199136e+05 3.810434114490199136e+05
3.813001493692875956e+05 3.813001493692875956e+05
3.839201417056841892e+05 3.839201417056841892e+05
3.811770184604590759e+05 3.811770184604590759e+05
3.831279996675811126e+05 3.831279996675811126e+05
3.814104135138256825e+05 3.814104135138256825e+05
3.812441504011349753e+05 3.812441504011349753e+05
3.827904482281350065e+05 3.827904482281350065e+05
3.818115636297272285e+05 3.818115636297272285e+05
3.826488280903507839e+05 3.826488280903507839e+05
3.828030557892929064e+05 3.828030557892929064e+05
3.815250089247645228e+05 3.815250089247645228e+05
3.826715687335004914e+05 3.826715687335004914e+05
3.798528110809560749e+05 3.798528110809560749e+05
3.791823504939273116e+05 3.791823504939273116e+05
3.814084850815291866e+05 3.814084850815291866e+05
3.799967733226217097e+05 3.799967733226217097e+05
3.817436688363600988e+05 3.817436688363600988e+05
3.794256611904802267e+05 3.794256611904802267e+05
3.807320401786866714e+05 3.807320401786866714e+05
3.785475978988836287e+05 3.785475978988836287e+05
3.785329516499997117e+05 3.785329516499997117e+05
3.804156573570788023e+05 3.804156573570788023e+05
3.774631811401335290e+05 3.774631811401335290e+05
3.794736827180957189e+05 3.794736827180957189e+05
3.798002137374607846e+05 3.798002137374607846e+05
3.803372946804424282e+05 3.803372946804424282e+05
3.774718177304972196e+05 3.774718177304972196e+05
3.791946809843332740e+05 3.791946809843332740e+05
3.788753392084838124e+05 3.788753392084838124e+05
3.790907326083614025e+05 3.790907326083614025e+05
3.781704012360324850e+05 3.781704012360324850e+05
3.789583095694222138e+05 3.789583095694222138e+05
3.784125505563390907e+05 3.784125505563390907e+05
3.786032172004454769e+05 3.786032172004454769e+05
3.765022685898456257e+05 3.765022685898456257e+05
3.779510451457651798e+05 3.779510451457651798e+05
3.771679842350393883e+05 3.771679842350393883e+05
3.761435921531693893e+05 3.761435921531693893e+05
3.753711309637341183e+05 3.753711309637341183e+05
3.774777179450414842e+05 3.774777179450414842e+05
3.754165193679230288e+05 3.754165193679230288e+05
3.775800562043227255e+05 3.775800562043227255e+05
3.761006138461902156e+05 3.761006138461902156e+05
3.777373915710772853e+05 3.777373915710772853e+05
3.772489001545385108e+05 3.772489001545385108e+05
3.766962829595545190e+05 3.766962829595545190e+05
3.759260479089362198e+05 3.759260479089362198e+05
3.775316288799311733e+05 3.775316288799311733e+05
3.754704343159553828e+05 3.754704343159553828e+05
3.746130710122131277e+05 3.746130710122131277e+05
3.767835930641315063e+05 3.767835930641315063e+05
3.771037201272415114e+05 3.771037201272415114e+05
3.770495688606274780e+05 3.770495688606274780e+05
3.746729069412032841e+05 3.746729069412032841e+05
3.747686661834124825e+05 3.747686661834124825e+05
3.766224980236741249e+05 3.766224980236741249e+05
3.748221013124635210e+05 3.748221013124635210e+05
3.767790502280013170e+05 3.767790502280013170e+05
3.746518190379592124e+05 3.746518190379592124e+05
3.742557021776604815e+05 3.742557021776604815e+05
3.763487138799150125e+05 3.763487138799150125e+05
3.763859798797497060e+05 3.763859798797497060e+05
3.752771067710983916e+05 3.752771067710983916e+05
3.768439709049455123e+05 3.768439709049455123e+05
3.765682995279442985e+05 3.765682995279442985e+05
3.738083076343131252e+05 3.738083076343131252e+05
3.758679377202399774e+05 3.758679377202399774e+05
3.769133878162137116e+05 3.769133878162137116e+05
3.741885260145778884e+05 3.741885260145778884e+05
3.759274115878830198e+05 3.759274115878830198e+05
3.756691863595385221e+05 3.756691863595385221e+05
3.762607663706035819e+05 3.762607663706035819e+05
3.767883215448894771e+05 3.767883215448894771e+05
3.746118175704758032e+05 3.746118175704758032e+05
3.737688701628813287e+05 3.737688701628813287e+05
3.752368858431049739e+05 3.752368858431049739e+05
3.765788743039516266e+05 3.765788743039516266e+05
3.740170911625046865e+05 3.740170911625046865e+05
3.752578389898700989e+05 3.752578389898700989e+05
3.761513799496861757e+05 3.761513799496861757e+05
3.748018705744260806e+05 3.748018705744260806e+05
3.751016324178610230e+05 3.751016324178610230e+05
3.752000133021475049e+05 3.752000133021475049e+05
3.736796240269176196e+05 3.736796240269176196e+05
3.729519968223163160e+05 3.729519968223163160e+05
3.750460174850433250e+05 3.750460174850433250e+05
3.721686354167630197e+05 3.721686354167630197e+05
3.748327140173722873e+05 3.748327140173722873e+05
3.755644430128713138e+05 3.755644430128713138e+05
3.742021338169918163e+05 3.742021338169918163e+05
3.745502924487073906e+05 3.745502924487073906e+05
3.746710796421120176e+05 3.746710796421120176e+05
3.739546347938962863e+05 3.739546347938962863e+05
3.748309866394976270e+05 3.748309866394976270e+05
3.730996211781625752e+05 3.730996211781625752e+05
3.735589446595556801e+05 3.735589446595556801e+05
3.722545515277212835e+05 3.722545515277212835e+05
3.741382969279044773e+05 3.741382969279044773e+05
3.720571745715307188e+05 3.720571745715307188e+05
3.717400698869507178e+05 3.717400698869507178e+05
3.733801424400330870e+05 3.733801424400330870e+05
3.735355151716378168e+05 3.735355151716378168e+05
3.731511154097925755e+05 3.731511154097925755e+05
3.737622290353475837e+05 3.737622290353475837e+05
3.723627108585595270e+05 3.723627108585595270e+05
3.717484247964482056e+05 3.717484247964482056e+05
3.728123380767364870e+05 3.728123380767364870e+05
3.735492914576100884e+05 3.735492914576100884e+05
3.706906158298659138e+05 3.706906158298659138e+05
3.724000918420833186e+05 3.724000918420833186e+05
3.706663659279985004e+05 3.706663659279985004e+05
3.724121585194899817e+05 3.724121585194899817e+05
3.730451403601940256e+05 3.730451403601940256e+05
3.707069572162032127e+05 3.707069572162032127e+05
3.725758750803191215e+05 3.725758750803191215e+05
3.707041972414721968e+05 3.707041972414721968e+05
3.716618494388266117e+05 3.716618494388266117e+05
3.699530995806066785e+05 3.699530995806066785e+05
3.715303141766043846e+05 3.715303141766043846e+05
3.719988737259373884e+05 3.719988737259373884e+05
3.700792877065152861e+05 3.700792877065152861e+05
3.717738480924568721e+05 3.717738480924568721e+05
3.693538495359661756e+05 3.693538495359661756e+05
3.708523827265970758e+05 3.708523827265970758e+05
3.712788602846622234e+05 3.712788602846622234e+05
3.700765657986472943e+05 3.700765657986472943e+05
3.710291313492907211e+05 3.710291313492907211e+05
3.696929095109148766e+05 3.696929095109148766e+05
3.702655728730749106e+05 3.702655728730749106e+05
3.703213353112562909e+05 3.703213353112562909e+05
3.689838553920533741e+05 3.689838553920533741e+05
3.682106213740016101e+05 3.682106213740016101e+05
3.675844401495936909e+05 3.675844401495936909e+05
3.693336645175705780e+05 3.693336645175705780e+05
3.699956995164382970e+05 3.699956995164382970e+05
3.702918373894813121e+05 3.702918373894813121e+05
3.699238968912541750e+05 3.699238968912541750e+05
3.674663077472706209e+05 3.674663077472706209e+05
3.692981780426778132e+05 3.692981780426778132e+05
3.699006246393675101e+05 3.699006246393675101e+05
3.683312655881093233e+05 3.683312655881093233e+05
3.672125399804214831e+05 3.672125399804214831e+05
3.687843578606750816e+05 3.687843578606750816e+05
3.675755206888688263e+05 3.675755206888688263e+05
3.669672974584834883e+05 3.669672974584834883e+05
3.665964764445323963e+05 3.665964764445323963e+05
3.682554925895775086e+05 3.682554925895775086e+05
3.673181745891830069e+05 3.673181745891830069e+05
3.665790217290897854e+05 3.665790217290897854e+05
3.684183004697054275e+05 3.684183004697054275e+05
3.668125830833414220e+05 3.668125830833414220e+05
3.690113948715855950e+05 3.690113948715855950e+05
3.687468504936600220e+05 3.687468504936600220e+05
3.674145610789681086e+05 3.674145610789681086e+05
3.680496128517750185e+05 3.680496128517750185e+05
3.687524638176077278e+05 3.687524638176077278e+05
3.669536926416382776e+05 3.669536926416382776e+05
3.679188757392914267e+05 3.679188757392914267e+05
3.679156554838973098e+05 3.679156554838973098e+05
3.657989636164446129e+05 3.657989636164446129e+05
3.647679980207661865e+05 3.647679980207661865e+05
3.668308757441618945e+05 3.668308757441618945e+05
3.650224216205276898e+05 3.650224216205276898e+05
3.665259591021717060e+05 3.665259591021717060e+05
3.667838843793583801e+05 3.667838843793583801e+05
3.672229963218473131e+05 3.672229963218473131e+05
3.653102671161143226e+05 3.653102671161143226e+05
3.669013457503148820e+05 3.669013457503148820e+05
3.652156116911211284e+05 3.652156116911211284e+05
3.649982264640699141e+05 3.649982264640699141e+05
3.643669757344456739e+05 3.643669757344456739e+05
3.660665510493104812e+05 3.660665510493104812e+05
3.648169013286168920e+05 3.648169013286168920e+05
3.657637910328094731e+05 3.657637910328094731e+05
3.644503929287550272e+05 3.644503929287550272e+05
3.659428646713806083e+05 3.659428646713806083e+05
3.640765873329092865e+05 3.640765873329092865e+05
3.653480677056044224e+05 3.653480677056044224e+05
3.629831499177393853e+05 3.629831499177393853e+05
3.649719629025320755e+05 3.649719629025320755e+05
3.635854436469767825e+05 3.635854436469767825e+05
3.638095059555640910e+05 3.638095059555640910e+05
3.647796167983653140e+05 3.647796167983653140e+05
3.638991837044006097e+05 3.638991837044006097e+05
3.648639574081092724e+05 3.648639574081092724e+05
3.628725051626649220e+05 3.628725051626649220e+05
3.623747325359511888e+05 3.623747325359511888e+05
3.633182199754075264e+05 3.633182199754075264e+05
3.636805996139795170e+05 3.636805996139795170e+05
3.621019256805878249e+05 3.621019256805878249e+05
3.634497684437697171e+05 3.634497684437697171e+05
3.631175908845092054e+05 3.631175908845092054e+05
3.633608922645734274e+05 3.633608922645734274e+05
3.626837790047152084e+05 3.626837790047152084e+05
3.631989002207220765e+05 3.631989002207220765e+05
3.607257576109520160e+05 3.607257576109520160e+05
3.629074540955441771e+05 3.629074540955441771e+05
3.610602722917600186e+05 3.610602722917600186e+05
3.620941706405397272e+05 3.620941706405397272e+05
3.601139022791557945e+05 3.601139022791557945e+05
3.618028103251280845e+05 3.618028103251280845e+05
3.605311975169911748e+05 3.605311975169911748e+05
3.613825411052196287e+05 3.613825411052196287e+05
3.611623940834156820e+05 3.611623940834156820e+05
3.600665859171007178e+05 3.600665859171007178e+05
3.590035276683084085e+05 3.590035276683084085e+05
3.581949394866136718e+05 3.581949394866136718e+05
3.594419446956281899e+05 3.594419446956281899e+05
3.601745683254810865e+05 3.601745683254810865e+05
3.580744329831738141e+05 3.580744329831738141e+05
3.590313247689048876e+05 3.590313247689048876e+05
3.601058090019004885e+05 3.601058090019004885e+05
3.568762306656080182e+05 3.568762306656080182e+05
3.589056288367023226e+05 3.589056288367023226e+05
3.570031536813998828e+05 3.570031536813998828e+05
3.579893177116055740e+05 3.579893177116055740e+05
3.584162866970617906e+05 3.584162866970617906e+05
3.586546420942210825e+05 3.586546420942210825e+05
3.576495536771694897e+05 3.576495536771694897e+05
3.571520675155727076e+05 3.571520675155727076e+05
3.567274604077073163e+05 3.567274604077073163e+05
3.572526004166025086e+05 3.572526004166025086e+05
3.573201726450339775e+05 3.573201726450339775e+05
3.554580457916880841e+05 3.554580457916880841e+05
3.564736441528853029e+05 3.564736441528853029e+05
3.544063320976694231e+05 3.544063320976694231e+05
3.563614428187306039e+05 3.563614428187306039e+05
3.571368052899264148e+05 3.571368052899264148e+05
3.542275440745896776e+05 3.542275440745896776e+05
3.559765650897690211e+05 3.559765650897690211e+05
3.543568819316935260e+05 3.543568819316935260e+05
3.555724508149549947e+05 3.555724508149549947e+05
3.536791130017308751e+05 3.536791130017308751e+05
3.550808703851486789e+05 3.550808703851486789e+05
3.557285426089580287e+05 3.557285426089580287e+05
3.549020157808783115e+05 3.549020157808783115e+05
3.552418660862498800e+05 3.552418660862498800e+05
3.550551120976696257e+05 3.550551120976696257e+05
3.547409970420894097e+05 3.547409970420894097e+05
3.547496544970098184e+05 3.547496544970098184e+05
3.528564725363081088e+05 3.528564725363081088e+05
3.532983093634971883e+05 3.532983093634971883e+05
3.523801120205271873e+05 3.523801120205271873e+05
3.522865315850395709e+05 3.522865315850395709e+05
3.529942449711518129e+05 3.529942449711518129e+05
3.531371332629580284e+05 3.531371332629580284e+05
3.520010635095008765e+05 3.520010635095008765e+05
3.531255247070227051e+05 3.531255247070227051e+05
3.527385244403891847e+05 3.527385244403891847e+05
3.529752986626317725e+05 3.529752986626317725e+05
3.510682445807064069e+05 3.510682445807064069e+05
3.516937124098076019e+05 3.516937124098076019e+05
3.520302150346133276e+05 3.520302150346133276e+05
3.501623861297143740e+05 3.501623861297143740e+05
3.515737312951235217e+05 3.515737312951235217e+05
3.520332126123664784e+05 3.520332126123664784e+05
3.522079433279060759e+05 3.522079433279060759e+05
3.495357197079993784e+05 3.495357197079993784e+05
3.512301389447905240e+05 3.512301389447905240e+05
3.497271880751246936e+05 3.497271880751246936e+05
3.492972343625323847e+05 3.492972343625323847e+05
3.492364991979688057e+05 3.492364991979688057e+05
3.502008075006479048e+05 3.502008075006479048e+05
3.486324559004778857e+05 3.486324559004778857e+05
3.502876141530356836e+05 3.502876141530356836e+05
3.490794435428695870e+05 3.490794435428695870e+05
3.477215169223319972e+05 3.477215169223319972e+05
3.493642886314187781e+05 3.493642886314187781e+05
3.477479452453788836e+05 3.477479452453788836e+05
3.496689219346417813e+05 3.496689219346417813e+05
3.476677028920217999e+05 3.476677028920217999e+05
3.481414958261600113e+05 3.481414958261600113e+05
3.494109957040913869e+05 3.494109957040913869e+05
3.472959857646679739e+05 3.472959857646679739e+05
3.480602018520198762e+05 3.480602018520198762e+05
3.481087112754036789e+05 3.481087112754036789e+05
3.485678911581066786e+05 3.485678911581066786e+05
3.488527125425037229e+05 3.488527125425037229e+05
3.459591402128253249e+05 3.459591402128253249e+05
3.478051891610188759e+05 3.478051891610188759e+05
3.480784144905214780e+05 3.480784144905214780e+05
3.479450345479141106e+05 3.479450345479141106e+05
3.463232947345408029e+05 3.463232947345408029e+05
3.476066000425029197e+05 3.476066000425029197e+05
3.462167288892252254e+05 3.462167288892252254e+05
3.458576731484127813e+05 3.458576731484127813e+05
3.468090586956897750e+05 3.468090586956897750e+05
3.458122968730216962e+05 3.458122968730216962e+05
3.448997428989129839e+05 3.448997428989129839e+05
3.446434934980127146e+05 3.446434934980127146e+05
3.458199563622819842e+05 3.458199563622819842e+05
3.440029550682104891e+05 3.440029550682104891e+05
3.458322493513458758e+05 3.458322493513458758e+05
3.460090004754926777e+05 3.460090004754926777e+05
3.444460726540248143e+05 3.444460726540248143e+05
3.436820947872669203e+05 3.436820947872669203e+05
3.448785722731914720e+05 3.448785722731914720e+05
3.454028788847021060e+05 3.454028788847021060e+05
3.436885226034441730e+05 3.436885226034441730e+05
3.427167803572595003e+05 3.427167803572595003e+05
3.441172733845983166e+05 3.441172733845983166e+05
3.434820411884306232e+05 3.434820411884306232e+05
3.440395254624087247e+05 3.440395254624087247e+05
3.442904545751126716e+05 3.442904545751126716e+05
3.445407436443496263e+05 3.445407436443496263e+05
3.423892808159972192e+05 3.423892808159972192e+05
3.429827848775436869e+05 3.429827848775436869e+05
3.435826906366660260e+05 3.435826906366660260e+05
3.434116831072032801e+05 3.434116831072032801e+05
3.431305212133508758e+05 3.431305212133508758e+05
3.410446480161806103e+05 3.410446480161806103e+05
3.428195813711438095e+05 3.428195813711438095e+05
3.410530806812936207e+05 3.410530806812936207e+05
3.421350747273028246e+05 3.421350747273028246e+05
3.417531056615925045e+05 3.417531056615925045e+05
3.422420390415993752e+05 3.422420390415993752e+05
3.415009439968073275e+05 3.415009439968073275e+05
3.422415636266017100e+05 3.422415636266017100e+05
3.395606570801517810e+05 3.395606570801517810e+05
3.416844334220631281e+05 3.416844334220631281e+05
3.398314905908238143e+05 3.398314905908238143e+05
3.409551091769720078e+05 3.409551091769720078e+05
3.389836902406723821e+05 3.389836902406723821e+05
3.402988898980973172e+05 3.402988898980973172e+05
3.392020652846419252e+05 3.392020652846419252e+05
3.400720861126998207e+05 3.400720861126998207e+05
3.406462923943612259e+05 3.406462923943612259e+05
3.384525539631927968e+05 3.384525539631927968e+05
3.397601971180437249e+05 3.397601971180437249e+05
3.386232178685865947e+05 3.386232178685865947e+05
3.376038874592217035e+05 3.376038874592217035e+05
3.387478623442713288e+05 3.387478623442713288e+05
3.369888152755246265e+05 3.369888152755246265e+05
3.387481584063047776e+05 3.387481584063047776e+05
3.392901307067676098e+05 3.392901307067676098e+05
3.373538227391553228e+05 3.373538227391553228e+05
3.363853953820475726e+05 3.363853953820475726e+05
3.380498938277451089e+05 3.380498938277451089e+05
3.372223503004400991e+05 3.372223503004400991e+05
3.368740425686858944e+05 3.368740425686858944e+05
3.366251782585668843e+05 3.366251782585668843e+05
3.362383996275797253e+05 3.362383996275797253e+05
3.367129602837071288e+05 3.367129602837071288e+05
3.338080815065203933e+05 3.338080815065203933e+05
3.366519653311247239e+05 3.366519653311247239e+05
3.353702637032165076e+05 3.353702637032165076e+05
3.364844202705171774e+05 3.364844202705171774e+05
3.366707322373454226e+05 3.366707322373454226e+05
3.358759972208231920e+05 3.358759972208231920e+05
3.356794533462148975e+05 3.356794533462148975e+05
3.359087046927537885e+05 3.359087046927537885e+05
3.363331215462270775e+05 3.363331215462270775e+05
3.343754087157840258e+05 3.343754087157840258e+05
3.355414007637238828e+05 3.355414007637238828e+05
3.333498494471134036e+05 3.333498494471134036e+05
3.350577298894731794e+05 3.350577298894731794e+05
3.334579699360437226e+05 3.334579699360437226e+05
3.335870490910434746e+05 3.335870490910434746e+05
3.341215368463788182e+05 3.341215368463788182e+05
3.342861267543698195e+05 3.342861267543698195e+05
3.340677864218321047e+05 3.340677864218321047e+05
3.340118984628372127e+05 3.340118984628372127e+05
3.330091819096349063e+05 3.330091819096349063e+05
3.339530796003335854e+05 3.339530796003335854e+05
3.321866009826199734e+05 3.321866009826199734e+05
3.330631229685219005e+05 3.330631229685219005e+05
3.332293599854831118e+05 3.332293599854831118e+05
3.326750921267024241e+05 3.326750921267024241e+05
3.330938734661719063e+05 3.330938734661719063e+05
3.317756011487906799e+05 3.317756011487906799e+05
3.307414790608357871e+05 3.307414790608357871e+05
3.318076197204249911e+05 3.318076197204249911e+05
3.323961205365154892e+05 3.323961205365154892e+05
3.302191736562470905e+05 3.302191736562470905e+05
3.314477430320528219e+05 3.314477430320528219e+05
3.295222055960998987e+05 3.295222055960998987e+05
3.307324934117167140e+05 3.307324934117167140e+05
3.307754990755103063e+05 3.307754990755103063e+05
3.310206280955668772e+05 3.310206280955668772e+05
3.292811535568764084e+05 3.292811535568764084e+05
3.310500928184505901e+05 3.310500928184505901e+05
3.297641377028158167e+05 3.297641377028158167e+05
3.302597719228038914e+05 3.302597719228038914e+05
3.287179121038665762e+05 3.287179121038665762e+05
3.301315898999574129e+05 3.301315898999574129e+05
3.279075669763804181e+05 3.279075669763804181e+05
3.288288115869904868e+05 3.288288115869904868e+05
3.299442481638112804e+05 3.299442481638112804e+05
3.277647651878601173e+05 3.277647651878601173e+05
3.290214774733728846e+05 3.290214774733728846e+05
3.280260505665239180e+05 3.280260505665239180e+05
3.268800145405544899e+05 3.268800145405544899e+05
3.283954405786509160e+05 3.283954405786509160e+05
3.275388521156716743e+05 3.275388521156716743e+05
3.283281595426194835e+05 3.283281595426194835e+05
3.291385561785598984e+05 3.291385561785598984e+05
3.266034475561850122e+05 3.266034475561850122e+05
3.274629228120489279e+05 3.274629228120489279e+05
3.278111758796232170e+05 3.278111758796232170e+05
3.280979617278507794e+05 3.280979617278507794e+05
3.262031766898225760e+05 3.262031766898225760e+05
3.273774992275126860e+05 3.273774992275126860e+05
3.274667499557028059e+05 3.274667499557028059e+05
3.272064629222967196e+05 3.272064629222967196e+05
3.273783897163273068e+05 3.273783897163273068e+05
3.262097758669981849e+05 3.262097758669981849e+05
3.272418656298352871e+05 3.272418656298352871e+05
3.256100578441304970e+05 3.256100578441304970e+05
3.264929875253653736e+05 3.264929875253653736e+05
3.253978695264327107e+05 3.253978695264327107e+05
3.265630198145299219e+05 3.265630198145299219e+05
3.246193989820245188e+05 3.246193989820245188e+05
3.259020358956512064e+05 3.259020358956512064e+05
3.244453325932273874e+05 3.244453325932273874e+05
3.253687437290995149e+05 3.253687437290995149e+05
3.257093443502504961e+05 3.257093443502504961e+05
3.258804522030312801e+05 3.258804522030312801e+05
3.241860032655540272e+05 3.241860032655540272e+05
3.246626459796918789e+05 3.246626459796918789e+05
3.257935850673366804e+05 3.257935850673366804e+05
3.244491693144576275e+05 3.244491693144576275e+05
3.229320178127040854e+05 3.229320178127040854e+05
3.240603541821647086e+05 3.240603541821647086e+05
3.250329501406599884e+05 3.250329501406599884e+05
3.226275674951637047e+05 3.226275674951637047e+05
3.240540429603945813e+05 3.240540429603945813e+05
3.227344417433806811e+05 3.227344417433806811e+05
3.240856639643093222e+05 3.240856639643093222e+05
3.227887640344126266e+05 3.227887640344126266e+05
3.236612561208765837e+05 3.236612561208765837e+05
3.245076847631747951e+05 3.245076847631747951e+05
3.221148653163319104e+05 3.221148653163319104e+05
3.229677503533220734e+05 3.229677503533220734e+05
3.229127302407249226e+05 3.229127302407249226e+05
3.217625241680024192e+05 3.217625241680024192e+05
3.230100768071610946e+05 3.230100768071610946e+05
3.227118463228063774e+05 3.227118463228063774e+05
3.221564215000661206e+05 3.221564215000661206e+05
3.227432214116869727e+05 3.227432214116869727e+05
3.207628011714019231e+05 3.207628011714019231e+05
3.222599786809632787e+05 3.222599786809632787e+05
3.218339132590463851e+05 3.218339132590463851e+05
3.223668722204694059e+05 3.223668722204694059e+05
3.214664706853224197e+05 3.214664706853224197e+05
3.207347356812774087e+05 3.207347356812774087e+05
3.215280580167633016e+05 3.215280580167633016e+05
3.199047582002293202e+05 3.199047582002293202e+05
3.216235853095937055e+05 3.216235853095937055e+05
3.211092885965363821e+05 3.211092885965363821e+05
3.205994765943498933e+05 3.205994765943498933e+05
3.210460186670210096e+05 3.210460186670210096e+05
3.216885476326956996e+05 3.216885476326956996e+05
3.201935145031689899e+05 3.201935145031689899e+05
3.191963900958562153e+05 3.191963900958562153e+05
3.210809282916206284e+05 3.210809282916206284e+05
3.195897837978376774e+05 3.195897837978376774e+05
3.210976026214879821e+05 3.210976026214879821e+05
3.190357744563446031e+05 3.190357744563446031e+05
3.200339220730853267e+05 3.200339220730853267e+05
3.211803935597403906e+05 3.211803935597403906e+05
3.193950797046441003e+05 3.193950797046441003e+05
3.209382512125950889e+05 3.209382512125950889e+05
3.192309722257677931e+05 3.192309722257677931e+05
3.205107652462993865e+05 3.205107652462993865e+05
3.189151647440739907e+05 3.189151647440739907e+05
3.204338370646071271e+05 3.204338370646071271e+05
3.192788166913553723e+05 3.192788166913553723e+05
3.198863909003767767e+05 3.198863909003767767e+05
3.203493322758980794e+05 3.203493322758980794e+05
3.204274410187351168e+05 3.204274410187351168e+05
3.197827531139248167e+05 3.197827531139248167e+05
3.203348536515723099e+05 3.203348536515723099e+05
3.181836989010482794e+05 3.181836989010482794e+05
3.192837738385795965e+05 3.192837738385795965e+05
3.195441501114250859e+05 3.195441501114250859e+05
3.197395473259767750e+05 3.197395473259767750e+05
3.181926289680426125e+05 3.181926289680426125e+05
3.196582233810279286e+05 3.196582233810279286e+05
3.194751823122139904e+05 3.194751823122139904e+05
3.197425357291437103e+05 3.197425357291437103e+05
3.189914716588808224e+05 3.189914716588808224e+05
3.179341589586990885e+05 3.179341589586990885e+05
3.184384056435906095e+05 3.184384056435906095e+05
3.190460625058828155e+05 3.190460625058828155e+05
3.177544460963606834e+05 3.177544460963606834e+05
3.190347770540022757e+05 3.190347770540022757e+05
3.176562200126692769e+05 3.176562200126692769e+05
3.190519751203798805e+05 3.190519751203798805e+05
3.169688441139255883e+05 3.169688441139255883e+05
3.179416036772148800e+05 3.179416036772148800e+05
3.192073793376738904e+05 3.192073793376738904e+05
3.171091699404760730e+05 3.171091699404760730e+05
3.180999778942826088e+05 3.180999778942826088e+05
3.166661094517654274e+05 3.166661094517654274e+05
3.180491787633000058e+05 3.180491787633000058e+05
3.185572829478341737e+05 3.185572829478341737e+05
3.178839911167271202e+05 3.178839911167271202e+05
3.183335115119973780e+05 3.183335115119973780e+05
3.169943069905905868e+05 3.169943069905905868e+05
3.176575796450442285e+05 3.176575796450442285e+05
3.229126859823007253e+05 3.229126859823007253e+05
2.813414279942975263e+05 2.813414279942975263e+05
3.049512696744421846e+05 3.049512696744421846e+05
4.060099342744107125e+05 4.060099342744107125e+05
5.122083134907038766e+05 5.122083134907038766e+05
5.701361470212258864e+05 5.701361470212258864e+05
6.335848278458722634e+05 6.335848278458722634e+05
6.880919452738396358e+05 6.880919452738396358e+05
4.664948936616072897e+05 4.664948936616072897e+05
8.405422154969915282e+05 8.405422154969915282e+05
9.610261456719564740e+05 9.610261456719564740e+05
1.119116728648361051e+06 1.119116728648361051e+06
1.293863637731428025e+06 1.293863637731428025e+06
1.478511647198118968e+06 1.478511647198118968e+06
1.616603296895602020e+06 1.616603296895602020e+06
1.747872299771663966e+06 1.747872299771663966e+06
1.765916331786237890e+06 1.765916331786237890e+06
1.665833288439003052e+06 1.665833288439003052e+06
1.609968654639540007e+06 1.609968654639540007e+06
1.468964395027247956e+06 1.468964395027247956e+06
1.387229459455953911e+06 1.387229459455953911e+06
1.333433948572115973e+06 1.333433948572115973e+06
1.294121118048842996e+06 1.294121118048842996e+06
1.270163416524569970e+06 1.270163416524569970e+06
1.311259800465849927e+06 1.311259800465849927e+06
1.232820722468137974e+06 1.232820722468137974e+06
1.222328634364120895e+06 1.222328634364120895e+06
1.185481021169407060e+06 1.185481021169407060e+06
1.201277253996734973e+06 1.201277253996734973e+06
1.232509913366497029e+06 1.232509913366497029e+06
1.168576551550511969e+06 1.168576551550511969e+06
1.150287694713823032e+06 1.150287694713823032e+06
1.155506399883179925e+06 1.155506399883179925e+06
1.127946648917271057e+06 1.127946648917271057e+06
1.141629683422351023e+06 1.141629683422351023e+06
1.118864820150173968e+06 1.118864820150173968e+06
1.124717020341766998e+06 1.124717020341766998e+06
1.123463786702703917e+06 1.123463786702703917e+06
1.120235198868181091e+06 1.120235198868181091e+06
1.127119052421421977e+06 1.127119052421421977e+06
1.117158775599607965e+06 1.117158775599607965e+06
1.096269451930229086e+06 1.096269451930229086e+06
1.110031939024691004e+06 1.110031939024691004e+06
1.088040962378076976e+06 1.088040962378076976e+06
1.097302187012990005e+06 1.097302187012990005e+06
1.075188138242593966e+06 1.075188138242593966e+06
1.088085396140246885e+06 1.088085396140246885e+06
1.082853826088090893e+06 1.082853826088090893e+06
1.078250278670036932e+06 1.078250278670036932e+06
1.061029487638378982e+06 1.061029487638378982e+06
1.074692576184578007e+06 1.074692576184578007e+06
1.050390946501058992e+06 1.050390946501058992e+06
1.060882464226033073e+06 1.060882464226033073e+06
1.039249516891382984e+06 1.039249516891382984e+06
1.064734634798116051e+06 1.064734634798116051e+06
1.063686006163245998e+06 1.063686006163245998e+06
1.050362697427345905e+06 1.050362697427345905e+06
1.044060035799490055e+06 1.044060035799490055e+06
1.033538523765799007e+06 1.033538523765799007e+06
1.036645021042822045e+06 1.036645021042822045e+06
1.047732325446118019e+06 1.047732325446118019e+06
1.035110054361775983e+06 1.035110054361775983e+06
1.052474701363342116e+06 1.052474701363342116e+06
1.051756516514887102e+06 1.051756516514887102e+06
1.049354181101911003e+06 1.049354181101911003e+06
1.137144144501077011e+06 1.137144144501077011e+06
1.152749872139804065e+06 1.152749872139804065e+06
1.056036412818174111e+06 1.056036412818174111e+06
1.045853702708496945e+06 1.045853702708496945e+06
1.062058036826678086e+06 1.062058036826678086e+06
1.105432699692202033e+06 1.105432699692202033e+06
1.054986426983499900e+06 1.054986426983499900e+06
1.073851960411110893e+06 1.073851960411110893e+06
1.065731356422201032e+06 1.065731356422201032e+06
1.089322692718345905e+06 1.089322692718345905e+06
1.081498335538388928e+06 1.081498335538388928e+06
1.103458612490860047e+06 1.103458612490860047e+06
1.092955119314569980e+06 1.092955119314569980e+06
1.103911111447311006e+06 1.103911111447311006e+06
1.120544748231999110e+06 1.120544748231999110e+06
1.111778861787430011e+06 1.111778861787430011e+06
1.134425817059887107e+06 1.134425817059887107e+06
1.126893953550376929e+06 1.126893953550376929e+06
1.147618255755759077e+06 1.147618255755759077e+06
1.152698993839628063e+06 1.152698993839628063e+06
1.161347724738843972e+06 1.161347724738843972e+06
1.169003068927301094e+06 1.169003068927301094e+06
1.165428903849063907e+06 1.165428903849063907e+06
1.191815615891230991e+06 1.191815615891230991e+06
1.188105804956441047e+06 1.188105804956441047e+06
1.284739385956875049e+06 1.284739385956875049e+06
1.206908990237076068e+06 1.206908990237076068e+06
1.203506308839397039e+06 1.203506308839397039e+06
1.218753360298363026e+06 1.218753360298363026e+06
1.216429777688694885e+06 1.216429777688694885e+06
1.222345116187166888e+06 1.222345116187166888e+06
1.229522878544972977e+06 1.229522878544972977e+06
1.235832582321807975e+06 1.235832582321807975e+06
1.230580814954821020e+06 1.230580814954821020e+06
1.239763284597683931e+06 1.239763284597683931e+06
1.259685900707107969e+06 1.259685900707107969e+06
1.258061706510117976e+06 1.258061706510117976e+06
1.249283384623348014e+06 1.249283384623348014e+06
1.321895008294444997e+06 1.321895008294444997e+06
1.270814839468298014e+06 1.270814839468298014e+06
1.280188671544052893e+06 1.280188671544052893e+06
1.280002562188653974e+06 1.280002562188653974e+06
1.287378051305542002e+06 1.287378051305542002e+06
1.293539810398936970e+06 1.293539810398936970e+06
1.296613114262545016e+06 1.296613114262545016e+06
1.292804020535012009e+06 1.292804020535012009e+06
1.312956217047319980e+06 1.312956217047319980e+06
1.315493070723495912e+06 1.315493070723495912e+06
1.319028110898267943e+06 1.319028110898267943e+06
1.327986314155336004e+06 1.327986314155336004e+06
1.392091967137000989e+06 1.392091967137000989e+06
1.333653942490278976e+06 1.333653942490278976e+06
1.318313834424226079e+06 1.318313834424226079e+06
1.346094575260469923e+06 1.346094575260469923e+06
1.330588550424434943e+06 1.330588550424434943e+06
1.354805003045096993e+06 1.354805003045096993e+06
1.353894226013465086e+06 1.353894226013465086e+06
1.358633889229960972e+06 1.358633889229960972e+06
1.361754017053327989e+06 1.361754017053327989e+06
1.365587283234210918e+06 1.365587283234210918e+06
1.366403001074763946e+06 1.366403001074763946e+06
1.372714546734208940e+06 1.372714546734208940e+06
1.373307900030060904e+06 1.373307900030060904e+06
1.368887911185923032e+06 1.368887911185923032e+06
1.390400263333309907e+06 1.390400263333309907e+06
1.388086703856501961e+06 1.388086703856501961e+06
1.395255984961071052e+06 1.395255984961071052e+06
1.393818677427005954e+06 1.393818677427005954e+06
1.395590119458528934e+06 1.395590119458528934e+06
1.395381501604994992e+06 1.395381501604994992e+06
1.408736126724724891e+06 1.408736126724724891e+06
1.398601276408510050e+06 1.398601276408510050e+06
1.406315967576306080e+06 1.406315967576306080e+06
1.414881372369241901e+06 1.414881372369241901e+06
1.413845021322359098e+06 1.413845021322359098e+06
1.416226555949798087e+06 1.416226555949798087e+06
1.426519440995959099e+06 1.426519440995959099e+06
1.436073879009677097e+06 1.436073879009677097e+06
1.536595638850332936e+06 1.536595638850332936e+06
1.443704834292100044e+06 1.443704834292100044e+06
1.436387837743799901e+06 1.436387837743799901e+06
1.440781667534860084e+06 1.440781667534860084e+06
1.452663613919009920e+06 1.452663613919009920e+06
1.438467007409231039e+06 1.438467007409231039e+06
1.444102685979840113e+06 1.444102685979840113e+06
1.447897679763088934e+06 1.447897679763088934e+06
1.447413675441195024e+06 1.447413675441195024e+06
1.455743227510280907e+06 1.455743227510280907e+06
1.469267371085858904e+06 1.469267371085858904e+06
1.464619260970576899e+06 1.464619260970576899e+06
1.469471040714538889e+06 1.469471040714538889e+06
1.482549191832640907e+06 1.482549191832640907e+06
1.467318960881053004e+06 1.467318960881053004e+06
1.474285356706072111e+06 1.474285356706072111e+06
1.476866189622387057e+06 1.476866189622387057e+06
1.473041763912800001e+06 1.473041763912800001e+06
1.484063775464572012e+06 1.484063775464572012e+06
1.485951278937029885e+06 1.485951278937029885e+06
1.474332776374774054e+06 1.474332776374774054e+06
1.492676115161930909e+06 1.492676115161930909e+06
1.477000519261731999e+06 1.477000519261731999e+06
1.496289179213414900e+06 1.496289179213414900e+06
1.491561958215639926e+06 1.491561958215639926e+06
1.495681634326596977e+06 1.495681634326596977e+06
1.497845775176716968e+06 1.497845775176716968e+06
1.499690644129551947e+06 1.499690644129551947e+06
1.509817312582392944e+06 1.509817312582392944e+06
1.495633514342684997e+06 1.495633514342684997e+06
1.496688943807961885e+06 1.496688943807961885e+06
1.498067413979650941e+06 1.498067413979650941e+06
1.497689420501399087e+06 1.497689420501399087e+06
1.508864405157858040e+06 1.508864405157858040e+06
1.496388042034158949e+06 1.496388042034158949e+06
1.502422177857134026e+06 1.502422177857134026e+06
1.514843143663513940e+06 1.514843143663513940e+06
1.503716903967523016e+06 1.503716903967523016e+06
1.512697154408545000e+06 1.512697154408545000e+06
1.511660433488965966e+06 1.511660433488965966e+06
1.513768132441248978e+06 1.513768132441248978e+06
1.521113207601574948e+06 1.521113207601574948e+06
1.523693922888526926e+06 1.523693922888526926e+06
1.522650027228198014e+06 1.522650027228198014e+06
1.530253610191662097e+06 1.530253610191662097e+06
1.520525657901325030e+06 1.520525657901325030e+06
1.516875060535873985e+06 1.516875060535873985e+06
1.516887410030185943e+06 1.516887410030185943e+06
1.512105901359253097e+06 1.512105901359253097e+06
1.513048552977280924e+06 1.513048552977280924e+06
1.523435791282671038e+06 1.523435791282671038e+06
1.510631755465053022e+06 1.510631755465053022e+06
1.523026107555470895e+06 1.523026107555470895e+06
1.519780678197093075e+06 1.519780678197093075e+06
1.521757619540838990e+06 1.521757619540838990e+06
1.510733151595751988e+06 1.510733151595751988e+06
1.514477870597351110e+06 1.514477870597351110e+06
1.527965170018590987e+06 1.527965170018590987e+06
1.564170424442657037e+06 1.564170424442657037e+06
1.508735691158876987e+06 1.508735691158876987e+06
1.521881764398555038e+06 1.521881764398555038e+06
1.580500065316467080e+06 1.580500065316467080e+06
1.510418390052577015e+06 1.510418390052577015e+06
1.577425476155511104e+06 1.577425476155511104e+06
1.509386303025999106e+06 1.509386303025999106e+06
1.520528068274983903e+06 1.520528068274983903e+06
1.508314009618371027e+06 1.508314009618371027e+06
1.528441895731681027e+06 1.528441895731681027e+06
1.513186544126024935e+06 1.513186544126024935e+06
1.516894830425370019e+06 1.516894830425370019e+06
1.519137710444675060e+06 1.519137710444675060e+06
1.518823322665546089e+06 1.518823322665546089e+06
1.520679165064760949e+06 1.520679165064760949e+06
1.543121278394682100e+06 1.543121278394682100e+06
1.519666494464922929e+06 1.519666494464922929e+06
1.531802743138968945e+06 1.531802743138968945e+06
1.517894201709620887e+06 1.517894201709620887e+06
1.516150181282118894e+06 1.516150181282118894e+06
1.527985898875931045e+06 1.527985898875931045e+06
1.513899023315971950e+06 1.513899023315971950e+06
1.620707326048427029e+06 1.620707326048427029e+06
1.519433887893262086e+06 1.519433887893262086e+06
1.502168718608814990e+06 1.502168718608814990e+06
1.522569718489875086e+06 1.522569718489875086e+06
1.505344726076707942e+06 1.505344726076707942e+06
1.513186464344667038e+06 1.513186464344667038e+06
1.527552775588168995e+06 1.527552775588168995e+06
1.523297022682555951e+06 1.523297022682555951e+06
1.526516950894844020e+06 1.526516950894844020e+06
1.525804582855594112e+06 1.525804582855594112e+06
1.516193758634723956e+06 1.516193758634723956e+06
1.579760236296254909e+06 1.579760236296254909e+06
1.513180388268535957e+06 1.513180388268535957e+06
1.579240256077747094e+06 1.579240256077747094e+06
1.524409714874563972e+06 1.524409714874563972e+06
1.513549942787851905e+06 1.513549942787851905e+06
1.532506427405860974e+06 1.532506427405860974e+06
1.546599742741795024e+06 1.546599742741795024e+06
1.516474121648848057e+06 1.516474121648848057e+06
1.529348575167956995e+06 1.529348575167956995e+06
1.528101467272718903e+06 1.528101467272718903e+06
1.529829115712340921e+06 1.529829115712340921e+06
1.512000647459438071e+06 1.512000647459438071e+06
1.517820706142629031e+06 1.517820706142629031e+06
1.529965891438093968e+06 1.529965891438093968e+06
1.517756565033500083e+06 1.517756565033500083e+06
1.534400309872081969e+06 1.534400309872081969e+06
1.520651585940819932e+06 1.520651585940819932e+06
1.525088526595382020e+06 1.525088526595382020e+06
1.535592499451108044e+06 1.535592499451108044e+06
1.517484649374244036e+06 1.517484649374244036e+06
1.521422909928658046e+06 1.521422909928658046e+06
1.531729121117817936e+06 1.531729121117817936e+06
1.532776586709768046e+06 1.532776586709768046e+06
2.299691381322543137e+06 2.299691381322543137e+06
