1.566366999999999898e-01 1.535790499188809918e+04
1.670255499999999949e-01 1.543290884217405073e+04
1.773653699999999944e-01 1.534672448620330033e+04
1.876563900000000062e-01 1.489061554288413026e+04
1.978988600000000098e-01 1.518598557013900063e+04
2.080929900000000055e-01 1.511494797909024055e+04
2.182390100000000110e-01 1.504444779829800063e+04
2.283371499999999887e-01 1.493458930182997028e+04
2.383876500000000065e-01 1.490390465039390983e+04
2.483907200000000093e-01 1.487604006376761936e+04
2.583465799999999923e-01 1.470105216002551970e+04
2.682554699999999959e-01 1.453375850942725083e+04
2.781176100000000151e-01 1.473864770534256058e+04
2.879332099999999950e-01 1.470028278956595022e+04
2.977024899999999863e-01 1.441797837608040936e+04
3.074256799999999790e-01 1.462538199192114917e+04
3.171029899999999735e-01 1.453575801490082085e+04
3.267346400000000206e-01 1.451847622651293022e+04
3.363208500000000045e-01 1.453700826199173025e+04
3.458618299999999812e-01 1.450289502531379003e+04
3.553577900000000067e-01 1.448746684121556063e+04
3.648089500000000207e-01 1.436550939500941968e+04
3.742155200000000237e-01 1.444049254097561970e+04
3.835777100000000162e-01 1.435030556033761059e+04
3.928957299999999986e-01 1.436992956072520974e+04
4.021697900000000270e-01 1.437503382142319060e+04
4.114000999999999908e-01 1.436275149321343997e+04
4.205868600000000068e-01 1.431542539407526965e+04
4.297302800000000200e-01 1.431370974921177913e+04
4.388305699999999754e-01 1.431309192197481934e+04
4.478879299999999897e-01 1.428412155158600945e+04
4.569025600000000131e-01 1.428853958043167040e+04
4.658746599999999960e-01 1.397571493558764996e+04
4.748044499999999890e-01 1.425474385649315082e+04
4.836921000000000137e-01 1.384644939010878988e+04
4.925378400000000045e-01 1.422673720920293999e+04
5.013418499999999778e-01 1.421783017757480957e+04
5.101043299999999947e-01 1.421007457307637014e+04
5.188254700000000108e-01 1.405847629265097930e+04
5.275054799999999711e-01 1.419586271388116984e+04
5.361445500000000530e-01 1.397279987258336951e+04
5.447428800000000404e-01 1.418026998795522013e+04
5.533006400000000102e-01 1.413157093713399081e+04
5.618180499999999578e-01 1.415850667498871917e+04
5.702952799999999600e-01 1.414944146653035023e+04
5.787325300000000228e-01 1.414313160481703926e+04
5.871299800000000513e-01 1.396555694006514932e+04
5.954878399999999905e-01 1.412956865602738071e+04
6.038062699999999783e-01 1.411040670426635006e+04
6.120854799999999596e-01 1.410958139928511082e+04
6.203256400000000115e-01 1.410980507987601050e+04
6.285269399999999784e-01 1.410342839348870075e+04
6.366895599999999877e-01 1.409491857581513977e+04
6.448136899999999949e-01 1.408405403373507943e+04
6.528995100000000162e-01 1.407611013751179962e+04
6.609471999999999570e-01 1.401728168378920964e+04
6.689569499999999946e-01 1.407354915315176913e+04
6.769289200000000450e-01 1.407227502794543943e+04
6.848632999999999527e-01 1.400088877178380972e+04
6.927602699999999558e-01 1.395849175718699917e+04
7.006200099999999598e-01 1.405552588608012047e+04
7.084426799999999913e-01 1.399365034541030946e+04
7.162284700000000059e-01 1.398503087734174915e+04
7.239775499999999697e-01 1.404599908587842037e+04
7.316901000000000099e-01 1.398189169785846025e+04
7.393662899999999816e-01 1.404024102560856045e+04
7.470062800000000225e-01 1.398213021515392938e+04
7.546102599999999772e-01 1.403288038495100955e+04
7.621783800000000442e-01 1.379627270071076055e+04
7.697108299999999570e-01 1.402549406984440975e+04
7.772077699999999645e-01 1.396512802071485021e+04
7.846693700000000327e-01 1.401944817033396976e+04
7.920957899999999663e-01 1.380683125165891943e+04
7.994872100000000037e-01 1.401525485613025921e+04
8.068437800000000104e-01 1.401239119256478989e+04
8.141656699999999525e-01 1.352126397362411080e+04
8.214530599999999572e-01 1.400759715993433019e+04
8.287060899999999508e-01 1.400524310032944049e+04
8.359249399999999497e-01 1.353247924782950940e+04
8.431097600000000414e-01 1.400071310910242028e+04
8.502607199999999699e-01 1.373137492176244996e+04
8.573779799999999840e-01 1.393272217879407981e+04
8.644616899999999493e-01 1.383814497230466077e+04
8.715120200000000539e-01 1.399865067987141992e+04
8.785291200000000522e-01 1.399856079179829067e+04
8.855131499999999711e-01 1.399503841726722931e+04
8.924642699999999484e-01 1.399116398540233058e+04
8.993826400000000110e-01 1.398745054454907950e+04
9.062683999999999740e-01 1.345998067828842977e+04
9.131217099999999753e-01 1.347089370218644945e+04
9.199427300000000418e-01 1.398346305210017999e+04
9.267316100000000390e-01 1.398969593398903089e+04
9.334885099999999936e-01 1.348706464491307088e+04
9.402135600000000037e-01 1.398280595685529079e+04
9.469069300000000355e-01 1.398973734140055058e+04
9.535687699999999545e-01 1.398568782698275027e+04
9.601992099999999697e-01 1.348805636081649936e+04
9.667984200000000472e-01 1.350339030705930054e+04
9.733665500000000526e-01 1.398050664594448972e+04
9.799037200000000336e-01 1.349579046991052019e+04
9.864101100000000066e-01 1.397578973843200947e+04
9.928858400000000195e-01 1.398107546546724006e+04
9.993310699999999880e-01 1.333794357865090024e+04
1.005745899999999970e+00 1.394357091166268947e+04
1.012130600000000102e+00 1.352554937325269930e+04
1.018485199999999979e+00 1.398742565714235025e+04
1.024809800000000104e+00 1.339229559398276979e+04
1.031104699999999985e+00 1.398747102664890008e+04
1.037369900000000067e+00 1.341258133710291986e+04
1.043605600000000022e+00 1.398548944110892080e+04
1.049811899999999909e+00 1.349068725884667947e+04
1.055989000000000066e+00 1.345360524475000057e+04
1.062137099999999945e+00 1.398658371748440004e+04
1.068256099999999931e+00 1.344427013624153915e+04
1.074346400000000035e+00 1.397362195286357019e+04
1.080408000000000035e+00 1.397563982336129993e+04
1.086440999999999990e+00 1.397739832687596936e+04
1.092445600000000017e+00 1.350460385841038078e+04
1.098422000000000009e+00 1.398328170464162940e+04
1.104370199999999969e+00 1.358418757816234938e+04
1.110290400000000011e+00 1.346763465178463048e+04
1.116182800000000030e+00 1.399235396057939943e+04
1.122047400000000028e+00 1.351370824798196008e+04
1.127884399999999898e+00 1.398438875797589935e+04
1.133693899999999921e+00 1.346026546980366038e+04
1.139476099999999992e+00 1.398364987924417073e+04
1.145231000000000110e+00 1.341198260386508082e+04
1.150958900000000007e+00 1.398603614280385045e+04
1.156659799999999905e+00 1.348610927312533931e+04
1.162333899999999920e+00 1.359426632107232035e+04
1.167981299999999889e+00 1.356147792868806937e+04
1.173602100000000092e+00 1.401041646787434001e+04
1.179196399999999922e+00 1.394519959962000939e+04
1.184764399999999940e+00 1.354074920675165049e+04
1.190306199999999981e+00 1.348760040599149033e+04
1.195821999999999941e+00 1.400632508400100960e+04
1.201311800000000041e+00 1.400382640126425940e+04
1.206775699999999896e+00 1.350888527759803037e+04
1.212213999999999903e+00 1.399172851140790044e+04
1.217626600000000003e+00 1.374410733798387082e+04
1.223013799999999929e+00 1.355230388950561064e+04
1.228375699999999959e+00 1.400134348808325922e+04
1.233712300000000095e+00 1.358580329493248064e+04
1.239023900000000067e+00 1.401008773432330963e+04
1.244310400000000039e+00 1.349197211359976063e+04
1.249572099999999963e+00 1.400927447411566936e+04
1.254809000000000063e+00 1.400486741522586090e+04
1.260021300000000011e+00 1.360865011204684924e+04
1.265209100000000086e+00 1.400122241605059025e+04
1.270372499999999905e+00 1.348842292113535950e+04
1.275511599999999968e+00 1.399167812976330060e+04
1.280626499999999890e+00 1.349900290757197035e+04
1.285717400000000010e+00 1.348433431686436961e+04
1.290784399999999943e+00 1.399938195112018002e+04
1.295827499999999910e+00 1.400931758158553021e+04
1.300846900000000028e+00 1.347868680549892088e+04
1.305842799999999970e+00 1.402941940425370012e+04
1.310815099999999900e+00 1.369400314263716064e+04
1.315764099999999992e+00 1.404479299037649980e+04
1.320689800000000025e+00 1.405846425565651953e+04
1.325592300000000057e+00 1.354173189924186954e+04
1.330471799999999982e+00 1.353546962300427003e+04
1.335328400000000082e+00 1.404139466402286052e+04
1.340162099999999912e+00 1.360251527494900984e+04
1.344973100000000032e+00 1.354574729610054055e+04
1.349761599999999895e+00 1.400970322902935914e+04
1.354527500000000106e+00 1.400412316083046971e+04
1.359270999999999896e+00 1.399403844360601943e+04
1.363992199999999988e+00 1.349520560907408981e+04
1.368691300000000055e+00 1.399328822280787062e+04
1.373368300000000097e+00 1.400318165576459069e+04
1.378023299999999951e+00 1.401868414856924937e+04
1.382656399999999897e+00 1.351344141725715963e+04
1.387267800000000051e+00 1.354272173525829930e+04
1.391857499999999970e+00 1.409659778102472046e+04
1.396425699999999992e+00 1.413656761083103993e+04
1.400972399999999896e+00 1.374706174574078977e+04
1.405497699999999961e+00 1.366884283896429042e+04
1.410001899999999919e+00 1.420487042593706974e+04
1.414484800000000098e+00 1.373826008576011918e+04
1.418946700000000005e+00 1.374579841165728976e+04
1.423387699999999922e+00 1.421133526569637979e+04
1.427807800000000071e+00 1.420588894443490972e+04
1.432207100000000066e+00 1.413780837552703997e+04
1.436585800000000024e+00 1.371118959446603913e+04
1.440944000000000003e+00 1.413421280779383051e+04
1.445281700000000003e+00 1.358876165354640943e+04
1.449599000000000082e+00 1.357577898342385924e+04
1.453896099999999914e+00 1.404911485702388927e+04
1.458172999999999941e+00 1.378343319226234053e+04
1.462429800000000002e+00 1.399205681066129910e+04
1.466666699999999990e+00 1.346966866432125971e+04
1.470883699999999905e+00 1.394897769050823990e+04
1.475080900000000028e+00 1.382938114606115960e+04
1.479258399999999973e+00 1.390982561029909994e+04
1.483416300000000021e+00 1.338334111846503947e+04
1.487554700000000008e+00 1.389191931520318030e+04
1.491673699999999991e+00 1.387656636776133018e+04
1.495773400000000031e+00 1.388219947734183916e+04
1.499853799999999904e+00 1.327219249063491952e+04
1.503915200000000008e+00 1.389330921083406065e+04
1.507957400000000003e+00 1.343275044861736933e+04
1.511980799999999903e+00 1.392254199339029947e+04
1.515985200000000033e+00 1.349315270040128053e+04
1.519970899999999903e+00 1.396425251002088044e+04
1.523937899999999956e+00 1.350394346256251993e+04
1.527886300000000031e+00 1.402170873692429996e+04
1.531816199999999961e+00 1.398082877192092019e+04
1.535727700000000029e+00 1.373555151654234032e+04
1.539620900000000070e+00 1.412556000606891939e+04
1.543495800000000084e+00 1.416664956953838919e+04
1.547352499999999909e+00 1.370668224646139970e+04
1.551191200000000103e+00 1.423250109650651029e+04
1.555011900000000002e+00 1.367601042661456086e+04
1.558814700000000109e+00 1.428982486653701017e+04
1.562599700000000036e+00 1.362938145385039024e+04
1.566367000000000065e+00 1.433599303906104069e+04
1.570116599999999973e+00 1.386398744966796949e+04
1.573848700000000100e+00 1.409903010161968086e+04
1.577563300000000002e+00 1.438425534365629028e+04
1.581260499999999958e+00 1.439592399153730003e+04
1.584940299999999969e+00 1.377743108028409915e+04
1.588602999999999987e+00 1.439404408236697054e+04
1.592248499999999956e+00 1.391697606569528034e+04
1.595876999999999990e+00 1.438500946221762933e+04
1.599488400000000032e+00 1.387255610400453952e+04
1.603083000000000036e+00 1.436788145655218977e+04
1.606660800000000000e+00 1.383824431922055919e+04
1.610221799999999925e+00 1.435109820555806073e+04
1.613766100000000092e+00 1.386679353113123943e+04
1.617293899999999951e+00 1.431608663396946031e+04
1.620805199999999946e+00 1.430189733527321005e+04
1.624300000000000077e+00 1.379188976030985941e+04
1.627778500000000017e+00 1.414959084235171940e+04
1.631240800000000046e+00 1.424653352328125948e+04
1.634686800000000106e+00 1.371325768703277026e+04
1.638116799999999929e+00 1.375397480305266981e+04
1.641530699999999898e+00 1.419154147148828997e+04
1.644928600000000074e+00 1.367346070681527999e+04
1.648310699999999906e+00 1.415382761247810049e+04
1.651677000000000062e+00 1.414271549920345933e+04
1.655027500000000096e+00 1.413081508233536988e+04
1.658362399999999903e+00 1.368863134039058968e+04
1.661681699999999928e+00 1.410290688171459078e+04
1.664985500000000007e+00 1.409839828920193031e+04
1.668273799999999918e+00 1.349891302860683027e+04
1.671546799999999999e+00 1.407454303231131053e+04
1.674804500000000029e+00 1.356226224757314958e+04
1.678047099999999903e+00 1.406177770536892058e+04
1.681274399999999947e+00 1.344060132592885020e+04
1.684486699999999892e+00 1.405812053646547974e+04
1.687683999999999962e+00 1.403323562315596064e+04
1.690866399999999992e+00 1.360749782006924943e+04
1.694034000000000040e+00 1.405591722604087045e+04
1.697186700000000048e+00 1.355450623737416026e+04
1.700324799999999970e+00 1.406356453625486938e+04
1.703448199999999968e+00 1.406877003664026051e+04
1.706557000000000102e+00 1.358244944025303994e+04
1.709651400000000043e+00 1.407546252639582963e+04
1.712731299999999957e+00 1.371442214245485047e+04
1.715796799999999900e+00 1.357511601079015054e+04
1.718848099999999990e+00 1.408699085817546074e+04
1.721885099999999946e+00 1.356130296128586997e+04
1.724908000000000108e+00 1.409484245373031081e+04
1.727916800000000030e+00 1.363248139402613924e+04
1.730911599999999995e+00 1.411462348942398057e+04
1.733892400000000000e+00 1.373437609079079084e+04
1.736859300000000106e+00 1.411664793676609952e+04
1.739812399999999926e+00 1.360813142960637015e+04
1.742751799999999962e+00 1.360765615143475043e+04
1.745677499999999993e+00 1.412884111817889971e+04
1.748589500000000019e+00 1.367390359769666065e+04
1.751487999999999934e+00 1.373727688010707971e+04
1.754372999999999960e+00 1.413624487878575019e+04
1.757244599999999934e+00 1.367554134058441923e+04
1.760102800000000078e+00 1.413820006825351084e+04
1.762947800000000065e+00 1.414445789890928063e+04
1.765779399999999999e+00 1.359946121491974918e+04
1.768597999999999892e+00 1.414107124319736067e+04
1.771403400000000072e+00 1.415121035017046052e+04
1.774195699999999931e+00 1.363300009133043932e+04
1.776975100000000030e+00 1.362273196983767048e+04
1.779741599999999924e+00 1.414284940181129969e+04
1.782495200000000057e+00 1.364426144534552986e+04
1.785236000000000045e+00 1.414671554758338061e+04
1.787964000000000109e+00 1.369983096989443948e+04
1.790679399999999921e+00 1.373192858144835918e+04
1.793382199999999926e+00 1.414383971134593958e+04
1.796072399999999902e+00 1.367052568462021918e+04
1.798750199999999966e+00 1.413973604087897002e+04
1.801415500000000058e+00 1.413877897417745044e+04
1.804068400000000016e+00 1.355349784186836041e+04
1.806709099999999957e+00 1.412526094648672006e+04
1.809337399999999985e+00 1.367779738283840925e+04
1.811953600000000053e+00 1.367915991486608982e+04
1.814557699999999940e+00 1.411667278932046065e+04
1.817149600000000031e+00 1.355882875896018049e+04
1.819729600000000058e+00 1.410489248377168042e+04
1.822297599999999962e+00 1.360248396068007060e+04
1.824853700000000023e+00 1.410151084157934929e+04
1.827397900000000019e+00 1.358914677197616038e+04
1.829930300000000010e+00 1.357881281264042991e+04
1.832451100000000110e+00 1.408667149666698970e+04
1.834960099999999983e+00 1.360505331304432002e+04
1.837457499999999966e+00 1.407773697434333008e+04
1.839943399999999896e+00 1.407496934017987951e+04
1.842417699999999936e+00 1.406258465174040066e+04
1.844880599999999982e+00 1.358275630959334921e+04
1.847332100000000032e+00 1.405788480650321981e+04
1.849772299999999925e+00 1.368435524526082918e+04
1.852201200000000103e+00 1.404853793438612956e+04
1.854618799999999901e+00 1.348346175339247930e+04
1.857025300000000101e+00 1.403641088671599937e+04
1.859420599999999979e+00 1.339308069368020006e+04
1.861804900000000096e+00 1.403049726334714978e+04
1.864178099999999949e+00 1.356624611939516944e+04
1.866540400000000099e+00 1.402608307566959047e+04
1.868891800000000103e+00 1.370423189582751002e+04
1.871232299999999960e+00 1.352766628232050061e+04
1.873561999999999950e+00 1.351883444325122036e+04
1.875880999999999910e+00 1.401610721366614052e+04
1.878189200000000003e+00 1.347891866511635999e+04
1.880486799999999903e+00 1.401360830596430969e+04
1.882773800000000053e+00 1.342875025174097937e+04
1.885050300000000068e+00 1.401191414077328955e+04
1.887316299999999947e+00 1.397075261055890951e+04
1.889571799999999913e+00 1.402369995881404975e+04
1.891816900000000023e+00 1.350854737697699966e+04
1.894051699999999894e+00 1.401417419125086963e+04
1.896276199999999967e+00 1.352014124747423921e+04
1.898490400000000022e+00 1.352564367616741947e+04
1.900694499999999953e+00 1.401834410223509985e+04
1.902888399999999924e+00 1.402850166954989072e+04
1.905072199999999993e+00 1.403418997762933941e+04
1.907245899999999939e+00 1.359900370116831982e+04
1.909409700000000099e+00 1.367801386558512968e+04
1.911563499999999971e+00 1.403410875198187023e+04
1.913707400000000058e+00 1.351807331387166050e+04
1.915841499999999975e+00 1.403729044321267975e+04
1.917965700000000107e+00 1.355457968659606013e+04
1.920080199999999904e+00 1.355182606740781011e+04
1.922185000000000032e+00 1.405053259659083051e+04
1.924280100000000049e+00 1.383108463930580001e+04
1.926365600000000011e+00 1.355523132079609968e+04
1.928441599999999978e+00 1.405288823666774078e+04
1.930507999999999891e+00 1.406731773566364063e+04
1.932564900000000030e+00 1.359338485915350975e+04
1.934612400000000010e+00 1.406661369207865937e+04
1.936650500000000052e+00 1.406898860361395054e+04
1.938679299999999994e+00 1.358123513570915020e+04
1.940698800000000057e+00 1.407207828127803077e+04
1.942709000000000019e+00 1.359539400867384938e+04
1.944710099999999997e+00 1.407643648931875941e+04
1.946701999999999932e+00 1.408188075108470912e+04
1.948684700000000047e+00 1.363642839914657998e+04
1.950658400000000015e+00 1.362079365655928996e+04
1.952623100000000056e+00 1.408733393709079064e+04
1.954578799999999950e+00 1.408836906978628031e+04
1.956525499999999917e+00 1.359465998000197942e+04
1.958463400000000076e+00 1.409280012358010026e+04
1.960392399999999924e+00 1.409606344249178073e+04
1.962312599999999962e+00 1.369563027801443968e+04
1.964224100000000028e+00 1.409893777306318952e+04
1.966126800000000063e+00 1.410326963793274990e+04
1.968020799999999904e+00 1.363288697906834022e+04
1.969906200000000052e+00 1.361028742920524019e+04
1.971783099999999900e+00 1.409553668796523016e+04
1.973651299999999997e+00 1.360282453881563015e+04
1.975511100000000075e+00 1.410066545584927007e+04
1.977362400000000076e+00 1.410561704645067948e+04
1.979205199999999998e+00 1.378369411720812059e+04
1.981039699999999959e+00 1.397412446467974951e+04
1.982865899999999959e+00 1.410883503988552911e+04
1.984683699999999940e+00 1.371501162493993070e+04
1.986493300000000017e+00 1.410534454580442070e+04
1.988294599999999912e+00 1.360924681836236959e+04
1.990087799999999962e+00 1.357959091737353083e+04
1.991872800000000110e+00 1.358545638389493070e+04
1.993649800000000027e+00 1.410294219250772949e+04
1.995418600000000042e+00 1.361719865315257084e+04
1.997179500000000107e+00 1.361303034266054055e+04
1.998932399999999943e+00 1.410874739136730022e+04
2.000677299999999992e+00 1.411399103336195913e+04
2.002414299999999869e+00 1.364936341541299953e+04
2.004143500000000078e+00 1.411014671270401959e+04
2.005864799999999892e+00 1.363839148553529049e+04
2.007578399999999874e+00 1.372797367528960058e+04
2.009284200000000187e+00 1.410747813762477927e+04
2.010982299999999778e+00 1.410852140589032024e+04
2.012672699999999981e+00 1.362373043479742955e+04
2.014355500000000188e+00 1.411047976144208042e+04
2.016030600000000117e+00 1.378051330470936955e+04
2.017698300000000167e+00 1.410981070067071960e+04
2.019358400000000220e+00 1.411106623517865046e+04
2.021011000000000113e+00 1.355138910735727040e+04
2.022656200000000126e+00 1.410340238419291018e+04
2.024293999999999816e+00 1.364679631058344057e+04
2.025924400000000070e+00 1.411062616155993965e+04
2.027547400000000000e+00 1.361731498994262074e+04
2.029163200000000167e+00 1.411019299032661002e+04
2.030771699999999846e+00 1.411316682793254040e+04
2.032372899999999927e+00 1.350718918200588996e+04
2.033967000000000080e+00 1.410460148275510073e+04
2.035553900000000027e+00 1.362274239423352992e+04
2.037133700000000047e+00 1.408246407309394999e+04
2.038706499999999977e+00 1.411276057241956005e+04
2.040272100000000144e+00 1.362376780913613948e+04
2.041830800000000057e+00 1.410986459575728077e+04
2.043382400000000043e+00 1.375783952597529969e+04
2.044927200000000056e+00 1.411715318173856940e+04
2.046464999999999979e+00 1.412098966229395955e+04
2.047995900000000091e+00 1.364382241422863081e+04
2.049519999999999786e+00 1.364087503987130003e+04
2.051037299999999952e+00 1.364803937335016053e+04
2.052547800000000144e+00 1.411906539135246931e+04
2.054051600000000199e+00 1.412251773303198024e+04
2.055548700000000117e+00 1.412607710280749961e+04
2.057039099999999898e+00 1.413163555649074078e+04
2.058522799999999986e+00 1.363684745400651991e+04
2.060000000000000053e+00 1.412389486174388912e+04
2.061470599999999820e+00 1.413148939368044012e+04
2.062934600000000174e+00 1.381332420441209069e+04
2.064392100000000063e+00 1.371603920515601931e+04
2.065843200000000213e+00 1.413293039321533070e+04
2.067287799999999898e+00 1.365967942980740918e+04
2.068725999999999843e+00 1.363217558369953076e+04
2.070157899999999884e+00 1.366245476996708931e+04
2.071583400000000186e+00 1.413808830261060939e+04
2.073002499999999859e+00 1.370547400768342959e+04
2.074415399999999909e+00 1.366018187243141983e+04
2.075822099999999892e+00 1.414524012010415936e+04
2.077222499999999972e+00 1.367679399370147985e+04
2.078616799999999820e+00 1.414736495653370912e+04
2.080004900000000045e+00 1.415996596550650065e+04
2.081386800000000203e+00 1.374595644450528016e+04
2.082762699999999967e+00 1.415734276283246072e+04
2.084132499999999943e+00 1.416075113272360068e+04
2.085496299999999970e+00 1.370650970293823957e+04
2.086854100000000045e+00 1.416237901083096949e+04
2.088205900000000170e+00 1.417018128525834072e+04
2.089551699999999901e+00 1.367466630986231939e+04
2.090891699999999798e+00 1.368897053013623918e+04
2.092225800000000024e+00 1.416819114201876073e+04
2.093554000000000137e+00 1.368777213771858078e+04
2.094876399999999972e+00 1.417216799632338007e+04
2.096192999999999973e+00 1.417452498079321049e+04
2.097503899999999977e+00 1.417697937753637052e+04
2.098809000000000147e+00 1.369698878220148981e+04
2.100108500000000156e+00 1.417224781268435072e+04
2.101402199999999887e+00 1.382209579279241916e+04
2.102690299999999901e+00 1.375859510446046988e+04
2.103972800000000198e+00 1.382192034501021953e+04
2.105249699999999891e+00 1.417698231970704910e+04
2.106521100000000146e+00 1.391980724235317939e+04
2.107786899999999797e+00 1.417926302353727988e+04
2.109047200000000011e+00 1.370543304259286924e+04
2.110302100000000181e+00 1.417377088168661976e+04
2.111551500000000026e+00 1.369415557224320946e+04
2.112795499999999826e+00 1.417600694516754083e+04
2.114034100000000027e+00 1.370442251220030994e+04
2.115267300000000184e+00 1.417340428337633966e+04
2.116495200000000132e+00 1.369316769266903066e+04
2.117717799999999873e+00 1.389105380577385949e+04
2.118935200000000130e+00 1.417672454457111962e+04
2.120147199999999899e+00 1.370668340221535982e+04
2.121354100000000020e+00 1.417066087373923983e+04
2.122555699999999934e+00 1.376455609834224924e+04
2.123752200000000201e+00 1.375382495755815034e+04
2.124943599999999932e+00 1.417370066186145959e+04
2.126129800000000181e+00 1.417431041837303019e+04
2.127310899999999894e+00 1.377928168238018952e+04
2.128486999999999796e+00 1.416583445192681938e+04
2.129658000000000051e+00 1.367179376785735076e+04
2.130824099999999888e+00 1.416322550631398008e+04
2.131985100000000077e+00 1.416925108220042966e+04
2.133141199999999849e+00 1.416505499417439933e+04
2.134292299999999809e+00 1.369913986013716021e+04
2.135438600000000076e+00 1.415472800367208947e+04
2.136579900000000087e+00 1.371939778243962974e+04
2.137716499999999797e+00 1.415377229572390934e+04
2.138848100000000141e+00 1.361727519222939009e+04
2.139975000000000183e+00 1.414542098678203911e+04
2.141097100000000086e+00 1.360581214677386015e+04
2.142214500000000132e+00 1.414750617302252067e+04
2.143327100000000041e+00 1.415211352399172938e+04
2.144435000000000091e+00 1.373561276107314916e+04
2.145538199999999840e+00 1.367790989778078074e+04
2.146636800000000012e+00 1.368424956419525006e+04
2.147730800000000162e+00 1.413861988420509078e+04
2.148820100000000011e+00 1.413662944094532031e+04
2.149904900000000119e+00 1.369886525565253942e+04
2.150985100000000205e+00 1.413361387531165929e+04
2.152060800000000107e+00 1.413310214455493042e+04
2.153131899999999987e+00 1.367280324100031066e+04
2.154198599999999963e+00 1.412358372240362951e+04
2.155260800000000199e+00 1.366342309686267981e+04
2.156318600000000085e+00 1.412483498237105960e+04
2.157372000000000067e+00 1.412576961519500946e+04
2.158421000000000145e+00 1.412336960936640935e+04
2.159465599999999874e+00 1.377686773726399952e+04
2.160505899999999979e+00 1.372949352251174059e+04
2.161541900000000016e+00 1.380892831036230928e+04
2.162573599999999985e+00 1.411391765376845979e+04
2.163600999999999885e+00 1.411744239159738936e+04
2.164624100000000162e+00 1.364144060384031945e+04
2.165643000000000207e+00 1.356987857954635911e+04
2.166657700000000020e+00 1.361238302459668921e+04
2.167668299999999881e+00 1.409957023182018020e+04
2.168674699999999955e+00 1.410329297910298919e+04
2.169676899999999797e+00 1.364662673729989910e+04
2.170675000000000132e+00 1.409798676780579990e+04
2.171669099999999908e+00 1.363205552089474986e+04
2.172659100000000176e+00 1.409605701713197959e+04
2.173645000000000049e+00 1.352730981575479927e+04
2.174626899999999807e+00 1.409053710491958009e+04
2.175604799999999894e+00 1.409363427767701978e+04
2.176578699999999866e+00 1.392571771331481068e+04
2.177548700000000004e+00 1.409512226034436935e+04
2.178514700000000026e+00 1.369953264399727959e+04
2.179476900000000050e+00 1.408605506710538975e+04
2.180435099999999959e+00 1.409362768572141067e+04
2.181389400000000034e+00 1.369200760312087004e+04
2.182339900000000110e+00 1.363144073942322029e+04
2.183286600000000188e+00 1.365831176959685945e+04
2.184229499999999824e+00 1.367256908650867081e+04
2.185168599999999905e+00 1.408241914946032921e+04
2.186103899999999989e+00 1.408955242696700043e+04
2.187035400000000074e+00 1.370093532118364055e+04
2.187963299999999833e+00 1.407982380666044082e+04
2.188887400000000039e+00 1.346669769592466037e+04
2.189807899999999918e+00 1.407740840648527046e+04
2.190724700000000080e+00 1.361551728519758035e+04
2.191637899999999917e+00 1.408247026746730080e+04
2.192547400000000035e+00 1.408621300268551931e+04
2.193453299999999828e+00 1.362276717075568922e+04
2.194355700000000020e+00 1.407835475411689004e+04
2.195254499999999886e+00 1.407517179109251083e+04
2.196149800000000152e+00 1.408375717410975994e+04
2.197041500000000092e+00 1.362972895943711956e+04
2.197929799999999823e+00 1.407725280690389081e+04
2.198814500000000116e+00 1.365033757992428946e+04
2.199695800000000201e+00 1.366982467926450045e+04
2.200573700000000077e+00 1.373356576108623085e+04
2.201448200000000188e+00 1.408216448664737072e+04
2.202319199999999810e+00 1.358403082718090081e+04
2.203186899999999948e+00 1.407343854021039078e+04
2.204051199999999877e+00 1.375476139644268915e+04
2.204912100000000041e+00 1.371176693545964008e+04
2.205769800000000114e+00 1.408012492808733077e+04
2.206624099999999977e+00 1.352376884895564945e+04
2.207475200000000193e+00 1.407508187443662064e+04
2.208323000000000036e+00 1.367729760741320933e+04
2.209167499999999951e+00 1.408641004769002029e+04
2.210008800000000218e+00 1.408360651299450910e+04
2.210846899999999948e+00 1.361907828301496920e+04
2.211681899999999867e+00 1.408644380458652086e+04
2.212513599999999858e+00 1.409297910016048081e+04
2.213342200000000037e+00 1.408887728662713016e+04
2.214167699999999961e+00 1.409128885644689035e+04
2.214989999999999792e+00 1.361829616083483052e+04
2.215809300000000093e+00 1.408402107008120038e+04
2.216625500000000137e+00 1.409181761265040950e+04
2.217438599999999926e+00 1.409766508226931910e+04
2.218248599999999904e+00 1.367107711587093036e+04
2.219055700000000186e+00 1.408584816927967950e+04
2.219859700000000213e+00 1.369133360578280917e+04
2.220660800000000101e+00 1.383432308682812072e+04
2.221458900000000014e+00 1.409348400945624053e+04
2.222253999999999952e+00 1.363903327830845046e+04
2.223046200000000194e+00 1.364657331516988961e+04
2.223835499999999854e+00 1.366126671733514013e+04
2.224621899999999819e+00 1.409069865363435019e+04
2.225405400000000089e+00 1.359617094305220962e+04
2.226186100000000057e+00 1.408825015212614926e+04
2.226963899999999885e+00 1.409803382405625052e+04
2.227738800000000019e+00 1.368460555799211943e+04
2.228511000000000131e+00 1.365231549375969917e+04
2.229280399999999940e+00 1.409287814450780024e+04
2.230046999999999890e+00 1.409950424070888948e+04
2.230810799999999983e+00 1.363049669898033972e+04
2.231571900000000053e+00 1.363270287102447946e+04
2.232330300000000101e+00 1.409044732602797922e+04
2.233085899999999846e+00 1.360740034629625916e+04
2.233838899999999850e+00 1.409215888110645938e+04
2.234589199999999831e+00 1.409741009320170087e+04
2.235336799999999791e+00 1.405665494243939975e+04
2.236081800000000008e+00 1.365663115372186985e+04
2.236824200000000040e+00 1.405040365283826941e+04
2.237563999999999886e+00 1.409611412118517001e+04
2.238301199999999991e+00 1.404745401864302949e+04
2.239035799999999909e+00 1.404949931862828998e+04
2.239767800000000086e+00 1.375366931272116926e+04
2.240497299999999914e+00 1.408771052665199932e+04
2.241224299999999836e+00 1.367492917185853003e+04
2.241948799999999853e+00 1.408833659779477057e+04
2.242670799999999964e+00 1.370606085642652033e+04
2.243390300000000170e+00 1.408570234594517933e+04
2.244107300000000027e+00 1.369452663642033076e+04
2.244822000000000095e+00 1.408489425531406960e+04
2.245534099999999977e+00 1.361769175551169064e+04
2.246243900000000071e+00 1.407716818948295077e+04
2.246951300000000096e+00 1.367118107237687036e+04
2.247656300000000051e+00 1.408178777990194976e+04
2.248358899999999938e+00 1.363908792539956085e+04
2.249059200000000036e+00 1.407969004479328942e+04
2.249757100000000065e+00 1.366925535447864058e+04
2.250452800000000142e+00 1.407812880439044056e+04
2.251146100000000150e+00 1.408292171270385006e+04
2.251837099999999925e+00 1.363888331045328960e+04
2.252525900000000192e+00 1.407286094392230007e+04
2.253212399999999782e+00 1.362371758268560006e+04
2.253896699999999864e+00 1.362319683202540000e+04
2.254578799999999994e+00 1.407418166427598044e+04
2.255258599999999891e+00 1.374399901394729022e+04
2.255936300000000116e+00 1.406875700661522023e+04
2.256611799999999945e+00 1.407321669665023910e+04
2.257285099999999822e+00 1.363204571399993984e+04
2.257956200000000191e+00 1.365238787173333913e+04
2.258625299999999836e+00 1.406520318371557005e+04
2.259292199999999973e+00 1.374969406988615083e+04
2.259956999999999994e+00 1.369833534705511011e+04
2.260619699999999899e+00 1.366259141676500985e+04
2.261280399999999968e+00 1.375390880451327939e+04
2.261938999999999922e+00 1.406554110879986001e+04
2.262595500000000204e+00 1.362572713916103021e+04
2.263250000000000206e+00 1.405279622325377932e+04
2.263902499999999929e+00 1.359396906727900932e+04
2.264553100000000097e+00 1.405259473951097061e+04
2.265201600000000148e+00 1.406464504086371016e+04
2.265848099999999921e+00 1.356682087200645947e+04
2.266492700000000138e+00 1.405274174387134917e+04
2.267135399999999912e+00 1.405884179661410053e+04
2.267776099999999850e+00 1.405442510475753079e+04
2.268414899999999790e+00 1.360505437399442962e+04
2.269051900000000010e+00 1.404655708600905928e+04
2.269686899999999952e+00 1.351170744185080912e+04
2.270320100000000174e+00 1.403754447800015987e+04
2.270951399999999953e+00 1.361853394329836919e+04
2.271580800000000178e+00 1.390067072160757016e+04
2.272208500000000075e+00 1.405102304004910911e+04
2.272834299999999974e+00 1.405012366810593085e+04
2.273458300000000154e+00 1.347383390597909056e+04
2.274080600000000008e+00 1.403620442803371952e+04
2.274700999999999862e+00 1.361588325606838953e+04
2.275319800000000114e+00 1.403673909090414963e+04
2.275936699999999924e+00 1.354082013804929011e+04
2.276552000000000131e+00 1.403687853227012965e+04
2.277165500000000176e+00 1.404617494613969029e+04
2.277777299999999894e+00 1.365428935779409949e+04
2.278387500000000010e+00 1.403232371091115056e+04
2.278995899999999963e+00 1.366014733555140083e+04
2.279602699999999871e+00 1.362382203982244027e+04
2.280207900000000176e+00 1.403394676122917917e+04
2.280811400000000155e+00 1.403815351348564036e+04
2.281413300000000088e+00 1.363653455682370077e+04
2.282013599999999975e+00 1.402868091634091070e+04
2.282612299999999816e+00 1.363986921199022072e+04
2.283209400000000056e+00 1.403150758617137035e+04
2.283804899999999805e+00 1.352885971889161920e+04
2.284398899999999788e+00 1.402435668682081086e+04
2.284991400000000006e+00 1.364349305455778995e+04
2.285582300000000178e+00 1.402363248600293082e+04
2.286171799999999976e+00 1.371926341116492040e+04
2.286759700000000173e+00 1.403157022873869937e+04
2.287346100000000160e+00 1.368476538630375944e+04
2.287931100000000217e+00 1.402360497785781081e+04
2.288514600000000065e+00 1.363226933558506062e+04
2.289096600000000148e+00 1.402865316720990086e+04
2.289677199999999857e+00 1.402812683321680015e+04
2.290256400000000081e+00 1.360003166781125947e+04
2.290834199999999932e+00 1.402069741718499972e+04
2.291410599999999853e+00 1.358498301215102947e+04
2.291985599999999845e+00 1.358960291321515069e+04
2.292559300000000189e+00 1.402364730814072027e+04
2.293131499999999878e+00 1.365955013110390064e+04
2.293702500000000200e+00 1.402060315433274081e+04
2.294272100000000147e+00 1.401878288137244090e+04
2.294840400000000002e+00 1.360603758485388971e+04
2.295407400000000209e+00 1.402538333572050033e+04
2.295973099999999878e+00 1.402195396223104945e+04
2.296537499999999898e+00 1.403013125220237089e+04
2.297100599999999826e+00 1.361823847429262059e+04
2.297662499999999941e+00 1.402250768089363919e+04
2.298223099999999963e+00 1.350968424564784982e+04
2.298782600000000009e+00 1.400969841551088030e+04
2.299340799999999962e+00 1.403225587296627054e+04
2.299897699999999823e+00 1.377780146083112049e+04
2.300453599999999987e+00 1.402097667471221939e+04
2.301008200000000059e+00 1.374835433471016040e+04
2.301561599999999874e+00 1.402519071153076948e+04
2.302113900000000157e+00 1.354649235124351071e+04
2.302665100000000020e+00 1.401689620179497979e+04
2.303215100000000071e+00 1.364635122494493953e+04
2.303764000000000145e+00 1.401789728554426983e+04
2.304311799999999799e+00 1.364430586093740021e+04
2.304858499999999921e+00 1.402139324610016047e+04
2.305404199999999904e+00 1.403095535977053078e+04
2.305948700000000073e+00 1.402878760293507003e+04
2.306492200000000103e+00 1.367279934701435013e+04
2.307034699999999994e+00 1.402467999904839962e+04
2.307576099999999908e+00 1.402398929824811057e+04
2.308116500000000126e+00 1.359199178243200913e+04
2.308655900000000205e+00 1.359588644316216960e+04
2.309194300000000144e+00 1.402017755599393058e+04
2.309731799999999780e+00 1.402580746353926043e+04
2.310268199999999883e+00 1.360596924792331083e+04
2.310803700000000127e+00 1.402110043471274003e+04
2.311338199999999787e+00 1.356657165849442026e+04
2.311871899999999869e+00 1.401854658748105066e+04
2.312404499999999974e+00 1.372679769130364002e+04
2.312936300000000056e+00 1.402190681567337924e+04
2.313467199999999835e+00 1.402541136252860997e+04
2.313997200000000198e+00 1.360647709469656911e+04
2.314526299999999814e+00 1.402814981461132993e+04
2.315054500000000015e+00 1.378027595037088031e+04
2.315581900000000193e+00 1.360955454713797008e+04
2.316108499999999903e+00 1.402124133163836996e+04
2.316634200000000199e+00 1.389323810499692991e+04
2.317159100000000027e+00 1.389463518133008984e+04
2.317683199999999832e+00 1.403053995290316925e+04
2.318206500000000059e+00 1.362375175397577914e+04
2.318728999999999818e+00 1.402079075185158945e+04
2.319250799999999835e+00 1.379669728718957958e+04
2.319771799999999828e+00 1.402889636603869076e+04
2.320291999999999799e+00 1.363289751113177954e+04
2.320811500000000027e+00 1.361465754809063037e+04
2.321330300000000069e+00 1.358310539599040931e+04
2.321848399999999923e+00 1.364241269132849084e+04
2.322365800000000036e+00 1.402066823678989931e+04
2.322882499999999961e+00 1.366626463418481035e+04
2.323398500000000144e+00 1.363155683104007039e+04
2.323913899999999977e+00 1.402726462412462934e+04
2.324428600000000067e+00 1.403426767738726085e+04
2.324942599999999970e+00 1.361801675774195064e+04
2.325455999999999968e+00 1.361841780463534997e+04
2.325968800000000059e+00 1.402174590845535931e+04
2.326480999999999799e+00 1.360530025174233015e+04
2.326992699999999914e+00 1.402283722310228040e+04
2.327503699999999842e+00 1.363766492067277977e+04
2.328014099999999864e+00 1.403076691837910948e+04
2.328523999999999816e+00 1.403225113814074939e+04
2.329033299999999862e+00 1.351577215294687085e+04
2.329542099999999838e+00 1.402234048348139913e+04
2.330050400000000188e+00 1.360835825622756056e+04
2.330558200000000024e+00 1.402742861796514080e+04
2.331065399999999954e+00 1.352359153493413032e+04
2.331572200000000095e+00 1.402477251035140034e+04
2.332078399999999885e+00 1.372396373988322921e+04
2.332584199999999885e+00 1.397801973204659043e+04
2.333089600000000097e+00 1.403902448613054912e+04
2.333594499999999794e+00 1.404227886718018090e+04
2.334098899999999865e+00 1.350688197956694967e+04
2.334602999999999984e+00 1.402289156032126084e+04
2.335106600000000032e+00 1.362681541104075950e+04
2.335609799999999847e+00 1.403233757947103004e+04
2.336112599999999873e+00 1.350314853592690088e+04
2.336615099999999945e+00 1.402670851559804032e+04
2.337117099999999947e+00 1.362846205883237053e+04
2.337618899999999833e+00 1.402984918717854998e+04
2.338120200000000093e+00 1.353611947463233082e+04
2.338621299999999792e+00 1.402595485682119943e+04
2.339122000000000146e+00 1.371462885421095962e+04
2.339622400000000102e+00 1.368736510044942042e+04
2.340122500000000105e+00 1.404160718393084971e+04
2.340622300000000156e+00 1.404384586733905962e+04
2.341121799999999809e+00 1.357676113246836030e+04
2.341621099999999789e+00 1.402754040661349063e+04
2.342120099999999816e+00 1.357101407038199068e+04
2.342618900000000171e+00 1.403134038078209960e+04
2.343117400000000128e+00 1.366723690140674080e+04
2.343615699999999968e+00 1.403691072482285927e+04
2.344113800000000136e+00 1.403667433405455085e+04
2.344611700000000187e+00 1.366647225404009077e+04
2.345109400000000122e+00 1.403979503470617055e+04
2.345606899999999939e+00 1.357198707853412088e+04
2.346104299999999920e+00 1.403357057736912066e+04
2.346601499999999785e+00 1.404530475095875954e+04
2.347098499999999976e+00 1.348654221726407923e+04
2.347595500000000168e+00 1.402707957674383033e+04
2.348092299999999799e+00 1.353131367290942944e+04
2.348589000000000038e+00 1.397603528025195919e+04
2.349085500000000160e+00 1.395014023405658918e+04
2.349581999999999837e+00 1.501255032902083076e+04
2.350078499999999959e+00 2.490824907760513088e+04
2.350574799999999964e+00 3.261811558440257068e+04
2.351071099999999969e+00 3.742923999353364343e+04
2.351567399999999974e+00 3.914429438548164035e+04
2.352063600000000143e+00 4.306076286813191109e+04
2.352559700000000031e+00 4.516134600630615751e+04
2.353056000000000036e+00 4.715995883661360131e+04
2.353438999999999837e+00 4.902538464122769074e+04
2.353822000000000081e+00 6.095789809294864244e+04
2.354204999999999881e+00 7.842566650033110636e+04
2.354588099999999962e+00 1.021253872867598984e+05
2.354971200000000042e+00 1.318387346270208072e+05
2.355354499999999796e+00 1.642836812640831049e+05
2.355737799999999993e+00 1.972044075316510862e+05
2.356121299999999863e+00 2.239347950562676124e+05
2.356504999999999850e+00 2.404949342142126989e+05
2.356888800000000117e+00 2.417348937413475942e+05
2.357272800000000057e+00 2.458461001075571112e+05
2.357657000000000114e+00 2.430404287856878072e+05
2.358041399999999843e+00 2.409606263524492097e+05
2.358426099999999970e+00 2.397890315136075951e+05
2.358811000000000213e+00 2.387916169750996050e+05
2.359196199999999966e+00 2.353420758265061013e+05
2.359581700000000115e+00 2.399562524042658915e+05
2.359967500000000218e+00 2.399680710079167911e+05
2.360353700000000110e+00 2.407080960301441082e+05
2.360740199999999955e+00 2.395983121680587938e+05
2.361127100000000034e+00 2.366798913622150139e+05
2.361514399999999902e+00 2.403071441701824078e+05
2.361902100000000004e+00 2.399374210682139092e+05
2.362290199999999896e+00 2.388837839566429902e+05
2.362678799999999857e+00 2.391047767183748074e+05
2.363067800000000052e+00 2.390162283019190945e+05
2.363457400000000153e+00 2.400019119693796965e+05
2.363847400000000043e+00 2.407518344798173930e+05
2.364237999999999840e+00 2.411426639751021867e+05
2.364629100000000150e+00 2.411694257466662093e+05
2.365020700000000087e+00 2.403870844245039916e+05
2.365413000000000210e+00 2.398579601419715036e+05
2.365805899999999795e+00 2.400531349973517936e+05
2.366199299999999894e+00 2.395118050264641934e+05
2.366593500000000017e+00 2.393773995519295859e+05
2.366988200000000209e+00 2.385624585900761012e+05
2.367383699999999980e+00 2.383519911697329953e+05
2.367779800000000101e+00 2.383349125131047913e+05
2.368176699999999801e+00 2.393233840835366864e+05
2.368574300000000132e+00 2.402269601313277963e+05
2.368972700000000042e+00 2.418566118334631901e+05
2.369371800000000139e+00 2.413533791650038911e+05
2.369771800000000095e+00 2.406962808748784009e+05
2.370172499999999793e+00 2.390062466368507012e+05
2.370574099999999795e+00 2.385839839124912978e+05
2.370976499999999820e+00 2.369732152246677142e+05
2.371379800000000149e+00 2.367324773526554054e+05
2.371783999999999892e+00 2.383077564772614860e+05
2.372189099999999939e+00 2.379641569913949061e+05
2.372595200000000126e+00 2.376743434268384008e+05
2.373002200000000173e+00 2.372777121072265145e+05
2.373410100000000078e+00 2.370218965798759891e+05
2.373819099999999960e+00 2.376115916394857049e+05
2.374229000000000145e+00 2.377561705660813896e+05
2.374639999999999862e+00 2.378381501824797888e+05
2.375052099999999999e+00 2.372491583266099042e+05
2.375465199999999832e+00 2.313081280302022060e+05
2.375879400000000086e+00 2.310512822867596115e+05
2.376294699999999871e+00 2.354371935522248095e+05
2.376711199999999913e+00 2.354999681882497098e+05
2.377128799999999931e+00 2.340559571298875962e+05
2.377547600000000205e+00 2.328091834383390960e+05
2.377967599999999848e+00 2.366301940845701902e+05
2.378388699999999911e+00 2.367223728603963100e+05
2.378811199999999904e+00 2.372893858146482089e+05
2.379234799999999872e+00 2.370431347963729058e+05
2.379659800000000214e+00 2.373691996210899088e+05
2.380085999999999924e+00 2.367037291248952970e+05
2.380513600000000007e+00 2.368091073155355989e+05
2.380942500000000184e+00 2.364082177331110870e+05
2.381372700000000009e+00 2.355207425314855063e+05
2.381804400000000044e+00 2.353732294236882008e+05
2.382237400000000171e+00 2.348016571997870924e+05
2.382671900000000065e+00 2.350942399854430114e+05
2.383107700000000051e+00 2.352854650936046091e+05
2.383545100000000083e+00 2.356969457302331866e+05
2.383983900000000045e+00 2.362741630289047898e+05
2.384424300000000052e+00 2.364521360885302129e+05
2.384866199999999825e+00 2.367847020416152955e+05
2.385309599999999808e+00 2.356502486377937021e+05
2.385754599999999837e+00 2.354390170770194964e+05
2.386201199999999911e+00 2.306483999983757967e+05
2.386649400000000032e+00 2.354522998348530964e+05
2.387099200000000199e+00 2.354256570523997943e+05
2.387550699999999804e+00 2.351385974700502120e+05
2.388003900000000179e+00 2.360413016079044901e+05
2.388458799999999993e+00 2.361412403603346029e+05
2.388915400000000133e+00 2.360685207329331024e+05
2.389373700000000156e+00 2.359778762087936921e+05
2.389833900000000177e+00 2.359919087145687954e+05
2.390295800000000082e+00 2.360451193007781985e+05
2.390759500000000148e+00 2.355478227198772947e+05
2.391224999999999934e+00 2.352423949247070996e+05
2.391692499999999999e+00 2.352266523352710065e+05
2.392161799999999783e+00 2.296085598683937860e+05
2.392633000000000010e+00 2.349002802738083119e+05
2.393106099999999792e+00 2.346602409435547015e+05
2.393581199999999853e+00 2.348747424344739993e+05
2.394058199999999914e+00 2.349448697049216134e+05
2.394537300000000091e+00 2.350239935627644008e+05
2.395018299999999822e+00 2.351204026899054879e+05
2.395501499999999950e+00 2.353969907574903045e+05
2.395986600000000077e+00 2.352944433753647900e+05
2.396473900000000157e+00 2.353108151861088991e+05
2.396963299999999908e+00 2.354187782543564099e+05
2.397454800000000219e+00 2.349277450686967932e+05
2.397948500000000038e+00 2.312983088726949063e+05
2.398444399999999810e+00 2.353677566910769965e+05
2.398942499999999978e+00 2.358040702429868979e+05
2.399442800000000098e+00 2.352996155087937950e+05
2.399945400000000006e+00 2.359518090307340026e+05
2.400450199999999867e+00 2.356076537178865110e+05
2.400957399999999797e+00 2.357747624396675092e+05
2.401466899999999960e+00 2.357209643293769914e+05
2.401978699999999911e+00 2.354205420799328131e+05
2.402493000000000212e+00 2.351922130220666877e+05
2.403009599999999857e+00 2.349967884548298025e+05
2.403528699999999851e+00 2.350216592149886128e+05
2.404050199999999915e+00 2.352637008560654940e+05
2.404574300000000164e+00 2.360093274750772107e+05
2.405100800000000039e+00 2.362742335935758892e+05
2.405629799999999818e+00 2.366774863594986091e+05
2.406161500000000064e+00 2.365369924446170917e+05
2.406695700000000215e+00 2.361316086726871144e+05
2.407232500000000108e+00 2.353958265755583125e+05
2.407772000000000023e+00 2.347779419847580139e+05
2.408314100000000124e+00 2.330726462943486113e+05
2.408858899999999803e+00 2.342642844130611047e+05
2.409406399999999948e+00 2.342505555297799874e+05
2.409956699999999952e+00 2.342573937366752070e+05
2.410509799999999814e+00 2.351859353592041880e+05
2.411065600000000142e+00 2.359569637466619897e+05
2.411624300000000165e+00 2.367598872186563967e+05
2.412185800000000047e+00 2.371207201164069993e+05
2.412750200000000067e+00 2.333214891568532912e+05
2.413317499999999782e+00 2.390858867308231129e+05
2.413887700000000081e+00 2.392441366651671124e+05
2.414461000000000190e+00 2.387160143799184880e+05
2.415037100000000159e+00 2.376708799083658087e+05
2.415616400000000219e+00 2.370051703756366041e+05
2.416198599999999974e+00 2.362979271930821997e+05
2.416783999999999821e+00 2.358230680849046039e+05
2.417372400000000088e+00 2.356571924021402956e+05
2.417964000000000002e+00 2.359902570326812856e+05
2.418558700000000172e+00 2.352452064667156956e+05
2.419156599999999990e+00 2.371398356103150873e+05
2.419757800000000181e+00 2.379196480323022115e+05
2.420362100000000183e+00 2.380679777088215051e+05
2.420969799999999950e+00 2.384915636468394077e+05
2.421580800000000089e+00 2.381641911138895957e+05
2.422195100000000156e+00 2.373071447158321098e+05
2.422812799999999989e+00 2.368012287386035023e+05
2.423433800000000193e+00 2.357332469933237880e+05
2.424058299999999999e+00 2.351166543210071977e+05
2.424686299999999850e+00 2.354092529694251134e+05
2.425317699999999910e+00 2.352708443685953971e+05
2.425952699999999851e+00 2.363391798113473924e+05
2.426591199999999837e+00 2.366316967428871139e+05
2.427233300000000149e+00 2.379919482909658109e+05
2.427878999999999898e+00 2.382633435772678058e+05
2.428528399999999809e+00 2.387636626299101044e+05
2.429181400000000046e+00 2.386103906470050861e+05
2.429838100000000001e+00 2.375741997257508920e+05
2.430498599999999954e+00 2.369997843811266939e+05
2.431162899999999905e+00 2.363221713638496876e+05
2.431830900000000018e+00 2.357988412111488869e+05
2.432502799999999965e+00 2.357084886351905006e+05
2.433178499999999911e+00 2.354907799401308002e+05
2.433858199999999972e+00 2.360276796487972024e+05
2.434541799999999867e+00 2.363944198691064084e+05
2.435229300000000041e+00 2.363030523652496922e+05
2.435920900000000167e+00 2.369213102149614133e+05
2.436616499999999963e+00 2.369488895216601086e+05
2.437316200000000155e+00 2.377675517579129955e+05
2.438019900000000018e+00 2.382347859840164019e+05
2.438727800000000112e+00 2.386748096475306083e+05
2.439439899999999994e+00 2.392811984201857995e+05
2.440156200000000108e+00 2.394289226368782111e+05
2.440876700000000010e+00 2.387361084358479129e+05
2.441601499999999980e+00 2.387391851409737137e+05
2.442330600000000018e+00 2.381817960716724920e+05
2.443064099999999961e+00 2.374174969094601111e+05
2.443801899999999971e+00 2.368986511021349870e+05
2.444544200000000167e+00 2.362199362613096018e+05
2.445290899999999823e+00 2.352918154773690912e+05
2.446042100000000108e+00 2.358497176286976901e+05
2.446797800000000134e+00 2.353399139211600123e+05
2.447558100000000181e+00 2.357682025577042950e+05
2.448322999999999805e+00 2.356871926759816124e+05
2.449092600000000175e+00 2.360656460560584092e+05
2.449866800000000122e+00 2.363153458076478855e+05
2.450645699999999927e+00 2.356325571370109101e+05
2.451429399999999870e+00 2.329984747477489873e+05
2.452217899999999950e+00 2.360416596944853081e+05
2.453011200000000169e+00 2.354355312382038101e+05
2.453809399999999918e+00 2.326076385159853089e+05
2.454612500000000086e+00 2.355985424557875085e+05
2.455420499999999784e+00 2.323090688921113906e+05
2.456233500000000181e+00 2.358621630472416873e+05
2.457051499999999944e+00 2.352409597000450012e+05
2.457874599999999798e+00 2.358282691086085106e+05
2.458702800000000188e+00 2.352861067607598961e+05
2.459536200000000061e+00 2.355899914991371043e+05
2.460374700000000026e+00 2.355282246446199133e+05
2.461218500000000198e+00 2.354968164079914859e+05
2.462067499999999853e+00 2.354484009842110099e+05
2.462921800000000161e+00 2.352714188273196924e+05
2.463781500000000069e+00 2.336405331157685141e+05
2.464646600000000021e+00 2.350694814756558044e+05
2.465517100000000017e+00 2.343589656335208856e+05
2.466393099999999894e+00 2.348343842310646141e+05
2.467274600000000095e+00 2.347144009352588910e+05
2.468161600000000178e+00 2.340746586207287910e+05
2.469054299999999813e+00 2.341348900566725933e+05
2.469952600000000054e+00 2.283061485835897911e+05
2.470856599999999847e+00 2.330044395603874873e+05
2.471766399999999919e+00 2.332004468044122914e+05
2.472681899999999988e+00 2.325904990925813909e+05
2.473603300000000171e+00 2.328680793959554867e+05
2.474530500000000188e+00 2.329925948770818941e+05
2.475463599999999875e+00 2.327656302150030970e+05
2.476402699999999957e+00 2.332488320304600056e+05
2.477347799999999989e+00 2.333741215884537087e+05
2.478298999999999808e+00 2.336679764837349940e+05
2.479256299999999857e+00 2.339961645571482077e+05
2.480219700000000138e+00 2.280455356937044126e+05
2.481189300000000042e+00 2.341833251054036082e+05
2.482165100000000013e+00 2.313636999601614953e+05
2.483147199999999888e+00 2.342036161604207882e+05
2.484135699999999947e+00 2.347516292795827903e+05
2.485130499999999909e+00 2.340732450357628113e+05
2.486131799999999892e+00 2.328504301832373894e+05
2.487139599999999895e+00 2.335464165450189903e+05
2.488153800000000082e+00 2.326654934391260904e+05
2.489174699999999962e+00 2.320917461106918054e+05
2.490202200000000143e+00 2.309627324404499959e+05
2.491236400000000017e+00 2.318508243270294042e+05
2.492277300000000029e+00 2.321353477750828024e+05
2.493324900000000177e+00 2.323386838907258061e+05
2.494379499999999972e+00 2.330076803219828871e+05
2.495440799999999903e+00 2.330647145491135016e+05
2.496509200000000206e+00 2.333863876059342001e+05
2.497584499999999874e+00 2.334797106783094059e+05
2.498666800000000077e+00 2.326341000588664901e+05
2.499756300000000042e+00 2.324910965535817959e+05
2.500852899999999934e+00 2.319865188073235040e+05
2.501956600000000197e+00 2.311746758918323903e+05
2.503067699999999896e+00 2.320199287394493003e+05
2.504185999999999801e+00 2.273934306732726109e+05
