2.291061100000000017e-01 2.727196455708125141e+05
2.462374900000000033e-01 2.687112249918906018e+05
2.632317399999999918e-01 2.660763357334571192e+05
2.800899600000000267e-01 2.633750400381978834e+05
2.968132499999999729e-01 2.615565782713755034e+05
3.134026899999999838e-01 2.591707722464512917e+05
3.298593699999999851e-01 2.585285362279046094e+05
3.461843600000000243e-01 2.566445744004733860e+05
3.623787199999999875e-01 2.555397037891511864e+05
3.784434999999999882e-01 2.542968294726498134e+05
3.943797499999999734e-01 2.533361296435277909e+05
4.101885100000000062e-01 2.521345367047904874e+05
4.258708099999999885e-01 2.512315792218392889e+05
4.414276699999999942e-01 2.504837388643024897e+05
4.568600899999999965e-01 2.491217928760538052e+05
4.721690900000000135e-01 2.490453622995752958e+05
4.873556600000000238e-01 2.485966584779790137e+05
5.024207899999999505e-01 2.477249901053977082e+05
5.173654500000000045e-01 2.471108993466557877e+05
5.321906400000000481e-01 2.465132740796506114e+05
5.468972899999999804e-01 2.460511668751536054e+05
5.614863900000000019e-01 2.455366162335237022e+05
5.759588700000000117e-01 2.450325209225080907e+05
5.903156699999999590e-01 2.443561355479196936e+05
6.045577399999999546e-01 2.440723644340549072e+05
6.186859900000000190e-01 2.433497013985512895e+05
6.327013599999999904e-01 2.432907173240791890e+05
6.466047400000000112e-01 2.424318541948272905e+05
6.603970500000000410e-01 2.425384776724847034e+05
6.740791800000000000e-01 2.419348252431318106e+05
6.876520200000000305e-01 2.420252409764085023e+05
7.011164600000000524e-01 2.415458023453805072e+05
7.144733699999999965e-01 2.410494306824532978e+05
7.277236299999999547e-01 2.409518172051289876e+05
7.408680899999999792e-01 2.406467272757962055e+05
7.539076200000000005e-01 2.404001534642261977e+05
7.668430499999999705e-01 2.401218871616001124e+05
7.796752300000000524e-01 2.398583602635748975e+05
7.924050000000000260e-01 2.396756187662142038e+05
8.050331899999999541e-01 2.393048727365439117e+05
8.175606100000000209e-01 2.385188015592274896e+05
8.299880899999999562e-01 2.388165711735810910e+05
8.423164199999999546e-01 2.386481857345036115e+05
8.545464299999999680e-01 2.380442651306052867e+05
8.666788899999999796e-01 2.384877764168439899e+05
8.787146000000000123e-01 2.370903470674497948e+05
8.906543500000000391e-01 2.383278844661052863e+05
9.024988999999999928e-01 2.378128221446581883e+05
9.142490399999999573e-01 2.369132859555935138e+05
9.259055200000000374e-01 2.379055089493056876e+05
9.374691099999999944e-01 2.374008896637785074e+05
9.489405600000000440e-01 2.359589408982112946e+05
9.603206100000000189e-01 2.370906788972128998e+05
9.716100100000000239e-01 2.356772324314670113e+05
9.828094800000000131e-01 2.364526225114844856e+05
9.939197699999999802e-01 2.364119517933076131e+05
1.004941599999999990e+00 2.366587661131740024e+05
1.015875700000000048e+00 2.344227795852152922e+05
1.026722700000000099e+00 2.360012623899615137e+05
1.037483399999999945e+00 2.357975567126616952e+05
1.048158399999999935e+00 2.341700892216590873e+05
1.058748599999999929e+00 2.358057877568732947e+05
1.069254399999999938e+00 2.354476962630100898e+05
1.079676800000000103e+00 2.346478413906146889e+05
1.090016199999999991e+00 2.356017670972911874e+05
1.100273400000000068e+00 2.337729246025854081e+05
1.110449100000000078e+00 2.355501286948705965e+05
1.120543899999999926e+00 2.342149543258663034e+05
1.130558399999999963e+00 2.338849087696677889e+05
1.140493399999999991e+00 2.347960232997811108e+05
1.150349499999999914e+00 2.340101796166654967e+05
1.160127300000000083e+00 2.336593877246211050e+05
1.169827399999999962e+00 2.340805256235470879e+05
1.179450499999999957e+00 2.338080562269215879e+05
1.188997199999999976e+00 2.338083410656331107e+05
1.198468199999999984e+00 2.331647829726081109e+05
1.207863899999999990e+00 2.326644559377201076e+05
1.217185200000000078e+00 2.334413994782248046e+05
1.226432500000000037e+00 2.323153036513522966e+05
1.235606500000000052e+00 2.336565643726247072e+05
1.244707699999999972e+00 2.330932870891210041e+05
1.253736900000000043e+00 2.329268434359027888e+05
1.262694399999999995e+00 2.327252269996720133e+05
1.271581000000000072e+00 2.333790872226826032e+05
1.280397199999999902e+00 2.320353628409123921e+05
1.289143499999999998e+00 2.317684498944008083e+05
1.297820600000000102e+00 2.306820929245241859e+05
1.306429000000000062e+00 2.321653396653984964e+05
1.314969300000000008e+00 2.316559352970467007e+05
1.323442100000000066e+00 2.313976838947240904e+05
1.331847800000000026e+00 2.320415164421033114e+05
1.340187000000000017e+00 2.317516544480716111e+05
1.348460299999999945e+00 2.313164392306829104e+05
1.356668200000000102e+00 2.322557530110935040e+05
1.364811299999999950e+00 2.317195436516327900e+05
1.372889999999999944e+00 2.315047825998174958e+05
1.380905000000000049e+00 2.316722305097808130e+05
1.388856599999999997e+00 2.317577369583031978e+05
1.396745499999999973e+00 2.315901251208788890e+05
1.404572200000000048e+00 2.305629842445781105e+05
1.412337100000000012e+00 2.306183856628859066e+05
1.420040699999999934e+00 2.297260089705898135e+05
1.427683700000000000e+00 2.305438774753219914e+05
1.435266399999999942e+00 2.297906190683353925e+05
1.442789400000000111e+00 2.298741955587507109e+05
1.450253100000000073e+00 2.289700420456301072e+05
1.457658099999999957e+00 2.295361855935947096e+05
1.465004699999999938e+00 2.293394353131832031e+05
1.472293599999999980e+00 2.304738492072604131e+05
1.479525100000000037e+00 2.294433406999738945e+05
1.486699800000000016e+00 2.305187796484451974e+05
1.493818099999999927e+00 2.311299653471198108e+05
1.500880500000000062e+00 2.308039959544735902e+05
1.507887399999999989e+00 2.304014283037571004e+05
1.514839199999999941e+00 2.292267165794874891e+05
1.521736600000000106e+00 2.306222695697869058e+05
1.528579799999999933e+00 2.299974784603501030e+05
1.535369299999999937e+00 2.294827572604475135e+05
1.542105599999999965e+00 2.296422660673630016e+05
1.548789100000000030e+00 2.288705307247662859e+05
1.555420299999999978e+00 2.291072560071490007e+05
1.561999600000000044e+00 2.293054598406078003e+05
1.568527400000000016e+00 2.283585316298095859e+05
1.575004099999999907e+00 2.278603109964368923e+05
1.581430099999999950e+00 2.273982551337681944e+05
1.587806000000000051e+00 2.267815222237920098e+05
1.594132000000000104e+00 2.278010555532680883e+05
1.600408599999999959e+00 2.265220899723409966e+05
1.606636200000000070e+00 2.274517637879858084e+05
1.612815300000000063e+00 2.278446706263890082e+05
1.618946100000000055e+00 2.269386741544560937e+05
1.625029199999999951e+00 2.275951277312372113e+05
1.631064899999999929e+00 2.275879778992980137e+05
1.637053599999999998e+00 2.274446123099288961e+05
1.642995699999999948e+00 2.263552080481578887e+05
1.648891600000000013e+00 2.275015374090209079e+05
1.654741599999999924e+00 2.273816224095156940e+05
1.660546199999999972e+00 2.265937773262654955e+05
1.666305699999999890e+00 2.271163625026248919e+05
1.672020499999999910e+00 2.269924128149028111e+05
1.677691000000000043e+00 2.268183757772892131e+05
1.683317500000000022e+00 2.267166947345462977e+05
1.688900400000000079e+00 2.257497678318048129e+05
1.694440100000000005e+00 2.264582426076703123e+05
1.699936899999999973e+00 2.255180104062327009e+05
1.705391199999999996e+00 2.259637451492174005e+05
1.710803400000000085e+00 2.261317549542736087e+05
1.716173699999999913e+00 2.257129413206471945e+05
1.721502599999999994e+00 2.255145098316652875e+05
1.726790400000000059e+00 2.255970649330845918e+05
1.732037400000000060e+00 2.245395347919469932e+05
1.737244000000000010e+00 2.254505111910827982e+05
1.742410500000000084e+00 2.250775892124252860e+05
1.747537300000000071e+00 2.253997343028236064e+05
1.752624600000000088e+00 2.240558169351874094e+05
1.757672899999999983e+00 2.252726091221788083e+05
1.762682400000000094e+00 2.239523241973299009e+05
1.767653499999999989e+00 2.244780925056248088e+05
1.772586500000000065e+00 2.249772273636960017e+05
1.777481700000000053e+00 2.239058611011749890e+05
1.782339399999999907e+00 2.244920198475504003e+05
1.787160000000000082e+00 2.236966923177432909e+05
1.791943800000000087e+00 2.242664417189602100e+05
1.796691000000000038e+00 2.245655589652929921e+05
1.801401999999999948e+00 2.240049791690391139e+05
1.806077099999999991e+00 2.245015849788069027e+05
1.810716599999999898e+00 2.243787380055575923e+05
1.815320800000000068e+00 2.231823139367247059e+05
1.819890000000000008e+00 2.243282063732807001e+05
1.824424499999999894e+00 2.236168614276812004e+05
1.828924599999999900e+00 2.238870069045826094e+05
1.833390499999999923e+00 2.235119793355400034e+05
1.837822700000000031e+00 2.239255625877229904e+05
1.842221300000000062e+00 2.236465259003055980e+05
1.846586599999999967e+00 2.228608234780383937e+05
1.850918999999999981e+00 2.228032422388324921e+05
1.855218699999999998e+00 2.234989885410892894e+05
1.859485999999999972e+00 2.237552758932845027e+05
1.863721200000000078e+00 2.220949446979679924e+05
1.867924499999999988e+00 2.232060022658761009e+05
1.872096200000000099e+00 2.221950433051750006e+05
1.876236699999999979e+00 2.227134975481131114e+05
1.880346099999999909e+00 2.212670764187668101e+05
1.884424700000000064e+00 2.215483475118440983e+05
1.888472799999999951e+00 2.222927393865573977e+05
1.892490699999999970e+00 2.210002142164502875e+05
1.896478600000000014e+00 2.218468003680628026e+05
1.900436800000000037e+00 2.206595282187876001e+05
1.904365499999999933e+00 2.213439276301650971e+05
1.908265000000000100e+00 2.208015518868840882e+05
1.912135600000000046e+00 2.203955898998026969e+05
1.915977499999999889e+00 2.204306903943326033e+05
1.919790899999999967e+00 2.207644775807223923e+05
1.923576100000000011e+00 2.201431148095786048e+05
1.927333299999999916e+00 2.194604056044467143e+05
1.931062899999999916e+00 2.203458800967585994e+05
1.934765000000000068e+00 2.200858521693887014e+05
1.938439800000000046e+00 2.198718323584756872e+05
1.942087700000000083e+00 2.189371870987717994e+05
1.945708800000000016e+00 2.198025743121487030e+05
1.949303400000000019e+00 2.197433569368619937e+05
1.952871699999999988e+00 2.190798722557282890e+05
1.956414000000000097e+00 2.198794815490657056e+05
1.959930500000000020e+00 2.192753122878253052e+05
1.963421300000000036e+00 2.183442672169414000e+05
1.966886799999999935e+00 2.193706028082266857e+05
1.970327200000000056e+00 2.193354728958740016e+05
1.973742600000000014e+00 2.191687716606803879e+05
1.977133400000000041e+00 2.190888953178976080e+05
1.980499699999999974e+00 2.192923626798884070e+05
1.983841699999999930e+00 2.193271276576849050e+05
1.987159799999999921e+00 2.193494375936191063e+05
1.990453999999999946e+00 2.188993193453114072e+05
1.993724499999999900e+00 2.185659528300114907e+05
1.996971800000000075e+00 2.188798917121656996e+05
2.000195800000000190e+00 2.192258807280574983e+05
2.003396799999999978e+00 2.183138897037348070e+05
2.006575100000000056e+00 2.182699225388880877e+05
2.009730900000000098e+00 2.189320071756624093e+05
2.012864299999999940e+00 2.180320797418110014e+05
2.015975500000000142e+00 2.186472052698154876e+05
2.019064800000000215e+00 2.174987727733807988e+05
2.022132399999999830e+00 2.189949099218707124e+05
2.025178499999999993e+00 2.183087806210056879e+05
2.028203099999999814e+00 2.173543406697761966e+05
2.031206699999999810e+00 2.184771796644814021e+05
2.034189299999999978e+00 2.181967906068766024e+05
2.037151099999999992e+00 2.169800551651272108e+05
2.040092399999999806e+00 2.178880401552247931e+05
2.043013300000000143e+00 2.177429557806022931e+05
2.045913999999999788e+00 2.164202631880627887e+05
2.048794800000000027e+00 2.174133024403562013e+05
2.051655699999999971e+00 2.173086214921519859e+05
2.054497000000000018e+00 2.171244647690349957e+05
2.057318899999999839e+00 2.169762835343994957e+05
2.060121500000000161e+00 2.162469563651081116e+05
2.062905100000000047e+00 2.169379412252636976e+05
2.065669799999999778e+00 2.162149489937571925e+05
2.068415700000000079e+00 2.159705419394079072e+05
2.071143199999999851e+00 2.160955953489606036e+05
2.073852299999999982e+00 2.145970458078871015e+05
2.076543200000000144e+00 2.156507173901998904e+05
2.079216100000000012e+00 2.156324998077577038e+05
2.081871200000000144e+00 2.156012677041438001e+05
2.084508599999999934e+00 2.144730163414799899e+05
2.087128599999999778e+00 2.151012718979287893e+05
2.089731200000000122e+00 2.149734386361392098e+05
2.092316700000000029e+00 2.136816705591405043e+05
2.094885300000000061e+00 2.148319641097515123e+05
2.097437000000000218e+00 2.140309994760798872e+05
2.099972100000000008e+00 2.141828225411523017e+05
2.102490700000000157e+00 2.127769853139177139e+05
2.104993100000000172e+00 2.138075090805205982e+05
2.107479200000000219e+00 2.128213267238356930e+05
2.109949400000000086e+00 2.137714190181599115e+05
2.112403800000000054e+00 2.116036834186046908e+05
2.114842499999999959e+00 2.129338095968473062e+05
2.117265600000000081e+00 2.132298823721384979e+05
2.119673500000000210e+00 2.130702903644265025e+05
2.122066100000000066e+00 2.119303759909450891e+05
2.124443700000000046e+00 2.115762290885417897e+05
2.126806499999999822e+00 2.125420088166231872e+05
2.129154499999999839e+00 2.122929952401411138e+05
2.131487900000000213e+00 2.117746358469901024e+05
2.133806900000000173e+00 2.112471037676362903e+05
2.136111699999999836e+00 2.113795629275463871e+05
2.138402300000000089e+00 2.106760184645034024e+05
2.140678900000000162e+00 2.111090256291186961e+05
2.142941800000000008e+00 2.111191941852385062e+05
2.145190899999999790e+00 2.113333198110274971e+05
2.147426499999999905e+00 2.111957178382508864e+05
2.149648700000000190e+00 2.105737447521993890e+05
2.151857699999999873e+00 2.106565885342489055e+05
2.154053600000000124e+00 2.102142812742775131e+05
2.156236600000000170e+00 2.103847133011358965e+05
2.158406700000000011e+00 2.099563053102972044e+05
2.160564200000000046e+00 2.102842324187151971e+05
2.162709099999999829e+00 2.095405349142714986e+05
2.164841599999999922e+00 2.098174292967166111e+05
2.166961899999999996e+00 2.092710964397022908e+05
2.169070099999999890e+00 2.100951110720830911e+05
2.171166299999999882e+00 2.099963451278225111e+05
2.173250700000000091e+00 2.097725297250390868e+05
2.175323300000000071e+00 2.094718055316075915e+05
2.177384400000000220e+00 2.088104177772339899e+05
2.179434099999999930e+00 2.095108319119052030e+05
2.181472400000000089e+00 2.095373083899462072e+05
2.183499600000000207e+00 2.095411800448251015e+05
2.185515699999999839e+00 2.096521721324275131e+05
2.187520999999999827e+00 2.090639948842148005e+05
2.189515399999999890e+00 2.094314457831202890e+05
2.191499299999999817e+00 2.090189909145130077e+05
2.193472600000000217e+00 2.089350876894877001e+05
2.195435499999999873e+00 2.090925283050868020e+05
2.197388099999999955e+00 2.091733963848995045e+05
2.199330699999999972e+00 2.084838528990715859e+05
2.201263200000000086e+00 2.086903555122000980e+05
2.203185799999999972e+00 2.087550061803190038e+05
2.205098700000000189e+00 2.078727959894560918e+05
2.207002000000000130e+00 2.082914436918201973e+05
2.208895699999999795e+00 2.076475362665035937e+05
2.210780100000000026e+00 2.080013676803346898e+05
2.212655199999999933e+00 2.082715195879026141e+05
2.214521099999999798e+00 2.076307970874921884e+05
2.216378100000000018e+00 2.079690786837911000e+05
2.218226099999999867e+00 2.076910424367494124e+05
2.220065400000000189e+00 2.075104181498831895e+05
2.221896000000000093e+00 2.070214069541245990e+05
2.223718100000000142e+00 2.078659343413877941e+05
2.225531800000000171e+00 2.074977243073476129e+05
2.227337100000000181e+00 2.070571095730244997e+05
2.229134300000000124e+00 2.063791443004331959e+05
2.230923400000000001e+00 2.074982164313670946e+05
2.232704599999999928e+00 2.070753804938221874e+05
2.234477899999999906e+00 2.061356184437960910e+05
2.236243500000000051e+00 2.067100328348428884e+05
2.238001500000000199e+00 2.070271896175552101e+05
2.239752000000000187e+00 2.060396260324504983e+05
2.241495200000000132e+00 2.065699968327939860e+05
2.243231100000000033e+00 2.066343665367561043e+05
2.244959800000000172e+00 2.064865872567080951e+05
2.246681500000000220e+00 2.061795663023199013e+05
2.248396200000000178e+00 2.052426332522881858e+05
2.250104199999999999e+00 2.063534056990701065e+05
2.251805500000000126e+00 2.059041360311163007e+05
2.253500100000000117e+00 2.060461528720539936e+05
2.255188299999999924e+00 2.055249570433690969e+05
2.256870099999999990e+00 2.045828623084964056e+05
2.258545699999999989e+00 2.056521201309110038e+05
2.260215099999999921e+00 2.055340800495898875e+05
2.261878400000000067e+00 2.043394273553080857e+05
2.263535899999999934e+00 2.051887518063290918e+05
2.265187500000000131e+00 2.051718387538502866e+05
2.266833399999999887e+00 2.051321422022815968e+05
2.268473600000000090e+00 2.037574500619253959e+05
2.270108399999999804e+00 2.046181032554651028e+05
2.271737700000000082e+00 2.035174212000913976e+05
2.273361799999999988e+00 2.047333406395495113e+05
2.274980699999999967e+00 2.037690392926789937e+05
2.276594499999999854e+00 2.043936755833140051e+05
2.278203299999999931e+00 2.044363894597759936e+05
2.279807299999999870e+00 2.041499220326151117e+05
2.281406399999999834e+00 2.035503417727657943e+05
2.283001000000000058e+00 2.036961152666501002e+05
2.284590899999999980e+00 2.040061205353738042e+05
2.286176399999999997e+00 2.030595235346530098e+05
2.287757599999999947e+00 2.035687682790989929e+05
2.289334499999999828e+00 2.033893975743488991e+05
2.290907199999999921e+00 2.033891549407164857e+05
2.292475899999999900e+00 2.031472442302512063e+05
2.294040700000000044e+00 2.032333083195922081e+05
2.295601599999999909e+00 2.019790347936518083e+05
2.297158800000000056e+00 2.029145337856911065e+05
2.298712300000000042e+00 2.029763698207830894e+05
2.300262299999999982e+00 2.023131441437677131e+05
2.301808900000000158e+00 2.020796593206349935e+05
2.303352100000000124e+00 2.026858262920140114e+05
2.304892099999999999e+00 2.012135562938167132e+05
2.306429000000000062e+00 2.024142397335513087e+05
2.307962799999999870e+00 2.013970217488161870e+05
2.309493699999999983e+00 2.016845087406917010e+05
2.311021799999999793e+00 2.042135669565071876e+05
2.312547100000000189e+00 1.899552416725456133e+05
2.314069799999999955e+00 3.432426592050686013e+05
2.315589899999999979e+00 5.016284167434558040e+05
2.317107599999999934e+00 5.376355187016457785e+05
2.318623000000000101e+00 5.180853707973029814e+05
2.320136100000000035e+00 4.834907335697307135e+05
2.321647099999999853e+00 4.470403136821882217e+05
2.323155999999999999e+00 4.225994095313043799e+05
2.324663000000000146e+00 4.103020612865139847e+05
2.326168200000000130e+00 4.068480582666181144e+05
2.327671599999999952e+00 4.022393243446336710e+05
2.329173299999999891e+00 3.952426116862507770e+05
2.330673500000000065e+00 3.897407834182035876e+05
2.332172200000000029e+00 3.957061390618415899e+05
2.333669599999999900e+00 4.145549165685481275e+05
2.335165700000000122e+00 4.237383294815571862e+05
2.336660699999999924e+00 4.133608408089529839e+05
2.338154499999999913e+00 3.702994409749790793e+05
2.339647499999999880e+00 3.267268631665536086e+05
2.341139500000000151e+00 2.992521259856477263e+05
2.342630799999999791e+00 2.187690825313775858e+05
2.344121299999999852e+00 2.862657940401948290e+05
2.345611299999999844e+00 3.354455555908845854e+05
2.347100800000000209e+00 3.289983274293182185e+05
2.348590000000000177e+00 3.296464502365572262e+05
2.350078799999999912e+00 3.601109596041651093e+05
2.351567199999999858e+00 4.340735918357147020e+05
2.353056000000000036e+00 3.322322060671477811e+05
2.354205100000000161e+00 3.467213344475044287e+05
2.355351100000000031e+00 3.902391999367499957e+05
2.356494200000000205e+00 4.158176576718349243e+05
2.357634399999999797e+00 4.414262948654767824e+05
2.358771599999999857e+00 4.726680538852275931e+05
2.359905899999999779e+00 5.093728218031286960e+05
2.361037399999999842e+00 5.545612851561079733e+05
2.362166100000000046e+00 6.108348220784845762e+05
2.363291999999999948e+00 6.809891930926367640e+05
2.364415099999999992e+00 7.701642701314412989e+05
2.365535400000000177e+00 8.728469700061165495e+05
2.366653100000000176e+00 9.841869257864381652e+05
2.367768100000000153e+00 1.103541950549954083e+06
2.368880400000000108e+00 1.212856659631597111e+06
2.369990099999999877e+00 1.305988058969029924e+06
2.371097199999999905e+00 1.388819559144923929e+06
2.372201800000000027e+00 1.459279025444644969e+06
2.373303700000000127e+00 1.527865409675604897e+06
2.374403200000000158e+00 1.575112978200138081e+06
2.375500199999999840e+00 1.530669389364100993e+06
2.376594700000000060e+00 1.434985986609403975e+06
2.377686800000000211e+00 1.346741598211267032e+06
2.378776499999999849e+00 1.274459625060213963e+06
2.379863799999999863e+00 1.222187675537317060e+06
2.380948800000000087e+00 1.183269285386522999e+06
2.382031399999999799e+00 1.146066115547938971e+06
2.383111700000000166e+00 1.118484268832820002e+06
2.384189699999999856e+00 1.096824586737447884e+06
2.385265500000000038e+00 1.063755965015365975e+06
2.386338999999999988e+00 1.111539143907725113e+06
2.387410299999999985e+00 1.033344155556012993e+06
2.388479499999999867e+00 1.020556663199253962e+06
2.389546399999999959e+00 1.004255379397636978e+06
2.390611300000000217e+00 9.922985933421228547e+05
2.391674000000000078e+00 9.819752896810914390e+05
2.392734700000000103e+00 9.759181750409196829e+05
2.393793300000000013e+00 9.773242204159044195e+05
2.394849900000000087e+00 9.755556836190061877e+05
2.395904400000000045e+00 9.708961029809497995e+05
2.396957000000000004e+00 9.499485409597117687e+05
2.398007499999999848e+00 9.523065861167095136e+05
2.399056199999999972e+00 9.348214208795964951e+05
2.400102899999999817e+00 9.200095991946586873e+05
2.401147700000000107e+00 9.100477359016259434e+05
2.402190599999999954e+00 9.011790362075198209e+05
2.403231700000000082e+00 8.955985475907545770e+05
2.404271000000000047e+00 8.841732404351797886e+05
2.405308400000000013e+00 8.738907612431501038e+05
2.406343999999999816e+00 8.667438833058367018e+05
2.407377900000000182e+00 8.610083460772765102e+05
2.408410100000000220e+00 8.508193243592083454e+05
2.409440500000000096e+00 8.647868726212602342e+05
2.410469200000000090e+00 8.504160319148516282e+05
2.411496200000000201e+00 8.472385069553006906e+05
2.412521499999999985e+00 8.436921119632591726e+05
2.413545300000000005e+00 8.421797024279361358e+05
2.414567400000000141e+00 8.539879598829953466e+05
2.415587899999999788e+00 8.357755217524990439e+05
2.416606799999999833e+00 8.344187163318570238e+05
2.417624200000000112e+00 8.318093320395845221e+05
2.418639999999999901e+00 8.303663778865252389e+05
2.419654299999999925e+00 8.227676028919598320e+05
2.420667200000000019e+00 8.121821005888073705e+05
2.421678500000000067e+00 8.190689882521969266e+05
2.422688400000000186e+00 8.100148606080854079e+05
2.423696800000000096e+00 8.048775689130910905e+05
2.424703899999999912e+00 8.038132332005585777e+05
2.425709499999999963e+00 7.984098542917030863e+05
2.426713799999999921e+00 7.976307716269504745e+05
2.427716699999999950e+00 7.946691994490565266e+05
2.428718299999999886e+00 7.917362839483355638e+05
2.429718499999999892e+00 7.899442648096048506e+05
2.430717500000000086e+00 7.866579591252962127e+05
2.431715099999999907e+00 7.829332374490326038e+05
2.432711499999999916e+00 7.826401181019681972e+05
2.433706700000000112e+00 7.861375868502919329e+05
2.434700700000000051e+00 7.671952892830891069e+05
2.435693399999999897e+00 7.781186059589699144e+05
2.436684899999999931e+00 7.706959988598803757e+05
2.437675299999999989e+00 7.700811166874981718e+05
2.438664600000000071e+00 7.591198112473206129e+05
2.439652699999999896e+00 7.600492675426580245e+05
2.440639599999999909e+00 7.649095584545021411e+05
2.441625499999999782e+00 7.613065470678356942e+05
2.442610399999999959e+00 7.523419307453329675e+05
2.443594099999999880e+00 7.617106009742072783e+05
2.444576800000000105e+00 7.590750266828235472e+05
2.445558500000000191e+00 7.849054327193599893e+05
2.446539200000000136e+00 7.546461077895709313e+05
2.447518899999999942e+00 7.533419745909387711e+05
2.448497699999999888e+00 7.527667443766547367e+05
2.449475500000000139e+00 7.505624372962750494e+05
2.450452299999999806e+00 7.495351168579511577e+05
2.451428299999999894e+00 7.399614780883747153e+05
2.452403299999999842e+00 7.526617986650015227e+05
2.453377500000000211e+00 7.377425960798434680e+05
2.454350699999999996e+00 7.501915707369563170e+05
2.455323200000000039e+00 7.466951845894958824e+05
2.456294799999999778e+00 7.465345150050763041e+05
2.457265599999999939e+00 7.419183376568966778e+05
2.458235600000000076e+00 7.392166377649420174e+05
2.459204900000000027e+00 7.317018189274702454e+05
2.460173300000000118e+00 7.400282583964630030e+05
2.461141099999999859e+00 7.268315667670577532e+05
2.462108100000000022e+00 7.902294340396494372e+05
2.463074399999999997e+00 7.869431541547703091e+05
2.464039999999999786e+00 7.269416715923527954e+05
2.465004899999999832e+00 7.346762347824398894e+05
2.465969100000000136e+00 7.296865258032095153e+05
2.466932799999999926e+00 7.237542433523450745e+05
2.467895700000000136e+00 7.330391595763756195e+05
2.468858099999999833e+00 7.514074149413359119e+05
2.469819900000000068e+00 7.294792391160642728e+05
2.470781099999999952e+00 7.296363050082253758e+05
2.471741800000000211e+00 7.290353578210491687e+05
2.472701900000000119e+00 7.385538841493702494e+05
2.473661499999999958e+00 7.194952324940859107e+05
2.474620499999999890e+00 7.319236084883818403e+05
2.475579100000000032e+00 7.269238134319318924e+05
2.476537200000000105e+00 7.260082191404314945e+05
2.477494800000000108e+00 7.261344625460221432e+05
2.478451999999999877e+00 7.268000176833135774e+05
2.479408799999999857e+00 7.252365932092530420e+05
2.480365100000000211e+00 7.240028697826309362e+05
2.481321100000000168e+00 7.147894357534571318e+05
2.482276600000000055e+00 7.264811849648471689e+05
2.483231799999999989e+00 7.216219341547969962e+05
2.484186699999999970e+00 7.126400023105409928e+05
2.485141200000000161e+00 7.406625187613726594e+05
2.486095399999999955e+00 7.395274931496328209e+05
2.487049299999999796e+00 7.203017177644355688e+05
2.488002900000000128e+00 7.193497479071301641e+05
2.488956200000000063e+00 7.194869488134703133e+05
2.489909299999999881e+00 7.187352404704123037e+05
2.490862200000000026e+00 7.076959744444644311e+05
2.491814800000000218e+00 7.762233207821063697e+05
2.492767199999999850e+00 7.144494107271757675e+05
2.493719399999999808e+00 7.135475574168725871e+05
2.494671499999999931e+00 7.153800795871451264e+05
2.495623399999999936e+00 7.147921953812083229e+05
2.496575200000000105e+00 7.066496955879755551e+05
2.497526800000000158e+00 7.189537875129409367e+05
2.498478299999999930e+00 7.403866346724248724e+05
2.499429699999999865e+00 7.163283035107185133e+05
2.500381099999999801e+00 7.168489078585458919e+05
2.501332399999999900e+00 7.152548085336434888e+05
2.502283600000000163e+00 7.161796908595968271e+05
2.503234799999999982e+00 7.453518385341711110e+05
2.504185999999999801e+00 1.147365672309122980e+06
