4.497197499999999737e-01 1.523181089870455071e+04
4.856691599999999887e-01 1.524126381395136013e+04
5.209416399999999836e-01 1.519942041991689075e+04
5.555499799999999988e-01 1.519413516715600963e+04
5.895067299999999788e-01 1.522333976822547083e+04
6.228241899999999998e-01 1.520298990974771914e+04
6.555144499999999708e-01 1.521991156245362072e+04
6.875893400000000488e-01 1.515065866694780925e+04
7.190605100000000416e-01 1.521555992950943073e+04
7.499393500000000046e-01 1.521280358722870915e+04
7.802370600000000378e-01 1.519112654588907935e+04
8.099646299999999632e-01 1.521386189105495032e+04
8.391328300000000517e-01 1.491158789973394960e+04
8.677522300000000133e-01 1.520889635762024045e+04
8.958331999999999962e-01 1.512337815361650974e+04
9.233859399999999606e-01 1.480965003200156025e+04
9.504204200000000435e-01 1.520732754905116053e+04
9.769464500000000218e-01 1.520092776910931934e+04
1.002973600000000021e+00 1.476175303378293029e+04
1.028511399999999965e+00 1.512641319469072005e+04
1.053569100000000036e+00 1.520598789829742054e+04
1.078155600000000103e+00 1.516181530998691960e+04
1.102279999999999927e+00 1.468276160172948039e+04
1.125951099999999983e+00 1.487663657909126960e+04
1.149177300000000068e+00 1.520228063060412933e+04
1.171966999999999981e+00 1.473757114547716083e+04
1.194328700000000021e+00 1.519551967204697939e+04
1.216270299999999915e+00 1.519222716492971995e+04
1.237799799999999895e+00 1.477580631129190988e+04
1.258925000000000072e+00 1.475463019105205058e+04
1.279653699999999894e+00 1.519884739356534010e+04
1.299993200000000071e+00 1.519738522538662073e+04
1.319950900000000038e+00 1.479206654197383068e+04
1.339534199999999897e+00 1.517560192797984018e+04
1.358750099999999961e+00 1.519847470694148069e+04
1.377605500000000038e+00 1.465347519488719081e+04
1.396107399999999998e+00 1.518554408436023004e+04
1.414262300000000083e+00 1.481891330288487006e+04
1.432076899999999986e+00 1.480068518716316976e+04
1.449557699999999949e+00 1.479428597109754082e+04
1.466711000000000098e+00 1.519647060393128049e+04
1.483542899999999998e+00 1.474724810008245913e+04
1.500059699999999996e+00 1.519338754079361024e+04
1.516267199999999926e+00 1.471176232604039069e+04
1.532171500000000020e+00 1.518626884341880032e+04
1.547778099999999935e+00 1.480885969661536910e+04
1.563092799999999949e+00 1.480436342437546045e+04
1.578121200000000002e+00 1.518762213150834941e+04
1.592868699999999915e+00 1.518394661880079002e+04
1.607340599999999897e+00 1.519073385027786026e+04
1.621542100000000097e+00 1.480328342618968054e+04
1.635478500000000057e+00 1.517060931141062974e+04
1.649154800000000032e+00 1.492589991150509923e+04
1.662575899999999995e+00 1.519298869649668086e+04
1.675746699999999922e+00 1.518576822284463924e+04
1.688671999999999951e+00 1.516915467882216944e+04
1.701356400000000102e+00 1.518052448661408926e+04
1.713804600000000011e+00 1.517400776471509016e+04
1.726021100000000086e+00 1.476749645721884917e+04
1.738010300000000008e+00 1.519379704196716011e+04
1.749776500000000068e+00 1.474210210642598031e+04
1.761324099999999948e+00 1.519647132433519982e+04
1.772657099999999986e+00 1.519917514814533024e+04
1.783779699999999968e+00 1.482457475346327010e+04
1.794696000000000069e+00 1.520049567826854036e+04
1.805409899999999901e+00 1.520433118382185967e+04
1.815925199999999906e+00 1.491521281727741916e+04
1.826245899999999978e+00 1.519565847277610919e+04
1.836375499999999938e+00 1.479877208007135050e+04
1.846317900000000067e+00 1.486842111702582042e+04
1.856076599999999965e+00 1.518696249150705080e+04
1.865655099999999900e+00 1.470384170233030090e+04
1.875056999999999974e+00 1.512281494830421070e+04
1.884285599999999894e+00 1.517752995769291920e+04
1.893344200000000033e+00 1.476991101134544988e+04
1.902236199999999933e+00 1.481672011595440017e+04
1.910964799999999908e+00 1.520184257740163957e+04
1.919533099999999992e+00 1.520593086412103912e+04
1.927944199999999997e+00 1.482188066526021066e+04
1.936201300000000014e+00 1.484777274054982081e+04
1.944307299999999961e+00 1.522583008520614021e+04
1.952264999999999917e+00 1.483268332520381045e+04
1.960077499999999917e+00 1.488758251206938075e+04
1.967747600000000041e+00 1.523604764394467020e+04
1.975277900000000031e+00 1.477498876077112982e+04
1.982671400000000084e+00 1.521850599773875001e+04
1.989930500000000047e+00 1.482160050617387060e+04
1.997058000000000000e+00 1.481140537454731930e+04
2.004056499999999907e+00 1.520545826197339920e+04
2.010928499999999897e+00 1.520008257377134942e+04
2.017676400000000037e+00 1.511298768372648919e+04
2.024302800000000069e+00 1.499403951618424071e+04
2.030809999999999782e+00 1.517058639677742940e+04
2.037200400000000133e+00 1.512263401292293020e+04
2.043476300000000023e+00 1.516362490725230964e+04
2.049639899999999848e+00 1.471436436005375072e+04
2.055693600000000121e+00 1.516435114816709029e+04
2.061639500000000069e+00 1.510539363744026014e+04
2.067479699999999809e+00 1.508767904163087951e+04
2.073216400000000181e+00 1.478887830295007006e+04
2.078851699999999969e+00 1.516806676684599915e+04
2.084387599999999896e+00 1.517753186320540954e+04
2.089826099999999798e+00 1.501266201545757940e+04
2.095169100000000117e+00 1.508559689666375925e+04
2.100418700000000083e+00 1.508469332299283997e+04
2.105576699999999857e+00 1.519813106280123975e+04
2.110644999999999882e+00 1.520236997413127938e+04
2.115625399999999878e+00 1.485597266096500061e+04
2.120519799999999844e+00 1.521473909131595065e+04
2.125329799999999825e+00 1.487104009664065052e+04
2.130057299999999820e+00 1.523005583477569962e+04
2.134704000000000157e+00 1.523584644706616018e+04
2.139271499999999993e+00 1.523505047632688911e+04
2.143761500000000098e+00 1.484480991383185938e+04
2.148175699999999910e+00 1.524869526808555929e+04
2.152515499999999804e+00 1.491768903287328976e+04
2.156782699999999942e+00 1.525939691413454966e+04
2.160978699999999808e+00 1.480007827873602946e+04
2.165105200000000174e+00 1.525921458094296941e+04
2.169163399999999964e+00 1.510746775466248073e+04
2.173154999999999948e+00 1.499865811317816951e+04
2.177081400000000055e+00 1.524993767403823040e+04
2.180944000000000216e+00 1.489559371472878956e+04
2.184744300000000194e+00 1.526691799273224933e+04
2.188483499999999804e+00 1.526652987148192915e+04
2.192162999999999862e+00 1.519422412099299981e+04
2.195784199999999853e+00 1.522074097160140082e+04
2.199348399999999870e+00 1.523593260405703950e+04
2.202856900000000007e+00 1.524760561033520935e+04
2.206310999999999911e+00 1.524877165969342059e+04
2.209711800000000004e+00 1.494876934591314966e+04
2.213060700000000214e+00 1.498097420882379993e+04
2.216358899999999910e+00 1.524884071610528008e+04
2.219607499999999956e+00 1.489184949478260023e+04
2.222807700000000164e+00 1.524344483138406940e+04
2.225960699999999903e+00 1.524243804194356926e+04
2.229067600000000038e+00 1.524263955618068030e+04
2.232129599999999936e+00 1.523327287422409063e+04
2.235147700000000182e+00 1.494613781528877007e+04
2.238123100000000143e+00 1.509581400446611042e+04
2.241056899999999796e+00 1.523090844011296031e+04
2.243949999999999889e+00 1.522297942444793989e+04
2.246803599999999790e+00 1.513384418106136945e+04
2.249618700000000082e+00 1.521995102835524085e+04
2.252396200000000182e+00 1.477822721730796911e+04
2.255137299999999900e+00 1.527846949561334077e+04
2.257842899999999986e+00 1.541322561336024955e+04
2.260514000000000134e+00 2.515777620061842026e+04
2.263151500000000205e+00 3.226839697681520920e+04
2.265756500000000173e+00 3.537616794472154288e+04
2.268329699999999782e+00 3.683359822706951672e+04
2.270872300000000177e+00 3.657297960242089903e+04
2.273385100000000048e+00 3.674808335701401666e+04
2.275869000000000142e+00 3.707649953179174918e+04
2.278325000000000156e+00 3.690343614181596058e+04
2.280753799999999831e+00 3.674933443941347650e+04
2.283156400000000197e+00 3.684107308872209251e+04
2.285533699999999779e+00 3.685307506955733697e+04
2.287886499999999934e+00 3.699569623878045968e+04
2.290215700000000076e+00 3.703215857360859809e+04
2.292522099999999785e+00 3.701786044218295865e+04
2.294806599999999808e+00 3.696947099083741341e+04
2.297069899999999887e+00 3.693582702686355333e+04
2.299313000000000162e+00 3.692556676479442103e+04
2.301536599999999932e+00 3.689748004243170726e+04
2.303741500000000109e+00 3.683161627959841280e+04
2.305928499999999826e+00 3.665368901685944002e+04
2.308098399999999994e+00 3.633699496587833710e+04
2.310252100000000031e+00 3.590767628820399841e+04
2.312390199999999840e+00 3.547367407106387691e+04
2.314513600000000171e+00 3.520381626896283706e+04
2.316622999999999877e+00 3.489041740380488773e+04
2.318719199999999869e+00 3.483564513421108131e+04
2.320803000000000171e+00 3.537403002290672157e+04
2.322874999999999801e+00 3.668684928248536016e+04
2.324936199999999786e+00 3.738292341651768220e+04
2.326987100000000197e+00 3.683535820481299015e+04
2.329028600000000004e+00 3.496728627557151049e+04
2.331061300000000003e+00 3.198299853148413968e+04
2.333086100000000052e+00 2.949633063536379996e+04
2.335103699999999893e+00 2.967597585591772076e+04
2.337114699999999878e+00 3.165793110519622132e+04
2.339119999999999866e+00 3.302474730034019740e+04
2.341120200000000207e+00 3.209939947528692937e+04
2.343116100000000035e+00 3.050825120318908012e+04
2.345108399999999982e+00 2.373118407814726015e+04
2.347097799999999790e+00 1.765880421801014018e+04
2.349085099999999926e+00 2.077584454613500930e+04
2.351070899999999853e+00 3.489984212344766274e+04
2.353056000000000036e+00 3.800191053942988219e+04
2.354588099999999962e+00 2.524967560209030125e+04
2.356120000000000214e+00 2.193339185766518131e+04
2.357651800000000186e+00 2.382445105098593922e+04
2.359183400000000042e+00 2.594587283833881156e+04
2.360714799999999780e+00 2.832921553670959111e+04
2.362245999999999846e+00 3.140960867642437006e+04
2.363777100000000075e+00 3.563834902804975718e+04
2.365308100000000024e+00 4.127916828086110763e+04
2.366838899999999857e+00 4.909280727683591249e+04
2.368369500000000016e+00 5.998974384295765049e+04
2.369899999999999896e+00 7.533659713191905757e+04
2.371430300000000102e+00 9.814110898001014721e+04
2.372960500000000028e+00 1.275767611272349022e+05
2.374490499999999837e+00 1.640993651004295971e+05
2.376020399999999810e+00 2.025332099752961949e+05
2.377550199999999947e+00 2.352356090124651964e+05
2.379079799999999967e+00 2.574679551541430992e+05
2.380609199999999870e+00 2.663128158351089805e+05
2.382138499999999937e+00 2.712246961146707763e+05
2.383667700000000167e+00 2.761730602237523999e+05
2.385196800000000117e+00 2.864205870979349129e+05
2.386725699999999950e+00 2.913198520800602273e+05
2.388254400000000111e+00 2.938557393075096770e+05
2.389783099999999827e+00 2.973161226785719045e+05
2.391311599999999871e+00 2.995015192904720898e+05
2.392840000000000078e+00 3.060821224124681903e+05
2.394368300000000005e+00 3.108176275433442206e+05
2.395896399999999815e+00 3.087687585728365229e+05
2.397424399999999789e+00 3.154834248577593244e+05
2.398952400000000207e+00 3.177943522497306112e+05
2.400480099999999783e+00 3.188385632548268768e+05
2.402007799999999804e+00 3.159667031635061721e+05
2.403535399999999989e+00 3.186244128979403758e+05
2.405062800000000056e+00 3.128788520034311223e+05
2.406590099999999843e+00 3.130571112695551128e+05
2.408117299999999794e+00 3.165008265821323148e+05
2.409644500000000189e+00 3.133935394049710012e+05
2.411171500000000023e+00 3.020635020689836820e+05
2.412698400000000021e+00 2.948181383111248142e+05
2.414225200000000182e+00 2.911566743819080875e+05
2.415751900000000063e+00 2.793258846408065874e+05
2.417278399999999827e+00 2.675298117389532272e+05
2.418804900000000035e+00 2.582421803167666076e+05
2.420331399999999800e+00 2.516051970989562105e+05
2.421857699999999891e+00 2.444435634573278076e+05
2.423383900000000146e+00 2.459037896755019028e+05
2.424910000000000121e+00 2.448395905551468895e+05
2.426435999999999815e+00 2.443836045463286864e+05
2.427961999999999954e+00 2.441557517952239141e+05
2.429487899999999811e+00 2.441333404593972955e+05
2.431013599999999997e+00 2.435510992484242888e+05
2.432539300000000182e+00 2.432710093762121978e+05
2.434064900000000087e+00 2.423788934676987119e+05
2.435590499999999992e+00 2.422028305241405906e+05
2.437115899999999780e+00 2.415281515316331934e+05
2.438641300000000012e+00 2.416688158443761931e+05
2.440166599999999963e+00 2.417116540360451909e+05
2.441691899999999915e+00 2.423111443718732917e+05
2.443217100000000030e+00 2.426544790645964094e+05
2.444742199999999865e+00 2.429809512838603114e+05
2.446267199999999864e+00 2.429424367111228930e+05
2.447792199999999863e+00 2.439097378415201092e+05
2.449317100000000025e+00 2.442232072817026929e+05
2.450841899999999907e+00 2.439728185239796003e+05
2.452366699999999788e+00 2.440823963673932012e+05
2.453891399999999834e+00 2.434408509284456959e+05
2.455416099999999879e+00 2.431176618630971061e+05
2.456940700000000088e+00 2.423611110925546091e+05
2.458465299999999853e+00 2.423800325963654905e+05
2.459989799999999782e+00 2.418183751723043970e+05
2.461514199999999875e+00 2.414442467741082946e+05
2.463038699999999803e+00 2.411525949984281906e+05
2.464563000000000059e+00 2.406241832704267872e+05
2.466087400000000152e+00 2.406764205881716916e+05
2.467611600000000127e+00 2.407260049562714121e+05
2.469135899999999939e+00 2.415538212926049018e+05
2.470660099999999915e+00 2.420920567776038952e+05
2.472184200000000054e+00 2.422836937210407923e+05
2.473708400000000029e+00 2.423699471232442884e+05
2.475232500000000169e+00 2.417767584939544904e+05
2.476756500000000027e+00 2.399366256637471961e+05
2.478280499999999886e+00 2.384872112647510949e+05
2.479804500000000189e+00 2.390925559282726899e+05
2.481328500000000048e+00 2.380911955893462000e+05
2.482852499999999907e+00 2.408396195857172133e+05
2.484376399999999929e+00 2.388186472955954087e+05
2.485900299999999952e+00 2.406398874645881006e+05
2.487424199999999974e+00 2.417035718723844038e+05
2.488948000000000160e+00 2.412455729680480144e+05
2.490471900000000183e+00 2.408548025795959111e+05
2.491995699999999925e+00 2.383832274711637874e+05
2.493519500000000111e+00 2.401224332254535111e+05
2.495043299999999853e+00 2.377523714663769060e+05
2.496567100000000039e+00 2.393694892166559875e+05
2.498090899999999781e+00 2.370601285839964112e+05
2.499614699999999967e+00 2.396892687148592959e+05
2.501138500000000153e+00 2.399878695748551982e+05
2.502662200000000059e+00 2.391939986121832917e+05
2.504185999999999801e+00 2.213965825189313036e+05
