8.359509353508258937e+05 8.359509353508258937e+05
8.346587239205825608e+05 8.346587239205825608e+05
8.321088115103264572e+05 8.321088115103264572e+05
8.318590362217506627e+05 8.318590362217506627e+05
8.299357409360965248e+05 8.299357409360965248e+05
8.293717859981235815e+05 8.293717859981235815e+05
8.275525474189572269e+05 8.275525474189572269e+05
8.270864256938926410e+05 8.270864256938926410e+05
8.256425856036830228e+05 8.256425856036830228e+05
8.251222801797483116e+05 8.251222801797483116e+05
8.233190838405850809e+05 8.233190838405850809e+05
8.220882389424926369e+05 8.220882389424926369e+05
8.211788746741254581e+05 8.211788746741254581e+05
8.196474134538610233e+05 8.196474134538610233e+05
8.202372295840297593e+05 8.202372295840297593e+05
8.187942710323834326e+05 8.187942710323834326e+05
8.200875185062233359e+05 8.200875185062233359e+05
8.162731004069633782e+05 8.162731004069633782e+05
8.159717444742604857e+05 8.159717444742604857e+05
8.144101285432091681e+05 8.144101285432091681e+05
8.141016436199460877e+05 8.141016436199460877e+05
8.134499288311778801e+05 8.134499288311778801e+05
8.143448561409908580e+05 8.143448561409908580e+05
8.124079760086985771e+05 8.124079760086985771e+05
8.113177241845686221e+05 8.113177241845686221e+05
8.107276835519558517e+05 8.107276835519558517e+05
8.091822524653897854e+05 8.091822524653897854e+05
8.096869568105223589e+05 8.096869568105223589e+05
8.078039430388893234e+05 8.078039430388893234e+05
8.069315725245996146e+05 8.069315725245996146e+05
8.065112612315170700e+05 8.065112612315170700e+05
8.058112579654535512e+05 8.058112579654535512e+05
8.049397829649492633e+05 8.049397829649492633e+05
8.042891743218753254e+05 8.042891743218753254e+05
8.034225109908707673e+05 8.034225109908707673e+05
8.021310733599419473e+05 8.021310733599419473e+05
8.030604988237988437e+05 8.030604988237988437e+05
8.005462554700227920e+05 8.005462554700227920e+05
7.997896439433826599e+05 7.997896439433826599e+05
7.975088990224706940e+05 7.975088990224706940e+05
7.984975917683277512e+05 7.984975917683277512e+05
7.988222279816514347e+05 7.988222279816514347e+05
7.967536575559518533e+05 7.967536575559518533e+05
7.954666613318783930e+05 7.954666613318783930e+05
7.951185506178154610e+05 7.951185506178154610e+05
7.944029406336116372e+05 7.944029406336116372e+05
7.931059905147477984e+05 7.931059905147477984e+05
7.926418907863688655e+05 7.926418907863688655e+05
7.918939575836594449e+05 7.918939575836594449e+05
7.909381689518676139e+05 7.909381689518676139e+05
7.898720926152039319e+05 7.898720926152039319e+05
7.890238767626269255e+05 7.890238767626269255e+05
7.880552022635199828e+05 7.880552022635199828e+05
7.862409769257379230e+05 7.862409769257379230e+05
7.866185651272839168e+05 7.866185651272839168e+05
7.858973183676431654e+05 7.858973183676431654e+05
7.850637338980095228e+05 7.850637338980095228e+05
7.834042016162788495e+05 7.834042016162788495e+05
7.830459480030204868e+05 7.830459480030204868e+05
7.819340276143383235e+05 7.819340276143383235e+05
7.813380155568133341e+05 7.813380155568133341e+05
7.796822583520648768e+05 7.796822583520648768e+05
7.800740454841824248e+05 7.800740454841824248e+05
7.782096379772947403e+05 7.782096379772947403e+05
7.782899260240111034e+05 7.782899260240111034e+05
7.773369427938751178e+05 7.773369427938751178e+05
7.764086941592521034e+05 7.764086941592521034e+05
7.744564618536655325e+05 7.744564618536655325e+05
7.740009276470006444e+05 7.740009276470006444e+05
7.726441137314711232e+05 7.726441137314711232e+05
7.719051741549570579e+05 7.719051741549570579e+05
7.703419500790494494e+05 7.703419500790494494e+05
7.703284736777078360e+05 7.703284736777078360e+05
7.695310044094484765e+05 7.695310044094484765e+05
7.690239118112282595e+05 7.690239118112282595e+05
7.671635332609297475e+05 7.671635332609297475e+05
7.664497317710139323e+05 7.664497317710139323e+05
7.649326496222025016e+05 7.649326496222025016e+05
7.633168523218157934e+05 7.633168523218157934e+05
7.619041372576995054e+05 7.619041372576995054e+05
7.608894843055577949e+05 7.608894843055577949e+05
7.591531838967517251e+05 7.591531838967517251e+05
7.596553692999008344e+05 7.596553692999008344e+05
7.598117812360157259e+05 7.598117812360157259e+05
7.594021479209492682e+05 7.594021479209492682e+05
7.607277027301555499e+05 7.607277027301555499e+05
7.611322112855104497e+05 7.611322112855104497e+05
7.611541220805156045e+05 7.611541220805156045e+05
7.610021117347277468e+05 7.610021117347277468e+05
7.592134510912020924e+05 7.592134510912020924e+05
7.585003407450570958e+05 7.585003407450570958e+05
7.565473754641331034e+05 7.565473754641331034e+05
7.539714935387383448e+05 7.539714935387383448e+05
7.512573565880400129e+05 7.512573565880400129e+05
7.483170684394837590e+05 7.483170684394837590e+05
7.457723118629484670e+05 7.457723118629484670e+05
7.420542447425677674e+05 7.420542447425677674e+05
7.403863045758610824e+05 7.403863045758610824e+05
7.381427442014340777e+05 7.381427442014340777e+05
7.357041219457077095e+05 7.357041219457077095e+05
7.338334269365560031e+05 7.338334269365560031e+05
7.331930159086565254e+05 7.331930159086565254e+05
7.315210381152163027e+05 7.315210381152163027e+05
7.308508228930095211e+05 7.308508228930095211e+05
7.305165914289787179e+05 7.305165914289787179e+05
7.304209625498881796e+05 7.304209625498881796e+05
7.290794174656025134e+05 7.290794174656025134e+05
7.298646651576223085e+05 7.298646651576223085e+05
7.296023991975602694e+05 7.296023991975602694e+05
7.290659763616271084e+05 7.290659763616271084e+05
7.288260052690551383e+05 7.288260052690551383e+05
7.291025514945455361e+05 7.291025514945455361e+05
7.282411303015754092e+05 7.282411303015754092e+05
7.276280036384748528e+05 7.276280036384748528e+05
7.282202874543461949e+05 7.282202874543461949e+05
7.264354926928869681e+05 7.264354926928869681e+05
7.255090213239536388e+05 7.255090213239536388e+05
7.258937694716908736e+05 7.258937694716908736e+05
7.247868042757668300e+05 7.247868042757668300e+05
7.237931283640487818e+05 7.237931283640487818e+05
7.225312862624877598e+05 7.225312862624877598e+05
7.215258756742771948e+05 7.215258756742771948e+05
7.197873294187589781e+05 7.197873294187589781e+05
7.182081142811281607e+05 7.182081142811281607e+05
7.178794286666458938e+05 7.178794286666458938e+05
7.152311680909927236e+05 7.152311680909927236e+05
7.138323361032512039e+05 7.138323361032512039e+05
7.128288434825851582e+05 7.128288434825851582e+05
7.111509478645581985e+05 7.111509478645581985e+05
7.090833656816437142e+05 7.090833656816437142e+05
7.084325591733051697e+05 7.084325591733051697e+05
7.060170288311169716e+05 7.060170288311169716e+05
7.045543602475848747e+05 7.045543602475848747e+05
7.034366241795185488e+05 7.034366241795185488e+05
7.022223069838881493e+05 7.022223069838881493e+05
6.996544696234618314e+05 6.996544696234618314e+05
6.986286444672903745e+05 6.986286444672903745e+05
6.971110420412633102e+05 6.971110420412633102e+05
6.953477967047807761e+05 6.953477967047807761e+05
6.939876793649668107e+05 6.939876793649668107e+05
6.919091358398782322e+05 6.919091358398782322e+05
6.914975046852146043e+05 6.914975046852146043e+05
6.898973674204443814e+05 6.898973674204443814e+05
6.876227056010829983e+05 6.876227056010829983e+05
6.863252840158888139e+05 6.863252840158888139e+05
6.847537445450000232e+05 6.847537445450000232e+05
6.839225289568409789e+05 6.839225289568409789e+05
6.823017208350527799e+05 6.823017208350527799e+05
6.807302390985524980e+05 6.807302390985524980e+05
6.795754785834383219e+05 6.795754785834383219e+05
6.780289485420883866e+05 6.780289485420883866e+05
6.767857627827100223e+05 6.767857627827100223e+05
6.753508855930441059e+05 6.753508855930441059e+05
6.732355223643725039e+05 6.732355223643725039e+05
6.726068628117487533e+05 6.726068628117487533e+05
6.719008832161728060e+05 6.719008832161728060e+05
6.706924041911057429e+05 6.706924041911057429e+05
6.691362504020144697e+05 6.691362504020144697e+05
6.679851835414431989e+05 6.679851835414431989e+05
6.667783973747388227e+05 6.667783973747388227e+05
6.655293653110921150e+05 6.655293653110921150e+05
6.646632287408355623e+05 6.646632287408355623e+05
6.620286855560087133e+05 6.620286855560087133e+05
6.621080855519836769e+05 6.621080855519836769e+05
6.608417791951552499e+05 6.608417791951552499e+05
6.587939378546497319e+05 6.587939378546497319e+05
6.579579875668257009e+05 6.579579875668257009e+05
6.584141977616475197e+05 6.584141977616475197e+05
6.551787275045810966e+05 6.551787275045810966e+05
6.539927425653015962e+05 6.539927425653015962e+05
6.522401998009927338e+05 6.522401998009927338e+05
6.519871109758368693e+05 6.519871109758368693e+05
6.504320480962962611e+05 6.504320480962962611e+05
6.482799230773571180e+05 6.482799230773571180e+05
6.479171199674478266e+05 6.479171199674478266e+05
6.458986909850151278e+05 6.458986909850151278e+05
6.446622140032432508e+05 6.446622140032432508e+05
6.437808372660652967e+05 6.437808372660652967e+05
6.417078326211919775e+05 6.417078326211919775e+05
6.412041802555723116e+05 6.412041802555723116e+05
6.391790598065215163e+05 6.391790598065215163e+05
6.376035366433900781e+05 6.376035366433900781e+05
6.358417099983314984e+05 6.358417099983314984e+05
6.333634231357503450e+05 6.333634231357503450e+05
6.332173989000066649e+05 6.332173989000066649e+05
6.330443942253835266e+05 6.330443942253835266e+05
6.300500300627104007e+05 6.300500300627104007e+05
6.288180522382663330e+05 6.288180522382663330e+05
6.288867823344666976e+05 6.288867823344666976e+05
6.264085085387058789e+05 6.264085085387058789e+05
6.267540284124453319e+05 6.267540284124453319e+05
6.231657006414628122e+05 6.231657006414628122e+05
6.211610591472485103e+05 6.211610591472485103e+05
6.208199681041530566e+05 6.208199681041530566e+05
6.197523609473917168e+05 6.197523609473917168e+05
6.175341505401765462e+05 6.175341505401765462e+05
6.198854015542347915e+05 6.198854015542347915e+05
6.154915856394792208e+05 6.154915856394792208e+05
6.144373620517045492e+05 6.144373620517045492e+05
6.136332839553174563e+05 6.136332839553174563e+05
6.124153077687076293e+05 6.124153077687076293e+05
6.109389973636079812e+05 6.109389973636079812e+05
6.112462682675754186e+05 6.112462682675754186e+05
6.086772998179126298e+05 6.086772998179126298e+05
6.079145192677692976e+05 6.079145192677692976e+05
6.062257024806448026e+05 6.062257024806448026e+05
6.041260207829372957e+05 6.041260207829372957e+05
6.047877326349130599e+05 6.047877326349130599e+05
6.029932312177852727e+05 6.029932312177852727e+05
6.014938060963738244e+05 6.014938060963738244e+05
6.016859681367515586e+05 6.016859681367515586e+05
5.995297535177029204e+05 5.995297535177029204e+05
5.978176223412853433e+05 5.978176223412853433e+05
5.985048129575931234e+05 5.985048129575931234e+05
5.954075609707682161e+05 5.954075609707682161e+05
5.968914966003251029e+05 5.968914966003251029e+05
5.944833334816285642e+05 5.944833334816285642e+05
5.934119042599640088e+05 5.934119042599640088e+05
5.917474947451869957e+05 5.917474947451869957e+05
5.917283106239055051e+05 5.917283106239055051e+05
5.893660604072439019e+05 5.893660604072439019e+05
5.877259564647265943e+05 5.877259564647265943e+05
5.873573172145795543e+05 5.873573172145795543e+05
5.845968870263199788e+05 5.845968870263199788e+05
5.838735349695483455e+05 5.838735349695483455e+05
5.822111330297071254e+05 5.822111330297071254e+05
5.829846879244982265e+05 5.829846879244982265e+05
5.806439443606113782e+05 5.806439443606113782e+05
5.780634091613935307e+05 5.780634091613935307e+05
5.770482921739439480e+05 5.770482921739439480e+05
5.755376077496844810e+05 5.755376077496844810e+05
5.722820875047172885e+05 5.722820875047172885e+05
5.734365329685171600e+05 5.734365329685171600e+05
5.705258834749640664e+05 5.705258834749640664e+05
5.701256466117496602e+05 5.701256466117496602e+05
5.678894194542097393e+05 5.678894194542097393e+05
5.660776138456725748e+05 5.660776138456725748e+05
5.646446435730744852e+05 5.646446435730744852e+05
5.645910140658186283e+05 5.645910140658186283e+05
5.617888305062479340e+05 5.617888305062479340e+05
5.597658308220308973e+05 5.597658308220308973e+05
5.581931980295440881e+05 5.581931980295440881e+05
5.578100011367674451e+05 5.578100011367674451e+05
5.583127390440085437e+05 5.583127390440085437e+05
5.546529551568984753e+05 5.546529551568984753e+05
5.521961922602325212e+05 5.521961922602325212e+05
5.516449637413341552e+05 5.516449637413341552e+05
5.498603757687823381e+05 5.498603757687823381e+05
5.460973605311980937e+05 5.460973605311980937e+05
5.471797335981846554e+05 5.471797335981846554e+05
5.448864110597067047e+05 5.448864110597067047e+05
5.444132276656067697e+05 5.444132276656067697e+05
5.423202118519446813e+05 5.423202118519446813e+05
5.414506240614808630e+05 5.414506240614808630e+05
5.400493989804430166e+05 5.400493989804430166e+05
5.384428319853049470e+05 5.384428319853049470e+05
5.364119666159469634e+05 5.364119666159469634e+05
5.357912495531212771e+05 5.357912495531212771e+05
5.339876212577591650e+05 5.339876212577591650e+05
5.332924429912790656e+05 5.332924429912790656e+05
5.315101726877753390e+05 5.315101726877753390e+05
5.294724180469613057e+05 5.294724180469613057e+05
5.303419988999592606e+05 5.303419988999592606e+05
5.281637061119440477e+05 5.281637061119440477e+05
5.274370657489103032e+05 5.274370657489103032e+05
5.250246992024565116e+05 5.250246992024565116e+05
5.251204366938128369e+05 5.251204366938128369e+05
5.237760967434099875e+05 5.237760967434099875e+05
5.219320551540846936e+05 5.219320551540846936e+05
5.211075971097152797e+05 5.211075971097152797e+05
5.191914741357063176e+05 5.191914741357063176e+05
5.189834160285486141e+05 5.189834160285486141e+05
5.174835189425877179e+05 5.174835189425877179e+05
5.166510300586426165e+05 5.166510300586426165e+05
5.144740824990440742e+05 5.144740824990440742e+05
5.146129007712412276e+05 5.146129007712412276e+05
5.122930241250817198e+05 5.122930241250817198e+05
5.127392006072169170e+05 5.127392006072169170e+05
5.107900660671428777e+05 5.107900660671428777e+05
5.098815647369876970e+05 5.098815647369876970e+05
5.087057274983734242e+05 5.087057274983734242e+05
5.067442342849968118e+05 5.067442342849968118e+05
5.070036735685124877e+05 5.070036735685124877e+05
5.062188691443314892e+05 5.062188691443314892e+05
5.050736380664047902e+05 5.050736380664047902e+05
5.027524275241813739e+05 5.027524275241813739e+05
5.028125342674148269e+05 5.028125342674148269e+05
5.002356900685931905e+05 5.002356900685931905e+05
5.011346292253810097e+05 5.011346292253810097e+05
5.009853325955512119e+05 5.009853325955512119e+05
4.991000502345812274e+05 4.991000502345812274e+05
4.973168860080331215e+05 4.973168860080331215e+05
4.955835988270050730e+05 4.955835988270050730e+05
4.974869616860661190e+05 4.974869616860661190e+05
4.954158306511553819e+05 4.954158306511553819e+05
4.933959833884062245e+05 4.933959833884062245e+05
4.920818452478726977e+05 4.920818452478726977e+05
4.922744508700181032e+05 4.922744508700181032e+05
4.915825952362616081e+05 4.915825952362616081e+05
4.897912038773198146e+05 4.897912038773198146e+05
4.894684151090647792e+05 4.894684151090647792e+05
4.894199568084722850e+05 4.894199568084722850e+05
4.871331478015108733e+05 4.871331478015108733e+05
4.865671348099181778e+05 4.865671348099181778e+05
4.867961722664220142e+05 4.867961722664220142e+05
4.847401752889712807e+05 4.847401752889712807e+05
4.838873207758979988e+05 4.838873207758979988e+05
4.829074397654283093e+05 4.829074397654283093e+05
4.819500434525466990e+05 4.819500434525466990e+05
4.805644128803667845e+05 4.805644128803667845e+05
4.802429997190760914e+05 4.802429997190760914e+05
4.793627877198770875e+05 4.793627877198770875e+05
4.779344913339323830e+05 4.779344913339323830e+05
4.783749438577275141e+05 4.783749438577275141e+05
4.766203342364070122e+05 4.766203342364070122e+05
4.757887230204960797e+05 4.757887230204960797e+05
4.749149149580937810e+05 4.749149149580937810e+05
4.738564066274277284e+05 4.738564066274277284e+05
4.741679330752614187e+05 4.741679330752614187e+05
4.717997507485151291e+05 4.717997507485151291e+05
4.696427046785227139e+05 4.696427046785227139e+05
4.698829348923118087e+05 4.698829348923118087e+05
4.698992308592681075e+05 4.698992308592681075e+05
4.691874061048240983e+05 4.691874061048240983e+05
4.674850195621824241e+05 4.674850195621824241e+05
4.674672345276327105e+05 4.674672345276327105e+05
4.666224734212580952e+05 4.666224734212580952e+05
4.656087770259220852e+05 4.656087770259220852e+05
4.641266068296728772e+05 4.641266068296728772e+05
4.637125488619518001e+05 4.637125488619518001e+05
4.631486277811545879e+05 4.631486277811545879e+05
4.618799816819655243e+05 4.618799816819655243e+05
4.613553779196846881e+05 4.613553779196846881e+05
4.604782920077929739e+05 4.604782920077929739e+05
4.605338354706732789e+05 4.605338354706732789e+05
4.585942438980868901e+05 4.585942438980868901e+05
4.587569532955663744e+05 4.587569532955663744e+05
4.579403225607270724e+05 4.579403225607270724e+05
4.567878685286780819e+05 4.567878685286780819e+05
4.566648721754361177e+05 4.566648721754361177e+05
4.558637492972281761e+05 4.558637492972281761e+05
4.544536979473892716e+05 4.544536979473892716e+05
4.550591998002044274e+05 4.550591998002044274e+05
4.533222411817947868e+05 4.533222411817947868e+05
4.533711940469589899e+05 4.533711940469589899e+05
4.529927172268381109e+05 4.529927172268381109e+05
4.515864774947569822e+05 4.515864774947569822e+05
4.508692489938487997e+05 4.508692489938487997e+05
4.509478364015814732e+05 4.509478364015814732e+05
4.500718144714023801e+05 4.500718144714023801e+05
4.499890085746921832e+05 4.499890085746921832e+05
4.486940129868048825e+05 4.486940129868048825e+05
4.486960762752873125e+05 4.486960762752873125e+05
4.475160663740716991e+05 4.475160663740716991e+05
4.470923303589702118e+05 4.470923303589702118e+05
4.466718118014329229e+05 4.466718118014329229e+05
4.459709504176133196e+05 4.459709504176133196e+05
4.454425201262197224e+05 4.454425201262197224e+05
4.449804471130131278e+05 4.449804471130131278e+05
4.444863789427488809e+05 4.444863789427488809e+05
4.439331309011079138e+05 4.439331309011079138e+05
4.433497018784983084e+05 4.433497018784983084e+05
4.434287490126077901e+05 4.434287490126077901e+05
4.419286092749059899e+05 4.419286092749059899e+05
4.420387163395166863e+05 4.420387163395166863e+05
4.413744773911340162e+05 4.413744773911340162e+05
4.411256942459670827e+05 4.411256942459670827e+05
4.404092550152338808e+05 4.404092550152338808e+05
4.402095158886050922e+05 4.402095158886050922e+05
4.398435711587758269e+05 4.398435711587758269e+05
4.394021141003569937e+05 4.394021141003569937e+05
4.394259473013082170e+05 4.394259473013082170e+05
4.386401171410235111e+05 4.386401171410235111e+05
4.380851080677052960e+05 4.380851080677052960e+05
4.377745864519128809e+05 4.377745864519128809e+05
4.374427903173859231e+05 4.374427903173859231e+05
4.372400044565927819e+05 4.372400044565927819e+05
4.372826730925135198e+05 4.372826730925135198e+05
4.358482305219306145e+05 4.358482305219306145e+05
4.366979450944515993e+05 4.366979450944515993e+05
4.354915825320194126e+05 4.354915825320194126e+05
4.358848318321987754e+05 4.358848318321987754e+05
4.348528929629498743e+05 4.348528929629498743e+05
4.350630250853216858e+05 4.350630250853216858e+05
4.405615505253251176e+05 4.405615505253251176e+05
4.062054115438507288e+05 4.062054115438507288e+05
5.782099982600627700e+05 5.782099982600627700e+05
1.065517247673284030e+06 1.065517247673284030e+06
1.249260702324391110e+06 1.249260702324391110e+06
8.007153075457601808e+05 8.007153075457601808e+05
1.474762519403719110e+06 1.474762519403719110e+06
1.790163622974178987e+06 1.790163622974178987e+06
2.202401551114948001e+06 2.202401551114948001e+06
2.753439323532138951e+06 2.753439323532138951e+06
3.160713289260460995e+06 3.160713289260460995e+06
3.637266427628275938e+06 3.637266427628275938e+06
3.889236395806387998e+06 3.889236395806387998e+06
3.784136384691288229e+06 3.784136384691288229e+06
3.697999759310664143e+06 3.697999759310664143e+06
3.603882785020991229e+06 3.603882785020991229e+06
3.646093667837797198e+06 3.646093667837797198e+06
3.628234027507139836e+06 3.628234027507139836e+06
3.538089101859805174e+06 3.538089101859805174e+06
3.620033744098309893e+06 3.620033744098309893e+06
3.597065829195010941e+06 3.597065829195010941e+06
3.601700616535057779e+06 3.601700616535057779e+06
3.485259429975369014e+06 3.485259429975369014e+06
3.540863261014378164e+06 3.540863261014378164e+06
3.524641760173601098e+06 3.524641760173601098e+06
3.513807768120159861e+06 3.513807768120159861e+06
3.501137997920833062e+06 3.501137997920833062e+06
3.494313383819982875e+06 3.494313383819982875e+06
3.479740172839928884e+06 3.479740172839928884e+06
3.476713682593631092e+06 3.476713682593631092e+06
3.412366944766352884e+06 3.412366944766352884e+06
3.419328098209963180e+06 3.419328098209963180e+06
3.415992314331237227e+06 3.415992314331237227e+06
3.414783734643276781e+06 3.414783734643276781e+06
3.420679364089121111e+06 3.420679364089121111e+06
3.394212382115342189e+06 3.394212382115342189e+06
3.489769394159330055e+06 3.489769394159330055e+06
3.382617378207621165e+06 3.382617378207621165e+06
3.457996022169873118e+06 3.457996022169873118e+06
3.375371066997420974e+06 3.375371066997420974e+06
3.446165189985346980e+06 3.446165189985346980e+06
3.431774404705550987e+06 3.431774404705550987e+06
3.383425584297048859e+06 3.383425584297048859e+06
3.381955237392358948e+06 3.381955237392358948e+06
3.373358750516558066e+06 3.373358750516558066e+06
3.369500561691944022e+06 3.369500561691944022e+06
3.425240637565223034e+06 3.425240637565223034e+06
3.368556557203564793e+06 3.368556557203564793e+06
3.358672068801232148e+06 3.358672068801232148e+06
3.331754715520539787e+06 3.331754715520539787e+06
3.403220918465888128e+06 3.403220918465888128e+06
3.394960244664222933e+06 3.394960244664222933e+06
3.340432933593599126e+06 3.340432933593599126e+06
3.317512988189547788e+06 3.317512988189547788e+06
3.393970379318751860e+06 3.393970379318751860e+06
3.383980625414018054e+06 3.383980625414018054e+06
3.326217556094631087e+06 3.326217556094631087e+06
3.317569054761098232e+06 3.317569054761098232e+06
3.319128111157027073e+06 3.319128111157027073e+06
3.297521370612061117e+06 3.297521370612061117e+06
3.387018241421713959e+06 3.387018241421713959e+06
3.331227916697083041e+06 3.331227916697083041e+06
3.327684281943013892e+06 3.327684281943013892e+06
3.294002720928377006e+06 3.294002720928377006e+06
3.375361391015936155e+06 3.375361391015936155e+06
3.269595173460432794e+06 3.269595173460432794e+06
3.351477180174150039e+06 3.351477180174150039e+06
3.336386099413829856e+06 3.336386099413829856e+06
3.279955924024137203e+06 3.279955924024137203e+06
3.286965997500760015e+06 3.286965997500760015e+06
3.266473061729521956e+06 3.266473061729521956e+06
3.352330803007035982e+06 3.352330803007035982e+06
3.267134881591138896e+06 3.267134881591138896e+06
3.360120142768467776e+06 3.360120142768467776e+06
3.304232538220048882e+06 3.304232538220048882e+06
3.306753275324655231e+06 3.306753275324655231e+06
3.281881239066943992e+06 3.281881239066943992e+06
3.358705150730823167e+06 3.358705150730823167e+06
3.256805050110281911e+06 3.256805050110281911e+06
3.312460372100512031e+06 3.312460372100512031e+06
3.303199967227451038e+06 3.303199967227451038e+06
3.309186097086814232e+06 3.309186097086814232e+06
3.254810187576254830e+06 3.254810187576254830e+06
3.245796794582061004e+06 3.245796794582061004e+06
3.330598869983755983e+06 3.330598869983755983e+06
3.324550653120704927e+06 3.324550653120704927e+06
3.269515156192727853e+06 3.269515156192727853e+06
3.255352337587281130e+06 3.255352337587281130e+06
3.310816471518054139e+06 3.310816471518054139e+06
3.325488577251036186e+06 3.325488577251036186e+06
3.235058582281590905e+06 3.235058582281590905e+06
3.308560076193866786e+06 3.308560076193866786e+06
3.299072624579953030e+06 3.299072624579953030e+06
3.291693403181666974e+06 3.291693403181666974e+06
3.285643255871180911e+06 3.285643255871180911e+06
3.302282952399081085e+06 3.302282952399081085e+06
3.245443284669245128e+06 3.245443284669245128e+06
3.234417637558650225e+06 3.234417637558650225e+06
3.310553974388948176e+06 3.310553974388948176e+06
3.254444270994130056e+06 3.254444270994130056e+06
3.257138293258868158e+06 3.257138293258868158e+06
3.252619130781323183e+06 3.252619130781323183e+06
3.314275830423695967e+06 3.314275830423695967e+06
3.227553275201379787e+06 3.227553275201379787e+06
3.302596421673608944e+06 3.302596421673608944e+06
3.271222109395251144e+06 3.271222109395251144e+06
3.285548421246694867e+06 3.285548421246694867e+06
3.197653509064058773e+06 3.197653509064058773e+06
3.281710902719668113e+06 3.281710902719668113e+06
3.226663255860522855e+06 3.226663255860522855e+06
3.233583231688795146e+06 3.233583231688795146e+06
3.223349556054417975e+06 3.223349556054417975e+06
3.234176125267208088e+06 3.234176125267208088e+06
3.205980629675675184e+06 3.205980629675675184e+06
3.296982529519793112e+06 3.296982529519793112e+06
3.198168847724944819e+06 3.198168847724944819e+06
3.259972630723591894e+06 3.259972630723591894e+06
3.243640923602866940e+06 3.243640923602866940e+06
3.238256310550710186e+06 3.238256310550710186e+06
3.250760583837805782e+06 3.250760583837805782e+06
3.198544526338958181e+06 3.198544526338958181e+06
3.197220101399159990e+06 3.197220101399159990e+06
3.179718849969421048e+06 3.179718849969421048e+06
3.244148338649461977e+06 3.244148338649461977e+06
3.247292961368003860e+06 3.247292961368003860e+06
3.172490265794239007e+06 3.172490265794239007e+06
3.252291454782403074e+06 3.252291454782403074e+06
3.251695895862280857e+06 3.251695895862280857e+06
3.169325617317174096e+06 3.169325617317174096e+06
3.266682865457417909e+06 3.266682865457417909e+06
3.162877612219480798e+06 3.162877612219480798e+06
3.230943937714030966e+06 3.230943937714030966e+06
3.237274843894992024e+06 3.237274843894992024e+06
3.173160844138657209e+06 3.173160844138657209e+06
3.186779252529676072e+06 3.186779252529676072e+06
3.193723893722529057e+06 3.193723893722529057e+06
3.196342949219258968e+06 3.196342949219258968e+06
3.169528109783278778e+06 3.169528109783278778e+06
3.242827951424800791e+06 3.242827951424800791e+06
3.237872075380908791e+06 3.237872075380908791e+06
3.167883356262403075e+06 3.167883356262403075e+06
3.145925252015770879e+06 3.145925252015770879e+06
3.225168630632210057e+06 3.225168630632210057e+06
3.215411378241811879e+06 3.215411378241811879e+06
3.172577527579394169e+06 3.172577527579394169e+06
3.173326938310693018e+06 3.173326938310693018e+06
3.187146642668915913e+06 3.187146642668915913e+06
3.151926831057399046e+06 3.151926831057399046e+06
3.238656031686041970e+06 3.238656031686041970e+06
3.227823815334709827e+06 3.227823815334709827e+06
3.175920021374418866e+06 3.175920021374418866e+06
3.150737667038065847e+06 3.150737667038065847e+06
3.236657908365346026e+06 3.236657908365346026e+06
3.043698939192900900e+06 3.043698939192900900e+06
3.713400736691376194e+06 3.713400736691376194e+06
