4.449139338107737130e+05 4.449139338107737130e+05
4.434174457279284252e+05 4.434174457279284252e+05
4.421436480031639803e+05 4.421436480031639803e+05
4.410711796217685915e+05 4.410711796217685915e+05
4.401451188174093259e+05 4.401451188174093259e+05
4.393389644758852082e+05 4.393389644758852082e+05
4.386249861942906864e+05 4.386249861942906864e+05
4.379888499068713863e+05 4.379888499068713863e+05
4.374125822651588824e+05 4.374125822651588824e+05
4.368888038549036719e+05 4.368888038549036719e+05
4.364027608039373881e+05 4.364027608039373881e+05
4.359502329377239803e+05 4.359502329377239803e+05
4.355261596525352215e+05 4.355261596525352215e+05
4.351112540277800872e+05 4.351112540277800872e+05
4.347375686926933122e+05 4.347375686926933122e+05
4.343620803124983795e+05 4.343620803124983795e+05
4.339977884433104773e+05 4.339977884433104773e+05
4.336309538691170746e+05 4.336309538691170746e+05
4.332920242966876831e+05 4.332920242966876831e+05
4.329331141194442753e+05 4.329331141194442753e+05
4.325987077307343134e+05 4.325987077307343134e+05
4.322510571278426796e+05 4.322510571278426796e+05
4.319055488123593968e+05 4.319055488123593968e+05
4.315601532620658982e+05 4.315601532620658982e+05
4.312078424669167725e+05 4.312078424669167725e+05
4.308581293530925759e+05 4.308581293530925759e+05
4.304919019626004738e+05 4.304919019626004738e+05
4.301450032358376193e+05 4.301450032358376193e+05
4.297736398540054215e+05 4.297736398540054215e+05
4.294096524600813282e+05 4.294096524600813282e+05
4.290444165768959210e+05 4.290444165768959210e+05
4.286837201910648728e+05 4.286837201910648728e+05
4.283118162593069137e+05 4.283118162593069137e+05
4.279382960185122211e+05 4.279382960185122211e+05
4.275655199832812068e+05 4.275655199832812068e+05
4.271808805150748813e+05 4.271808805150748813e+05
4.268179926089681103e+05 4.268179926089681103e+05
4.264443603991349228e+05 4.264443603991349228e+05
4.260628836036419962e+05 4.260628836036419962e+05
4.257029474680757266e+05 4.257029474680757266e+05
4.253287272283621714e+05 4.253287272283621714e+05
4.249691230860308278e+05 4.249691230860308278e+05
4.246105072638979182e+05 4.246105072638979182e+05
4.242406574328992283e+05 4.242406574328992283e+05
4.239006268476942205e+05 4.239006268476942205e+05
4.235638604090777226e+05 4.235638604090777226e+05
4.232191954394893255e+05 4.232191954394893255e+05
4.229066045881701284e+05 4.229066045881701284e+05
4.225844827093182830e+05 4.225844827093182830e+05
4.222678932442439836e+05 4.222678932442439836e+05
4.219686208193525090e+05 4.219686208193525090e+05
4.216683843865076196e+05 4.216683843865076196e+05
4.213791653511322220e+05 4.213791653511322220e+05
4.210992933230415802e+05 4.210992933230415802e+05
4.208233254964036751e+05 4.208233254964036751e+05
4.205606679776048986e+05 4.205606679776048986e+05
4.202812463180061895e+05 4.202812463180061895e+05
4.200194578963959939e+05 4.200194578963959939e+05
4.198161890622138162e+05 4.198161890622138162e+05
4.195681525311864098e+05 4.195681525311864098e+05
4.193876907339912723e+05 4.193876907339912723e+05
4.191078460061650840e+05 4.191078460061650840e+05
4.189675226856464287e+05 4.189675226856464287e+05
4.186821821201446000e+05 4.186821821201446000e+05
4.184990679983072914e+05 4.184990679983072914e+05
4.183317200697544031e+05 4.183317200697544031e+05
4.180886076578025240e+05 4.180886076578025240e+05
4.178721666739276843e+05 4.178721666739276843e+05
4.177393731244743103e+05 4.177393731244743103e+05
4.175226839896707097e+05 4.175226839896707097e+05
4.172963017337350175e+05 4.172963017337350175e+05
4.170737380190708791e+05 4.170737380190708791e+05
4.169044035161159118e+05 4.169044035161159118e+05
4.166894875176553032e+05 4.166894875176553032e+05
4.165239137754939147e+05 4.165239137754939147e+05
4.162554404435392935e+05 4.162554404435392935e+05
4.161186206535095116e+05 4.161186206535095116e+05
4.158780336177747231e+05 4.158780336177747231e+05
4.156516686666763271e+05 4.156516686666763271e+05
4.154197473260816187e+05 4.154197473260816187e+05
4.152006769436030881e+05 4.152006769436030881e+05
4.148929027939016232e+05 4.148929027939016232e+05
4.147191018832306145e+05 4.147191018832306145e+05
4.144187901269641006e+05 4.144187901269641006e+05
4.141361207515054266e+05 4.141361207515054266e+05
4.139370101950552198e+05 4.139370101950552198e+05
4.136482362168207183e+05 4.136482362168207183e+05
4.133669313733415911e+05 4.133669313733415911e+05
4.130825867872093804e+05 4.130825867872093804e+05
4.127355521247119759e+05 4.127355521247119759e+05
4.124687413997686817e+05 4.124687413997686817e+05
4.121849491736171185e+05 4.121849491736171185e+05
4.118651578581348876e+05 4.118651578581348876e+05
4.115323023909230251e+05 4.115323023909230251e+05
4.111637237147166743e+05 4.111637237147166743e+05
4.108613229449004284e+05 4.108613229449004284e+05
4.104574610734165180e+05 4.104574610734165180e+05
4.101825381916476181e+05 4.101825381916476181e+05
4.098112278307268862e+05 4.098112278307268862e+05
4.093798191495324136e+05 4.093798191495324136e+05
4.090096932495192741e+05 4.090096932495192741e+05
4.086932860158428084e+05 4.086932860158428084e+05
4.081535287561470759e+05 4.081535287561470759e+05
4.077992648567702272e+05 4.077992648567702272e+05
4.074491954124569893e+05 4.074491954124569893e+05
4.070654158664594870e+05 4.070654158664594870e+05
4.065842542786509148e+05 4.065842542786509148e+05
4.062322662047985941e+05 4.062322662047985941e+05
4.057733992701037205e+05 4.057733992701037205e+05
4.052374471819595783e+05 4.052374471819595783e+05
4.047927402325642761e+05 4.047927402325642761e+05
4.044280470976625802e+05 4.044280470976625802e+05
4.038927976324498886e+05 4.038927976324498886e+05
4.034331181822982035e+05 4.034331181822982035e+05
4.030258861797318095e+05 4.030258861797318095e+05
4.023702419082372217e+05 4.023702419082372217e+05
4.018977469098846777e+05 4.018977469098846777e+05
4.015610963483367814e+05 4.015610963483367814e+05
4.010188770165485912e+05 4.010188770165485912e+05
4.005132471459154040e+05 4.005132471459154040e+05
3.999873531571645872e+05 3.999873531571645872e+05
3.994415050735924742e+05 3.994415050735924742e+05
3.988896197629193193e+05 3.988896197629193193e+05
3.983712311308481148e+05 3.983712311308481148e+05
3.978968832088377094e+05 3.978968832088377094e+05
3.972745546579665970e+05 3.972745546579665970e+05
3.966632310883539030e+05 3.966632310883539030e+05
3.962276284188085119e+05 3.962276284188085119e+05
3.955660850861411891e+05 3.955660850861411891e+05
3.950578528450697195e+05 3.950578528450697195e+05
3.945075355125897913e+05 3.945075355125897913e+05
3.939345858355743112e+05 3.939345858355743112e+05
3.933546180749334744e+05 3.933546180749334744e+05
3.927669675488258945e+05 3.927669675488258945e+05
3.921752598908282816e+05 3.921752598908282816e+05
3.915181846259926097e+05 3.915181846259926097e+05
3.909922260655551217e+05 3.909922260655551217e+05
3.903454377861893154e+05 3.903454377861893154e+05
3.896636663092590170e+05 3.896636663092590170e+05
3.891527963788384222e+05 3.891527963788384222e+05
3.884962838194451178e+05 3.884962838194451178e+05
3.879025861045533093e+05 3.879025861045533093e+05
3.872809384041897720e+05 3.872809384041897720e+05
3.865447912024632096e+05 3.865447912024632096e+05
3.860152903135098168e+05 3.860152903135098168e+05
3.852745040733559872e+05 3.852745040733559872e+05
3.846865590213278774e+05 3.846865590213278774e+05
3.840692965289619751e+05 3.840692965289619751e+05
3.833271436481855926e+05 3.833271436481855926e+05
3.827552124280838179e+05 3.827552124280838179e+05
3.821007457973596756e+05 3.821007457973596756e+05
3.813330136431144783e+05 3.813330136431144783e+05
3.807570682630927186e+05 3.807570682630927186e+05
3.800711949513715808e+05 3.800711949513715808e+05
3.794035354986892198e+05 3.794035354986892198e+05
3.787056003693402163e+05 3.787056003693402163e+05
3.780267186543925200e+05 3.780267186543925200e+05
3.773392656446910114e+05 3.773392656446910114e+05
3.765227021211683750e+05 3.765227021211683750e+05
3.759216977574381744e+05 3.759216977574381744e+05
3.751593845208251732e+05 3.751593845208251732e+05
3.745561089123046841e+05 3.745561089123046841e+05
3.737785335587355075e+05 3.737785335587355075e+05
3.730261775639568223e+05 3.730261775639568223e+05
3.723889955384209170e+05 3.723889955384209170e+05
3.716592619114405243e+05 3.716592619114405243e+05
3.709312186135670054e+05 3.709312186135670054e+05
3.702068476991942152e+05 3.702068476991942152e+05
3.693873925773436786e+05 3.693873925773436786e+05
3.687506799894414726e+05 3.687506799894414726e+05
3.679792064889451722e+05 3.679792064889451722e+05
3.673229977303568157e+05 3.673229977303568157e+05
3.665099269939361839e+05 3.665099269939361839e+05
3.657741915428480715e+05 3.657741915428480715e+05
3.650886011861828156e+05 3.650886011861828156e+05
3.643124118597115157e+05 3.643124118597115157e+05
3.634705147992462153e+05 3.634705147992462153e+05
3.627200941685832804e+05 3.627200941685832804e+05
3.619923570929836715e+05 3.619923570929836715e+05
3.612545380253188196e+05 3.612545380253188196e+05
3.604263463200120023e+05 3.604263463200120023e+05
3.596034198699289118e+05 3.596034198699289118e+05
3.589329447622441221e+05 3.589329447622441221e+05
3.581735208233594894e+05 3.581735208233594894e+05
3.573223297849430819e+05 3.573223297849430819e+05
3.566026223369042273e+05 3.566026223369042273e+05
3.557522171834491892e+05 3.557522171834491892e+05
3.550315089730583131e+05 3.550315089730583131e+05
3.541829103957508923e+05 3.541829103957508923e+05
3.534031895003215177e+05 3.534031895003215177e+05
3.526643912508636713e+05 3.526643912508636713e+05
3.518273414675624226e+05 3.518273414675624226e+05
3.510811901432378218e+05 3.510811901432378218e+05
3.502627224251152948e+05 3.502627224251152948e+05
3.494823993215073715e+05 3.494823993215073715e+05
3.486751453185870196e+05 3.486751453185870196e+05
3.478520800318333786e+05 3.478520800318333786e+05
3.469918932919785730e+05 3.469918932919785730e+05
3.462541172986510792e+05 3.462541172986510792e+05
3.453811918350071064e+05 3.453811918350071064e+05
3.445786632875815849e+05 3.445786632875815849e+05
3.438502865663951961e+05 3.438502865663951961e+05
3.429548605017787195e+05 3.429548605017787195e+05
3.421718866443008883e+05 3.421718866443008883e+05
3.413527765831479919e+05 3.413527765831479919e+05
3.405298645782790845e+05 3.405298645782790845e+05
3.397611316819225904e+05 3.397611316819225904e+05
3.388813684172744979e+05 3.388813684172744979e+05
3.381436638253724086e+05 3.381436638253724086e+05
3.373124453574271756e+05 3.373124453574271756e+05
3.364945422890434274e+05 3.364945422890434274e+05
3.356197193871063064e+05 3.356197193871063064e+05
3.347416020837103715e+05 3.347416020837103715e+05
3.340062474741063779e+05 3.340062474741063779e+05
3.331830505929269129e+05 3.331830505929269129e+05
3.323967676636668039e+05 3.323967676636668039e+05
3.315086454779034830e+05 3.315086454779034830e+05
3.307629226306760102e+05 3.307629226306760102e+05
3.298296784768886864e+05 3.298296784768886864e+05
3.290890827152181882e+05 3.290890827152181882e+05
3.282157064875016804e+05 3.282157064875016804e+05
3.274026621151572908e+05 3.274026621151572908e+05
3.265890101457416895e+05 3.265890101457416895e+05
3.257813798549221829e+05 3.257813798549221829e+05
3.249580100977005204e+05 3.249580100977005204e+05
3.241075781296740752e+05 3.241075781296740752e+05
3.233478169077266939e+05 3.233478169077266939e+05
3.225492983118279953e+05 3.225492983118279953e+05
3.216642637602480827e+05 3.216642637602480827e+05
3.208509177213531802e+05 3.208509177213531802e+05
3.201084244742224109e+05 3.201084244742224109e+05
3.192633029065764276e+05 3.192633029065764276e+05
3.183964087307875743e+05 3.183964087307875743e+05
3.176028278558988823e+05 3.176028278558988823e+05
3.168358911188049242e+05 3.168358911188049242e+05
3.160427061400075909e+05 3.160427061400075909e+05
3.151399988445009221e+05 3.151399988445009221e+05
3.143041137563146185e+05 3.143041137563146185e+05
3.136537082892772742e+05 3.136537082892772742e+05
3.127056214423882193e+05 3.127056214423882193e+05
3.119940448729207856e+05 3.119940448729207856e+05
3.111292137137022219e+05 3.111292137137022219e+05
3.103600946274530143e+05 3.103600946274530143e+05
3.096083240694142878e+05 3.096083240694142878e+05
3.088236657386362785e+05 3.088236657386362785e+05
3.079969133910452947e+05 3.079969133910452947e+05
3.071531643756678095e+05 3.071531643756678095e+05
3.063758797992774053e+05 3.063758797992774053e+05
3.055718821201896062e+05 3.055718821201896062e+05
3.048034556209869916e+05 3.048034556209869916e+05
3.040223369266010122e+05 3.040223369266010122e+05
3.032469780915962765e+05 3.032469780915962765e+05
3.024711167132587289e+05 3.024711167132587289e+05
3.016975029218018171e+05 3.016975029218018171e+05
3.009133635166257736e+05 3.009133635166257736e+05
3.000939864479699172e+05 3.000939864479699172e+05
2.993292102562136133e+05 2.993292102562136133e+05
2.986253825386838871e+05 2.986253825386838871e+05
2.978232659926051856e+05 2.978232659926051856e+05
2.970748312994345906e+05 2.970748312994345906e+05
2.963135389995417208e+05 2.963135389995417208e+05
2.955351905588447116e+05 2.955351905588447116e+05
2.947725346473864047e+05 2.947725346473864047e+05
2.940407367454770720e+05 2.940407367454770720e+05
2.933509270293642767e+05 2.933509270293642767e+05
2.924853434126744978e+05 2.924853434126744978e+05
2.918542291109795915e+05 2.918542291109795915e+05
2.910583929187029717e+05 2.910583929187029717e+05
2.902716715663932846e+05 2.902716715663932846e+05
2.896124563596579246e+05 2.896124563596579246e+05
2.888709009902785183e+05 2.888709009902785183e+05
2.881957091702339821e+05 2.881957091702339821e+05
2.874570861987661920e+05 2.874570861987661920e+05
2.866847957282373100e+05 2.866847957282373100e+05
2.859185484206919791e+05 2.859185484206919791e+05
2.852786008997458266e+05 2.852786008997458266e+05
2.845040556916382047e+05 2.845040556916382047e+05
2.839001508735865937e+05 2.839001508735865937e+05
2.831416753139419015e+05 2.831416753139419015e+05
2.824453687151281047e+05 2.824453687151281047e+05
2.817296965297777206e+05 2.817296965297777206e+05
2.810340069880866795e+05 2.810340069880866795e+05
2.803107826390517876e+05 2.803107826390517876e+05
2.796998791049572756e+05 2.796998791049572756e+05
2.790166127489178907e+05 2.790166127489178907e+05
2.782763694551006774e+05 2.782763694551006774e+05
2.776759107159415726e+05 2.776759107159415726e+05
2.769819292686296976e+05 2.769819292686296976e+05
2.763331733302716748e+05 2.763331733302716748e+05
2.756428564135569031e+05 2.756428564135569031e+05
2.750209668343954836e+05 2.750209668343954836e+05
2.743082706180675887e+05 2.743082706180675887e+05
2.736987488187270937e+05 2.736987488187270937e+05
2.730703387633687817e+05 2.730703387633687817e+05
2.724550647704508156e+05 2.724550647704508156e+05
2.717603495663817157e+05 2.717603495663817157e+05
2.711699852862327243e+05 2.711699852862327243e+05
2.705550021745041013e+05 2.705550021745041013e+05
2.699428153381550801e+05 2.699428153381550801e+05
2.692738282649163157e+05 2.692738282649163157e+05
2.687202611883383943e+05 2.687202611883383943e+05
2.680891093568395008e+05 2.680891093568395008e+05
2.674694461815960240e+05 2.674694461815960240e+05
2.669106638085978921e+05 2.669106638085978921e+05
2.662828050183624146e+05 2.662828050183624146e+05
2.657140397855397896e+05 2.657140397855397896e+05
2.651392606519907131e+05 2.651392606519907131e+05
2.645628555926904082e+05 2.645628555926904082e+05
2.639820163283494185e+05 2.639820163283494185e+05
2.633721679957599263e+05 2.633721679957599263e+05
2.628707866097608930e+05 2.628707866097608930e+05
2.623083370749651222e+05 2.623083370749651222e+05
2.617477803693228052e+05 2.617477803693228052e+05
2.611811851125344110e+05 2.611811851125344110e+05
2.606565599762871861e+05 2.606565599762871861e+05
2.601242019927270012e+05 2.601242019927270012e+05
2.595802716790421982e+05 2.595802716790421982e+05
2.590700901375263056e+05 2.590700901375263056e+05
2.585255625738906092e+05 2.585255625738906092e+05
2.579793801697272866e+05 2.579793801697272866e+05
2.575145211307161953e+05 2.575145211307161953e+05
2.570004830802239012e+05 2.570004830802239012e+05
2.565244657678577933e+05 2.565244657678577933e+05
2.560191450577072974e+05 2.560191450577072974e+05
2.554935485966056003e+05 2.554935485966056003e+05
2.550587812168636883e+05 2.550587812168636883e+05
2.545851500481824914e+05 2.545851500481824914e+05
2.541106144572372141e+05 2.541106144572372141e+05
2.536182374362729897e+05 2.536182374362729897e+05
2.531601472057923966e+05 2.531601472057923966e+05
2.527178731298074999e+05 2.527178731298074999e+05
2.522562192905312113e+05 2.522562192905312113e+05
2.517875379726369865e+05 2.517875379726369865e+05
2.513585751834695111e+05 2.513585751834695111e+05
2.509895051095527888e+05 2.509895051095527888e+05
2.505273985179851879e+05 2.505273985179851879e+05
2.501294888991634070e+05 2.501294888991634070e+05
2.497033368196852971e+05 2.497033368196852971e+05
2.492985586466767127e+05 2.492985586466767127e+05
2.488323538750321895e+05 2.488323538750321895e+05
2.485058900274386106e+05 2.485058900274386106e+05
2.480244707085122936e+05 2.480244707085122936e+05
2.477657034482455929e+05 2.477657034482455929e+05
2.473229452698221139e+05 2.473229452698221139e+05
2.469991791396364861e+05 2.469991791396364861e+05
2.466392866693316901e+05 2.466392866693316901e+05
2.462286135906823911e+05 2.462286135906823911e+05
2.458839773799754912e+05 2.458839773799754912e+05
2.455904293156029889e+05 2.455904293156029889e+05
2.452354442502053862e+05 2.452354442502053862e+05
2.448806192788787885e+05 2.448806192788787885e+05
2.445685831376030983e+05 2.445685831376030983e+05
2.441833987248814083e+05 2.441833987248814083e+05
2.438899149444341892e+05 2.438899149444341892e+05
2.436278588880831958e+05 2.436278588880831958e+05
2.433254305334915116e+05 2.433254305334915116e+05
2.430242227280774096e+05 2.430242227280774096e+05
2.427426207489373046e+05 2.427426207489373046e+05
2.424325858936583099e+05 2.424325858936583099e+05
2.421733639400672109e+05 2.421733639400672109e+05
2.419072483860214124e+05 2.419072483860214124e+05
2.415846951879860135e+05 2.415846951879860135e+05
2.413821839058783953e+05 2.413821839058783953e+05
2.411210723996562883e+05 2.411210723996562883e+05
2.408983922448687954e+05 2.408983922448687954e+05
2.406231823825486063e+05 2.406231823825486063e+05
2.404366983748241910e+05 2.404366983748241910e+05
2.402244457980869047e+05 2.402244457980869047e+05
2.399881506893468904e+05 2.399881506893468904e+05
2.398018821505912056e+05 2.398018821505912056e+05
2.395846398366894864e+05 2.395846398366894864e+05
2.393785363232604868e+05 2.393785363232604868e+05
2.391422775529536884e+05 2.391422775529536884e+05
2.389854006709970126e+05 2.389854006709970126e+05
2.388129322141463927e+05 2.388129322141463927e+05
2.386515160266913008e+05 2.386515160266913008e+05
2.385336590251942107e+05 2.385336590251942107e+05
2.383852715335958055e+05 2.383852715335958055e+05
2.381366818631387141e+05 2.381366818631387141e+05
2.381144114330006123e+05 2.381144114330006123e+05
2.379265467473207100e+05 2.379265467473207100e+05
2.377897154300019029e+05 2.377897154300019029e+05
2.376852280958018091e+05 2.376852280958018091e+05
2.376286896766039135e+05 2.376286896766039135e+05
2.375145754481125914e+05 2.375145754481125914e+05
2.374182065428252972e+05 2.374182065428252972e+05
2.373062347938680905e+05 2.373062347938680905e+05
2.374771574582768953e+05 2.374771574582768953e+05
2.550961691997635935e+05 2.550961691997635935e+05
3.318372597989016795e+05 3.318372597989016795e+05
9.314299923159042373e+05 9.314299923159042373e+05
1.154188353675222024e+06 1.154188353675222024e+06
1.273342287125726929e+06 1.273342287125726929e+06
1.355022358333935030e+06 1.355022358333935030e+06
1.427694462384263054e+06 1.427694462384263054e+06
1.496920873567359988e+06 1.496920873567359988e+06
1.552794217463129899e+06 1.552794217463129899e+06
1.596436538943944965e+06 1.596436538943944965e+06
1.639720503123396076e+06 1.639720503123396076e+06
1.680034432372578885e+06 1.680034432372578885e+06
1.726869600600762060e+06 1.726869600600762060e+06
1.757577347745500039e+06 1.757577347745500039e+06
1.778892987227509031e+06 1.778892987227509031e+06
1.813982170921752928e+06 1.813982170921752928e+06
1.837890652396640973e+06 1.837890652396640973e+06
1.861847596815183992e+06 1.861847596815183992e+06
1.869130588850904955e+06 1.869130588850904955e+06
1.900776988842726918e+06 1.900776988842726918e+06
1.915587121723688906e+06 1.915587121723688906e+06
1.932747965965975076e+06 1.932747965965975076e+06
1.946556597964257933e+06 1.946556597964257933e+06
1.960896398781009950e+06 1.960896398781009950e+06
1.972853004224366974e+06 1.972853004224366974e+06
1.982990902972696116e+06 1.982990902972696116e+06
1.981967503561344929e+06 1.981967503561344929e+06
1.990584749450888950e+06 1.990584749450888950e+06
1.998807300172521034e+06 1.998807300172521034e+06
2.008653390014814911e+06 2.008653390014814911e+06
2.014977165669688024e+06 2.014977165669688024e+06
2.023529421549739083e+06 2.023529421549739083e+06
2.041150758615795989e+06 2.041150758615795989e+06
2.031750509821630083e+06 2.031750509821630083e+06
2.052826024410529062e+06 2.052826024410529062e+06
2.041042358376078075e+06 2.041042358376078075e+06
2.059420487069244031e+06 2.059420487069244031e+06
2.061440300217510900e+06 2.061440300217510900e+06
2.055340594567138935e+06 2.055340594567138935e+06
2.057443409155026078e+06 2.057443409155026078e+06
2.061121522039722884e+06 2.061121522039722884e+06
2.062017914263055893e+06 2.062017914263055893e+06
2.079376812414699933e+06 2.079376812414699933e+06
2.069707923775193049e+06 2.069707923775193049e+06
2.071044920877445955e+06 2.071044920877445955e+06
2.075371663092602976e+06 2.075371663092602976e+06
2.088155968590737088e+06 2.088155968590737088e+06
2.089386936492955079e+06 2.089386936492955079e+06
2.076792310198033927e+06 2.076792310198033927e+06
2.080682431606817991e+06 2.080682431606817991e+06
2.095820843274591025e+06 2.095820843274591025e+06
2.096257631647302071e+06 2.096257631647302071e+06
2.083413428909959039e+06 2.083413428909959039e+06
2.087527798022296978e+06 2.087527798022296978e+06
2.086981778226438910e+06 2.086981778226438910e+06
2.091531652872703969e+06 2.091531652872703969e+06
2.107031701235535089e+06 2.107031701235535089e+06
2.090730768040376948e+06 2.090730768040376948e+06
2.094762873087652959e+06 2.094762873087652959e+06
2.094471624730396084e+06 2.094471624730396084e+06
2.110333813558000140e+06 2.110333813558000140e+06
2.095776858111042064e+06 2.095776858111042064e+06
2.111945536850482225e+06 2.111945536850482225e+06
2.111609160292594228e+06 2.111609160292594228e+06
2.096290480738665909e+06 2.096290480738665909e+06
2.101016687433551997e+06 2.101016687433551997e+06
2.102693121406841092e+06 2.102693121406841092e+06
2.115368076118731871e+06 2.115368076118731871e+06
2.103332112196669914e+06 2.103332112196669914e+06
2.116487328418786172e+06 2.116487328418786172e+06
2.103784514897928108e+06 2.103784514897928108e+06
2.105609108538729139e+06 2.105609108538729139e+06
2.105878551147141960e+06 2.105878551147141960e+06
2.121312800688957796e+06 2.121312800688957796e+06
2.106212652406481095e+06 2.106212652406481095e+06
2.120474924258595798e+06 2.120474924258595798e+06
2.122453019140842836e+06 2.122453019140842836e+06
2.120904871371415909e+06 2.120904871371415909e+06
2.107743076666403096e+06 2.107743076666403096e+06
2.109476787424289156e+06 2.109476787424289156e+06
2.123471396168322768e+06 2.123471396168322768e+06
2.123333174025597051e+06 2.123333174025597051e+06
2.109970946448546834e+06 2.109970946448546834e+06
2.108939411837717984e+06 2.108939411837717984e+06
2.125194302931176033e+06 2.125194302931176033e+06
2.126272814591766801e+06 2.126272814591766801e+06
2.110550908194260206e+06 2.110550908194260206e+06
2.124958263097424060e+06 2.124958263097424060e+06
2.124888000623822212e+06 2.124888000623822212e+06
2.124614596474702936e+06 2.124614596474702936e+06
2.124054554789741989e+06 2.124054554789741989e+06
2.126778416656774003e+06 2.126778416656774003e+06
2.110785499794879928e+06 2.110785499794879928e+06
2.112450295133221895e+06 2.112450295133221895e+06
2.125629039272928145e+06 2.125629039272928145e+06
2.109332511115415953e+06 2.109332511115415953e+06
2.114523482609086204e+06 2.114523482609086204e+06
2.109274013940080069e+06 2.109274013940080069e+06
2.125601332531217020e+06 2.125601332531217020e+06
2.110749194136870094e+06 2.110749194136870094e+06
2.125472543540753890e+06 2.125472543540753890e+06
2.122934062368391082e+06 2.122934062368391082e+06
2.124715085867960006e+06 2.124715085867960006e+06
2.108938599301962182e+06 2.108938599301962182e+06
2.123137460281284060e+06 2.123137460281284060e+06
2.107028357310154941e+06 2.107028357310154941e+06
2.107772144008160103e+06 2.107772144008160103e+06
2.108955469959983137e+06 2.108955469959983137e+06
2.106496621577457059e+06 2.106496621577457059e+06
2.109078401015361771e+06 2.109078401015361771e+06
2.122693673744527157e+06 2.122693673744527157e+06
2.103778839968380984e+06 2.103778839968380984e+06
2.119501456523241010e+06 2.119501456523241010e+06
2.118172367370388005e+06 2.118172367370388005e+06
2.116664062506936025e+06 2.116664062506936025e+06
2.118576994125032797e+06 2.118576994125032797e+06
2.104099754046170972e+06 2.104099754046170972e+06
2.103124254985594191e+06 2.103124254985594191e+06
2.102787125273065176e+06 2.102787125273065176e+06
2.115659276978815906e+06 2.115659276978815906e+06
2.115079471631802153e+06 2.115079471631802153e+06
2.100308254392455798e+06 2.100308254392455798e+06
2.113017726657192223e+06 2.113017726657192223e+06
2.113829021102558821e+06 2.113829021102558821e+06
2.097585718233081978e+06 2.097585718233081978e+06
2.113558317380696069e+06 2.113558317380696069e+06
2.096513568762032082e+06 2.096513568762032082e+06
2.110270860416451935e+06 2.110270860416451935e+06
2.110651065093108919e+06 2.110651065093108919e+06
2.094997136148147983e+06 2.094997136148147983e+06
2.095021284994958900e+06 2.095021284994958900e+06
2.096151937079468044e+06 2.096151937079468044e+06
2.093982143371324055e+06 2.093982143371324055e+06
2.092930389916036977e+06 2.092930389916036977e+06
2.105965222557032015e+06 2.105965222557032015e+06
2.106343932901612017e+06 2.106343932901612017e+06
2.088582544420386897e+06 2.088582544420386897e+06
2.090450108180068899e+06 2.090450108180068899e+06
2.103150257648038212e+06 2.103150257648038212e+06
2.102096194042574149e+06 2.102096194042574149e+06
2.088330625898109982e+06 2.088330625898109982e+06
2.089108469141240930e+06 2.089108469141240930e+06
2.085870613877194002e+06 2.085870613877194002e+06
2.087143315261282958e+06 2.087143315261282958e+06
2.101371050302365795e+06 2.101371050302365795e+06
2.100065195277268998e+06 2.100065195277268998e+06
2.084423404044019990e+06 2.084423404044019990e+06
2.083522996908738045e+06 2.083522996908738045e+06
2.087349823329390027e+06 2.087349823329390027e+06
1.857740039724309929e+06 1.857740039724309929e+06
2.438759186775174923e+06 2.438759186775174923e+06
