8.522050808749248972e+04 2.114699861828913981e+03
8.507062383714623866e+04 2.113499734801354862e+03
8.493469294248198275e+04 2.112677258714600157e+03
8.480840307455635048e+04 2.112140804990146989e+03
8.468793336587841623e+04 2.111796891810106899e+03
8.457267858350352617e+04 2.111583054395811814e+03
8.445964988840125443e+04 2.111461705706123212e+03
8.434895656496939773e+04 2.111401658156356007e+03
8.423921036674606148e+04 2.111383530873326890e+03
8.413124011330050416e+04 2.111385222312927908e+03
8.402249085429782281e+04 2.111411623129692089e+03
8.391432638546515955e+04 2.111441925359558809e+03
8.380714995902890223e+04 2.111464518232335195e+03
8.369904287106344418e+04 2.111490118742025970e+03
8.359179006810135616e+04 2.111510535310817886e+03
8.348316608757816721e+04 2.111519695498775945e+03
8.337453787140999339e+04 2.111524819086593197e+03
8.326545578531139472e+04 2.111517545240658819e+03
8.315652924975620408e+04 2.111500440400965999e+03
8.304670693088043481e+04 2.111466829780731132e+03
8.293697759897304059e+04 2.111426332811622160e+03
8.282613109660705959e+04 2.111373015832847159e+03
8.271528509704965109e+04 2.111309160832708130e+03
8.260462770738909603e+04 2.111233124262499132e+03
8.249237417421222199e+04 2.111153527738752928e+03
8.238077883566003584e+04 2.111059404169996014e+03
8.226827266014697670e+04 2.110955295653564917e+03
8.215557993504557817e+04 2.110843751346557838e+03
8.204216816919877601e+04 2.110722105882779942e+03
8.192855816481891088e+04 2.110597355581406191e+03
8.181431363524703193e+04 2.110452407576774021e+03
8.169976484005412203e+04 2.110313938229084215e+03
8.158410611874668393e+04 2.110167503958065936e+03
8.146876199702183658e+04 2.110003543561389961e+03
8.135301898656311096e+04 2.109836951928321923e+03
8.123637168423960975e+04 2.109665878196879021e+03
8.112028530788108765e+04 2.109488763059841858e+03
8.100305063464771956e+04 2.109305841077155037e+03
8.088497337920275459e+04 2.109113892316339843e+03
8.076711998542217771e+04 2.108931363296267136e+03
8.064928172153812193e+04 2.108731862959240971e+03
8.053140964161131706e+04 2.108523777705358043e+03
8.041192919387765869e+04 2.108320597477672891e+03
8.028984514375873550e+04 2.108111563951300013e+03
8.016850946171105898e+04 2.107881415226825084e+03
8.004807271809747908e+04 2.107676407896001820e+03
7.992806587637137272e+04 2.107435247063640873e+03
7.980802843484970799e+04 2.107222600202207104e+03
7.968448094263469102e+04 2.107004389104802158e+03
7.956192161946797569e+04 2.106767661449544903e+03
7.944010303640733764e+04 2.106531863551947026e+03
7.931506203955439560e+04 2.106305020852666985e+03
7.919110586583153054e+04 2.106056783455158893e+03
7.906454908696000348e+04 2.105824003830488891e+03
7.893801027373303077e+04 2.105575847608366985e+03
7.881138035386320553e+04 2.105337920824926186e+03
7.867962027798380586e+04 2.105034884692237029e+03
7.856191283182545158e+04 2.104750457671371805e+03
7.842848411262908485e+04 2.104513844117689132e+03
7.829743139561339922e+04 2.104285177744920929e+03
7.817071025202883175e+04 2.104052253291527904e+03
7.804372719585696177e+04 2.103710198987275817e+03
7.790909965728505631e+04 2.103498700897922845e+03
7.777926087902198196e+04 2.103168219907716775e+03
7.763867676045290136e+04 2.102962586966244089e+03
7.750903493413089018e+04 2.102647704197841904e+03
7.736885695096173731e+04 2.102378866279284011e+03
7.724256183125889220e+04 2.102065820420385080e+03
7.710178037223299907e+04 2.101870805871032189e+03
7.696224709537801391e+04 2.101544739518017195e+03
7.682067042058013612e+04 2.101240096845343032e+03
7.669114374350062280e+04 2.100895193405121063e+03
7.654634763304197986e+04 2.100656527462983831e+03
7.640275218305944873e+04 2.100381912433148045e+03
7.626793497785482032e+04 2.100045660804955787e+03
7.612902844844445644e+04 2.099711609456625865e+03
7.598496288736611314e+04 2.099458258765043865e+03
7.583825167483612313e+04 2.099150396806738172e+03
7.569256775143271079e+04 2.098857346888193206e+03
7.554747882584694889e+04 2.098528912372069044e+03
7.540161770581392921e+04 2.098218107016622980e+03
7.525911683531486779e+04 2.097830945895606874e+03
7.511015312452484795e+04 2.097553764467398196e+03
7.495492084123654058e+04 2.097239860616713031e+03
7.481561715100295260e+04 2.096831706914183087e+03
7.466093301595610683e+04 2.096581653836643000e+03
7.450079074414118077e+04 2.096295293488511106e+03
7.434508191394871392e+04 2.095918605851625216e+03
7.419380196073149273e+04 2.095520130451034220e+03
7.404735119616427983e+04 2.095068610142153830e+03
7.388729731215476932e+04 2.094786143876925053e+03
7.373333745752135292e+04 2.094419518311943193e+03
7.357286396026566217e+04 2.094088919567332141e+03
7.341099741731243557e+04 2.093740120468316945e+03
7.324588589499040972e+04 2.093342675490373040e+03
7.309190816428010294e+04 2.092982846388963026e+03
7.293876116071977594e+04 2.092504612436331172e+03
7.277867525491218839e+04 2.092172910796758060e+03
7.261616288317638100e+04 2.091747206845509936e+03
7.245622046407556627e+04 2.091324053195930901e+03
7.229740049786581949e+04 2.090943705684253018e+03
7.213027365403743170e+04 2.090673938853160962e+03
7.195902333880787774e+04 2.090115259469514967e+03
7.180285199381959683e+04 2.089672036980707162e+03
7.163651932944786677e+04 2.089404057813534109e+03
7.147524567956462852e+04 2.088969195271737135e+03
7.131546145864613936e+04 2.088462614554779975e+03
7.114757320016606536e+04 2.088206154589057860e+03
7.097836951326247072e+04 2.087743756159331042e+03
7.080765145143489644e+04 2.087332682128082979e+03
7.064467235497015645e+04 2.086849406664353864e+03
7.048033776702007162e+04 2.086493360884780031e+03
7.031450098477788561e+04 2.086030553623986179e+03
7.014933347884542309e+04 2.085656180044315988e+03
6.997885921448840236e+04 2.085317634796521816e+03
6.981100092850698275e+04 2.084677910309410890e+03
6.964757383515426773e+04 2.084272508240183015e+03
6.947754303497156070e+04 2.084068087317004029e+03
6.929886271799025417e+04 2.083618847117174028e+03
6.912451108972479415e+04 2.083288433157856161e+03
6.895384005001930927e+04 2.082789373340850943e+03
6.878327619471594517e+04 2.082327238604509148e+03
6.862272246352542425e+04 2.081801662423532889e+03
6.845452766333827458e+04 2.081392507830783870e+03
6.827998033189697890e+04 2.081045728406104899e+03
6.810669449095960590e+04 2.080538068655765983e+03
6.792709371470421320e+04 2.080129058021667788e+03
6.775898126133698679e+04 2.079762642996572140e+03
6.757945405088203552e+04 2.079293186272971980e+03
6.740411539282537706e+04 2.078894994340182166e+03
6.723126919392861600e+04 2.078522604874342960e+03
6.705707500284971320e+04 2.078079039176673177e+03
6.688374975270612049e+04 2.077581409982975856e+03
6.670960750574141275e+04 2.077125477265960853e+03
6.653406852667362546e+04 2.076681037998649117e+03
6.636320054936970701e+04 2.076180956067881198e+03
6.618943276300076104e+04 2.075791997846746199e+03
6.600656473314280447e+04 2.075408438375605783e+03
6.583222788397967815e+04 2.074839311146441105e+03
6.566194325177735300e+04 2.074484902760962996e+03
6.547983250489031343e+04 2.074080726847704227e+03
6.530759574757507653e+04 2.073595591698494900e+03
6.513014354437152360e+04 2.073146268430319196e+03
6.495032449482043012e+04 2.072597246527136122e+03
6.477729025572920364e+04 2.072312378325886129e+03
6.459577453600591252e+04 2.071779959097124902e+03
6.442065959898202709e+04 2.071384319977337782e+03
6.424469677296245209e+04 2.070996270025117155e+03
6.406555013979141222e+04 2.070404383669890194e+03
6.389146184933505720e+04 2.070005116494421145e+03
6.371171966989585781e+04 2.069620127344845969e+03
6.353026208145356213e+04 2.069062331851016097e+03
6.335628784834659746e+04 2.068733350721841816e+03
6.317588759985240904e+04 2.068252634317525008e+03
6.299616205816205911e+04 2.067869783376132091e+03
6.281612737307030329e+04 2.067356842933324970e+03
6.263866420277179714e+04 2.066943084257001829e+03
6.246307946136021201e+04 2.066401558535966160e+03
6.227834171063537360e+04 2.065939363347563813e+03
6.210496845934524754e+04 2.065615092228656977e+03
6.192617057809555990e+04 2.065116618562532949e+03
6.175234188727495348e+04 2.064695801577533075e+03
6.157394933714620856e+04 2.064151381693353869e+03
6.139183775507607061e+04 2.063722498169890059e+03
6.121618089326211339e+04 2.063405081087934832e+03
6.103568106703813828e+04 2.063019251817585882e+03
6.085496956012574810e+04 2.062600914869985900e+03
6.067394732314869179e+04 2.062186353986739960e+03
6.049293236587631691e+04 2.061624798495868163e+03
6.031852082375564351e+04 2.061265692902377850e+03
6.014478645478260296e+04 2.060722121613867785e+03
5.996798274722618225e+04 2.060428380961639959e+03
5.978953957921602705e+04 2.059886898387674137e+03
5.961368249300445314e+04 2.059451971253528882e+03
5.943329835617929348e+04 2.059147122204967218e+03
5.924990971124853240e+04 2.058732892248652206e+03
5.906861070351544186e+04 2.058248560612487836e+03
5.889228287836495292e+04 2.057842730727772960e+03
5.871868254506294033e+04 2.057424297494917028e+03
5.853517743366430659e+04 2.057114215521512051e+03
5.835677407680144825e+04 2.056658390780966783e+03
5.818380809711212351e+04 2.056063891165614223e+03
5.801017451894590340e+04 2.055785170613170067e+03
5.782416659949981113e+04 2.055532250293607831e+03
5.764567320158727671e+04 2.055002290214873938e+03
5.746777882708836114e+04 2.054768489287057037e+03
5.728889080273939180e+04 2.054267647703074999e+03
5.711163523444294697e+04 2.053961847023024802e+03
5.693528392168825667e+04 2.053439137202950860e+03
5.675917401957896072e+04 2.053092305288152147e+03
5.658249300860831136e+04 2.052791801600918916e+03
5.640933189327290893e+04 2.052297112276465214e+03
5.623224734921821801e+04 2.052021356207811095e+03
5.605136499131142045e+04 2.051670120752557068e+03
5.587638591656841891e+04 2.051344861083024171e+03
5.570129337800567009e+04 2.050885721621126777e+03
5.552350487061197782e+04 2.050551219073206084e+03
5.534860861340029805e+04 2.050079326719036999e+03
5.517589913955469819e+04 2.049792625703236808e+03
5.500165752024407266e+04 2.049287365476859122e+03
5.482910436947782728e+04 2.048906436673781172e+03
5.465717379013684695e+04 2.048750569650811030e+03
5.448229592353651242e+04 2.048197333368647833e+03
5.431597114319248794e+04 2.047821668597310008e+03
5.414229474869516707e+04 2.047481991206635030e+03
5.396849492984256358e+04 2.047160043799950017e+03
5.379650270196241763e+04 2.046881184852036085e+03
5.362296597371203097e+04 2.046498455293432926e+03
5.345669070484139229e+04 2.046163659208747958e+03
5.328339147313402646e+04 2.045854455712400977e+03
5.311149413310825912e+04 2.045574280423456912e+03
5.294408735831071681e+04 2.045040478212569951e+03
5.277756985120003810e+04 2.044595399727201993e+03
5.261207738341094955e+04 2.044420319506282112e+03
5.244571132918933290e+04 2.044035394668411982e+03
5.227575119459783309e+04 2.043827305438318035e+03
5.210359605324857694e+04 2.043494389765653068e+03
5.193902793645179918e+04 2.043211872463157079e+03
5.176673505937677692e+04 2.042804224700726081e+03
5.160517092777323705e+04 2.042542989034842094e+03
5.143878751619743707e+04 2.042164465958287110e+03
5.127472613612619170e+04 2.041844640553103090e+03
5.111325011373992311e+04 2.041474001807298919e+03
5.095296015946307307e+04 2.041130485760598049e+03
5.078827681224372645e+04 2.040898623831019904e+03
5.062226193146775768e+04 2.040609129453400101e+03
5.046233907925342646e+04 2.040411668528322025e+03
5.030218828209800267e+04 2.040119343144835966e+03
5.014001044834646018e+04 2.039666406035343925e+03
4.998136361043164652e+04 2.039354553520237005e+03
4.982296945012808283e+04 2.039246169962347039e+03
4.966198646915071731e+04 2.038888041586611052e+03
4.950476634676245885e+04 2.038486172237265009e+03
4.935001300171556068e+04 2.038193398995608050e+03
4.919223438837595313e+04 2.038050213819853070e+03
4.903759295598851168e+04 2.037734654257247030e+03
4.887868741529229737e+04 2.037371036911079955e+03
4.872726877741615317e+04 2.036978575765177084e+03
4.857980148145295243e+04 2.036937659617115060e+03
4.842206695038948237e+04 2.036449892619752973e+03
4.827638080765619816e+04 2.036233389168364965e+03
4.812233289474368212e+04 2.035922316248892002e+03
4.796993510902442358e+04 2.035777055047416980e+03
4.781872316154969303e+04 2.035629504614930056e+03
4.766831577776232007e+04 2.035340812507387000e+03
4.751501291716332344e+04 2.035090419573203008e+03
4.736417729209954268e+04 2.034785288996477902e+03
4.721796867019838101e+04 2.034543368150704964e+03
4.707072912112800259e+04 2.034271522539834905e+03
4.692784879152794747e+04 2.033939936555057102e+03
4.678326048775816889e+04 2.033688733142356114e+03
4.663871422062756756e+04 2.033486258080881043e+03
4.649559852730442071e+04 2.033222641421873959e+03
4.635236908515160758e+04 2.033013009545594969e+03
4.620989674783089868e+04 2.032750582717128054e+03
4.606786880621604359e+04 2.032460528203243939e+03
4.592866357625507226e+04 2.032194013851506043e+03
4.579013888453107211e+04 2.032113011030977077e+03
4.564595412190929346e+04 2.031923333843556975e+03
4.550796830234725348e+04 2.031728771885464994e+03
4.537050783809296263e+04 2.031458241915979897e+03
4.523193842314823996e+04 2.031207884323288908e+03
4.509462567547648359e+04 2.031029944096072995e+03
4.496076832699866645e+04 2.030798865479727056e+03
4.482810588710875163e+04 2.030687172927943948e+03
4.469025498288131348e+04 2.030282068873933895e+03
4.456065502197747264e+04 2.030278447530107087e+03
4.442550166244318098e+04 2.029974688238776025e+03
4.429447385986849258e+04 2.029613599670344911e+03
4.416907988079947245e+04 2.029530693663888087e+03
4.403690166197776853e+04 2.029337322028057088e+03
4.390744139638482739e+04 2.029283224619649900e+03
4.377594917226900725e+04 2.029116729152809967e+03
4.364713891898024303e+04 2.028796491268054069e+03
4.352134201439847675e+04 2.028424336577985969e+03
4.340165503534710297e+04 2.028312945585992111e+03
4.327378965844600316e+04 2.028038968283955001e+03
4.315327229483007977e+04 2.028067237851159916e+03
4.302649059731439047e+04 2.027861611242821937e+03
4.290513263977161841e+04 2.027610099382854969e+03
4.278156494295760785e+04 2.027456575700537087e+03
4.266143780435262306e+04 2.027264806465198944e+03
4.254218471354953363e+04 2.026986799427704000e+03
4.242836128901822667e+04 2.026885199280234019e+03
4.231040268008399289e+04 2.026690245019618942e+03
4.219160137701714120e+04 2.026423942658771011e+03
4.207939499451823940e+04 2.026368526391308933e+03
4.196033345026311144e+04 2.026243953116802913e+03
4.184681336330647173e+04 2.026036584219770930e+03
4.173164493794178998e+04 2.025805286509470989e+03
4.162294280398616684e+04 2.025693576368476897e+03
4.150988666941234987e+04 2.025364385801716026e+03
4.140338409043163847e+04 2.025221295443521967e+03
4.129192665037507686e+04 2.025166517694832919e+03
4.118405849514403235e+04 2.025039540502755926e+03
4.107391617207846139e+04 2.024710199409227016e+03
4.096913360022962297e+04 2.024657103047167084e+03
4.086252966905936773e+04 2.024602824613865096e+03
4.075847613484031172e+04 2.024380946092936028e+03
4.065209639771532238e+04 2.024101211983268968e+03
4.055233129461826320e+04 2.024023811904131890e+03
4.044724087694744230e+04 2.023868059756719958e+03
4.034397000289538846e+04 2.023725327363408951e+03
4.024549155553222226e+04 2.023636322619649945e+03
4.014280388843361288e+04 2.023451463544517082e+03
4.004613558788930095e+04 2.023341564526723914e+03
3.994877882224835048e+04 2.023144619337158019e+03
3.985253596855270735e+04 2.023021939606637943e+03
3.975632811605074676e+04 2.022798931922359998e+03
3.966042141783693660e+04 2.022589596918161988e+03
3.957003313880619680e+04 2.022568823375931970e+03
3.947577476038663008e+04 2.022413453040066088e+03
3.938332668353959161e+04 2.022218188243977011e+03
3.929032034306594869e+04 2.022051647885251896e+03
3.920179488234393648e+04 2.021974202151629015e+03
3.911295138988039253e+04 2.021837953751215991e+03
3.902359832802861638e+04 2.021662900632165019e+03
3.893741385048141092e+04 2.021554173802639070e+03
3.884972820699447766e+04 2.021334584738126978e+03
3.876421713759657723e+04 2.021120943541148108e+03
3.868276174208510929e+04 2.021029960589514985e+03
3.859810966074391763e+04 2.020939802655301946e+03
3.851686355962736707e+04 2.020886667103241962e+03
3.843458676085479237e+04 2.020652042118329064e+03
3.835386846072890330e+04 2.020433313355887094e+03
3.827713588048428210e+04 2.020410287375173993e+03
3.819796834621427115e+04 2.020272722363961066e+03
3.811973520221022045e+04 2.020138293503591967e+03
3.804126202396792360e+04 2.019926445947734919e+03
3.796556833406785881e+04 2.019826939557538026e+03
3.789196231231473939e+04 2.019720333925861041e+03
3.781816799103576341e+04 2.019519546487367052e+03
3.774619519319065148e+04 2.019321034005225101e+03
3.767629654260389361e+04 2.019184062732188977e+03
3.760926670887524233e+04 2.019132198107631893e+03
3.753606513106248167e+04 2.018983744585674003e+03
3.746876682963235362e+04 2.018931272448465961e+03
3.739981875710032182e+04 2.018726935039348064e+03
3.733393136008321017e+04 2.018579025891601987e+03
3.726516012869185943e+04 2.018353320196739105e+03
3.720600932252525672e+04 2.018280990040218967e+03
3.713825807950767921e+04 2.018034784313410910e+03
3.708380467343282362e+04 2.018043239687551022e+03
3.701803547026003798e+04 2.017807232858358930e+03
3.696037645853758295e+04 2.017751152755007070e+03
3.690115205100848107e+04 2.017611469278004051e+03
3.683994273006456933e+04 2.017390991701206985e+03
3.678313831624454178e+04 2.017282100858935109e+03
3.672940472663779656e+04 2.017224471014159917e+03
3.667208747948664677e+04 2.017044706199475058e+03
3.661555240741268790e+04 2.016927342149999959e+03
3.656334121856212732e+04 2.016815656026069973e+03
3.650777589056535362e+04 2.016560666200112109e+03
3.645864622291322303e+04 2.016479990296116057e+03
3.641049313446899760e+04 2.016394776063455993e+03
3.636065073120887973e+04 2.016262345779954103e+03
3.631190272303269012e+04 2.016157707939174088e+03
3.626511090214090655e+04 2.015988676811452024e+03
3.621668522482257686e+04 2.015799406751317065e+03
3.617348319533147151e+04 2.015686162556475892e+03
3.613022034494864056e+04 2.015488598789117987e+03
3.608438402826744277e+04 2.015306100046286929e+03
3.604568874221230362e+04 2.015220155310348900e+03
3.600356479102194135e+04 2.015090219294077087e+03
3.596602140186742326e+04 2.014971633246741931e+03
3.592537334399853717e+04 2.014818714055290911e+03
3.588961995037923771e+04 2.014666432908222987e+03
3.585362929359156260e+04 2.014541721275556938e+03
3.581642455660219275e+04 2.014377268150620012e+03
3.578330289648636244e+04 2.014309958827213904e+03
3.574842888590584334e+04 2.014115161842270936e+03
3.571567089747197315e+04 2.013921785518100933e+03
3.568283797966841666e+04 2.013736304192249008e+03
3.565534395000887162e+04 2.013601560512862989e+03
3.562686374545260333e+04 2.013440453818313017e+03
3.559944466161019955e+04 2.013341791141119074e+03
3.557436108027546288e+04 2.013227683654602970e+03
3.554943632841773797e+04 2.013047292194916054e+03
3.551953936600017914e+04 2.012749114937769036e+03
3.550359867587120971e+04 2.012782841562310978e+03
3.547770608586120215e+04 2.012510295311275058e+03
3.545615478330688347e+04 2.012358760312449931e+03
3.543697357170608302e+04 2.012280252571887104e+03
3.542667392564172769e+04 2.012263030315619062e+03
3.552963651747465337e+04 2.013115496844686049e+03
4.010737067388091236e+04 2.038247180277908910e+03
1.580701894157113857e+05 3.147187890633952975e+03
2.661305105848601088e+05 8.091216626517310942e+03
1.381905539432995138e+05 9.186446436392820033e+03
8.602108102919103112e+04 9.000407920749883488e+03
9.442999346809892450e+04 9.977270171053169179e+03
1.078516546398679930e+05 1.300085215695967054e+04
1.356342610572185949e+05 1.667808774040739081e+04
1.764161101494982140e+05 2.104307572515659922e+04
2.198994189442496863e+05 2.561967026698316113e+04
2.610059019278167980e+05 3.020008400901599089e+04
2.986760272226050729e+05 3.462333202362972224e+04
3.312351498095690040e+05 3.868106916722416645e+04
3.587616039071311243e+05 4.224939833615315729e+04
3.828385060207570787e+05 4.526178277994079690e+04
4.044264735171719803e+05 4.771765959670874872e+04
4.208795061073090183e+05 4.967087773519977054e+04
4.332760300296003115e+05 5.115322619355774805e+04
4.443091835988978273e+05 5.229644824241787865e+04
4.517546536557414220e+05 5.314492665078403661e+04
4.568764036783067859e+05 5.372838071230050264e+04
4.582428012551324209e+05 5.411138073398386769e+04
4.613097894183014287e+05 5.436008555323802284e+04
4.612756560330808861e+05 5.451725470489972940e+04
4.612203288567945128e+05 5.460022902007200901e+04
4.606446115542068728e+05 5.463433593353135802e+04
4.598955649886481115e+05 5.463283199695502117e+04
4.588827975287545123e+05 5.463285487898642168e+04
4.578228833270443138e+05 5.461104646175469679e+04
4.556499508396097226e+05 5.457994366532444110e+04
4.546151596031466033e+05 5.455760061253364256e+04
4.535071309167842264e+05 5.453091846832798183e+04
4.529850316788086202e+05 5.449275847026780684e+04
4.517024700633137254e+05 5.444678429240229889e+04
4.512985352737692883e+05 5.441958617019547091e+04
4.514208075853526243e+05 5.436515902356849983e+04
4.491943205334786908e+05 5.433899120749384019e+04
4.502413752881617984e+05 5.432194540251279977e+04
4.480480619753859937e+05 5.428876964434746333e+04
4.487098028850713163e+05 5.424045781287005229e+04
4.478302471661216114e+05 5.421174581804165791e+04
4.467308159613985918e+05 5.417368729007185902e+04
4.459022488047818188e+05 5.413359446237730299e+04
4.457181000496256747e+05 5.410905719309466076e+04
4.447901191574949189e+05 5.405380222473666799e+04
4.457603601367956144e+05 5.403434259447904333e+04
4.442326725683272816e+05 5.400487240556255711e+04
4.438458651402686955e+05 5.396457904970933305e+04
4.436229771400602185e+05 5.390758901380762109e+04
4.440110776666795136e+05 5.385623967067297781e+04
4.435818215873133740e+05 5.382601383044562681e+04
4.419852895714333281e+05 5.379900511082901357e+04
4.420289559835293912e+05 5.377260668616217299e+04
4.427791258985652239e+05 5.370808355653008766e+04
4.423506149576675962e+05 5.366439503568544751e+04
4.408260195108656189e+05 5.362885000389091874e+04
4.408507068195873289e+05 5.359956781897228211e+04
4.403916625786460936e+05 5.357526441882338986e+04
4.405390744967540959e+05 5.354629938451383350e+04
4.414945817682177876e+05 5.348371707033803250e+04
4.396037080917060957e+05 5.344861522658781905e+04
4.397121345233835164e+05 5.341690803829753713e+04
4.393386031072193291e+05 5.337668409803529357e+04
4.402728725277786725e+05 5.333455091689853725e+04
4.387343546594819054e+05 5.328580620054149040e+04
4.396912461328266072e+05 5.325515102872032730e+04
4.394743721197296982e+05 5.321140043863099709e+04
4.376498846812702832e+05 5.318837800779138342e+04
4.381662553240417037e+05 5.314982632824425673e+04
4.378563469449367258e+05 5.309413604885851964e+04
4.385796936220434727e+05 5.304882074524463678e+04
4.372595130089176819e+05 5.302090116527282953e+04
4.381447863912333851e+05 5.300294280662786332e+04
4.369766169134476804e+05 5.296921606338874699e+04
4.369679517537928768e+05 5.291489222963836801e+04
4.364536111716558225e+05 5.286535856208886253e+04
4.375773498883728753e+05 5.285217101930041099e+04
4.359167026280540740e+05 5.280503850846809655e+04
4.369431172448567813e+05 5.278087143444406684e+04
4.368218552747452050e+05 5.274279976824502228e+04
4.364483362238844857e+05 5.269834178620210150e+04
4.350034440907168901e+05 5.266576327444063645e+04
4.351463415100642014e+05 5.262629780505689996e+04
4.359389750922669773e+05 5.257983186703149113e+04
4.356810648855316103e+05 5.255136287700015237e+04
4.342298631039886968e+05 5.250845321628136298e+04
4.339121633936080034e+05 5.247731160455721692e+04
4.351485796873071231e+05 5.244128926471059822e+04
4.350059781773755094e+05 5.239102196825281862e+04
4.332916474691369804e+05 5.236068509345241910e+04
4.344002570549502852e+05 5.233739851996103243e+04
4.341933709886582801e+05 5.229131541703410767e+04
4.339272952815595199e+05 5.225926899394520296e+04
4.336010618964083842e+05 5.222379379450687702e+04
4.337857093438160955e+05 5.218241454441189853e+04
4.322164543283802923e+05 5.214340887698117876e+04
4.321485482904728851e+05 5.210550428131596709e+04
4.330927177488341113e+05 5.208432664344210207e+04
4.314074286160343909e+05 5.204610225807623647e+04
4.320141631576055079e+05 5.200664595513961103e+04
4.309668199584530084e+05 5.196441178494602354e+04
4.323979324126039864e+05 5.193665921356186300e+04
4.309598087024192791e+05 5.189499070591675991e+04
4.318311706799726817e+05 5.185592645121937676e+04
4.314291572385234176e+05 5.182220760371619690e+04
4.315041973407007754e+05 5.178210276833042735e+04
4.299056005790558993e+05 5.174570919805781159e+04
4.311111231021704734e+05 5.171699820194619679e+04
4.295045289752694080e+05 5.167152236358034133e+04
4.295034781552702771e+05 5.164319286684529652e+04
4.294084722408538801e+05 5.161429344289946312e+04
4.290274694989451091e+05 5.157758317903871648e+04
4.291539299556147889e+05 5.153583240055879287e+04
4.301668288221706171e+05 5.149929929543029721e+04
4.282161601601048023e+05 5.146109273022221896e+04
4.295567484685262898e+05 5.142170656347715703e+04
4.292335836152627016e+05 5.139024420766754338e+04
4.288910161635663826e+05 5.135149351162985840e+04
4.290459976455898723e+05 5.132207355620872113e+04
4.277368206407842808e+05 5.128891585751587263e+04
4.276316315892522107e+05 5.124547911757384281e+04
4.273063466208343743e+05 5.120877009356743656e+04
4.283178633821937256e+05 5.116880251775700162e+04
4.280132111345400917e+05 5.113759413682798913e+04
4.268994267056136741e+05 5.111017217900903051e+04
4.276525729717671056e+05 5.106033329419211077e+04
4.276397859427995281e+05 5.103024038622115040e+04
4.261647108978587785e+05 5.099584800026298035e+04
4.274588347961846157e+05 5.095291371306835208e+04
4.257005833288506255e+05 5.091952637472883362e+04
4.268917293834523880e+05 5.088300467319015297e+04
4.267770370366675197e+05 5.084592028090041276e+04
4.253270185711677186e+05 5.081953727198095294e+04
4.253896170349245076e+05 5.078129171915463667e+04
4.253463461197623983e+05 5.073919507808182243e+04
4.250605895558578195e+05 5.070223240228441136e+04
4.247688247678885818e+05 5.065880947263880807e+04
4.256769831680228817e+05 5.061618936346341798e+04
4.255722657933905721e+05 5.058088580688666116e+04
4.239026552342037903e+05 5.055127078498229821e+04
4.241154893165003741e+05 5.051492891809799767e+04
4.249502835328014917e+05 5.047124591670233349e+04
4.247525218862417969e+05 5.044381382077228773e+04
4.236255439877869794e+05 5.040569878128381242e+04
4.236708521844203933e+05 5.035613515439932235e+04
4.229670152391570155e+05 5.031329147386593104e+04
4.230808005092830863e+05 5.027833133298681787e+04
4.240233524135922780e+05 5.023390176652646915e+04
4.237786424175210996e+05 5.020224676616372744e+04
4.224223641094025807e+05 5.016522585930542846e+04
4.220823454646078753e+05 5.011709789910991822e+04
4.211385087637077086e+05 5.009225177513784729e+04
3.790473424394616741e+05 4.970505587180407747e+04
4.867515424791945843e+05 4.936975307086260727e+04
