8.522050808749248972e+04 8.522050808749248972e+04
8.507062383714623866e+04 8.507062383714623866e+04
8.493469294248198275e+04 8.493469294248198275e+04
8.480840307455635048e+04 8.480840307455635048e+04
8.468793336587841623e+04 8.468793336587841623e+04
8.457267858350352617e+04 8.457267858350352617e+04
8.445964988840125443e+04 8.445964988840125443e+04
8.434895656496939773e+04 8.434895656496939773e+04
8.423921036674606148e+04 8.423921036674606148e+04
8.413124011330050416e+04 8.413124011330050416e+04
8.402249085429782281e+04 8.402249085429782281e+04
8.391432638546515955e+04 8.391432638546515955e+04
8.380714995902890223e+04 8.380714995902890223e+04
8.369904287106344418e+04 8.369904287106344418e+04
8.359179006810135616e+04 8.359179006810135616e+04
8.348316608757816721e+04 8.348316608757816721e+04
8.337453787140999339e+04 8.337453787140999339e+04
8.326545578531139472e+04 8.326545578531139472e+04
8.315652924975620408e+04 8.315652924975620408e+04
8.304670693088043481e+04 8.304670693088043481e+04
8.293697759897304059e+04 8.293697759897304059e+04
8.282613109660705959e+04 8.282613109660705959e+04
8.271528509704965109e+04 8.271528509704965109e+04
8.260462770738909603e+04 8.260462770738909603e+04
8.249237417421222199e+04 8.249237417421222199e+04
8.238077883566003584e+04 8.238077883566003584e+04
8.226827266014697670e+04 8.226827266014697670e+04
8.215557993504557817e+04 8.215557993504557817e+04
8.204216816919877601e+04 8.204216816919877601e+04
8.192855816481891088e+04 8.192855816481891088e+04
8.181431363524703193e+04 8.181431363524703193e+04
8.169976484005412203e+04 8.169976484005412203e+04
8.158410611874668393e+04 8.158410611874668393e+04
8.146876199702183658e+04 8.146876199702183658e+04
8.135301898656311096e+04 8.135301898656311096e+04
8.123637168423960975e+04 8.123637168423960975e+04
8.112028530788108765e+04 8.112028530788108765e+04
8.100305063464771956e+04 8.100305063464771956e+04
8.088497337920275459e+04 8.088497337920275459e+04
8.076711998542217771e+04 8.076711998542217771e+04
8.064928172153812193e+04 8.064928172153812193e+04
8.053140964161131706e+04 8.053140964161131706e+04
8.041192919387765869e+04 8.041192919387765869e+04
8.028984514375873550e+04 8.028984514375873550e+04
8.016850946171105898e+04 8.016850946171105898e+04
8.004807271809747908e+04 8.004807271809747908e+04
7.992806587637137272e+04 7.992806587637137272e+04
7.980802843484970799e+04 7.980802843484970799e+04
7.968448094263469102e+04 7.968448094263469102e+04
7.956192161946797569e+04 7.956192161946797569e+04
7.944010303640733764e+04 7.944010303640733764e+04
7.931506203955439560e+04 7.931506203955439560e+04
7.919110586583153054e+04 7.919110586583153054e+04
7.906454908696000348e+04 7.906454908696000348e+04
7.893801027373303077e+04 7.893801027373303077e+04
7.881138035386320553e+04 7.881138035386320553e+04
7.867962027798380586e+04 7.867962027798380586e+04
7.856191283182545158e+04 7.856191283182545158e+04
7.842848411262908485e+04 7.842848411262908485e+04
7.829743139561339922e+04 7.829743139561339922e+04
7.817071025202883175e+04 7.817071025202883175e+04
7.804372719585696177e+04 7.804372719585696177e+04
7.790909965728505631e+04 7.790909965728505631e+04
7.777926087902198196e+04 7.777926087902198196e+04
7.763867676045290136e+04 7.763867676045290136e+04
7.750903493413089018e+04 7.750903493413089018e+04
7.736885695096173731e+04 7.736885695096173731e+04
7.724256183125889220e+04 7.724256183125889220e+04
7.710178037223299907e+04 7.710178037223299907e+04
7.696224709537801391e+04 7.696224709537801391e+04
7.682067042058013612e+04 7.682067042058013612e+04
7.669114374350062280e+04 7.669114374350062280e+04
7.654634763304197986e+04 7.654634763304197986e+04
7.640275218305944873e+04 7.640275218305944873e+04
7.626793497785482032e+04 7.626793497785482032e+04
7.612902844844445644e+04 7.612902844844445644e+04
7.598496288736611314e+04 7.598496288736611314e+04
7.583825167483612313e+04 7.583825167483612313e+04
7.569256775143271079e+04 7.569256775143271079e+04
7.554747882584694889e+04 7.554747882584694889e+04
7.540161770581392921e+04 7.540161770581392921e+04
7.525911683531486779e+04 7.525911683531486779e+04
7.511015312452484795e+04 7.511015312452484795e+04
7.495492084123654058e+04 7.495492084123654058e+04
7.481561715100295260e+04 7.481561715100295260e+04
7.466093301595610683e+04 7.466093301595610683e+04
7.450079074414118077e+04 7.450079074414118077e+04
7.434508191394871392e+04 7.434508191394871392e+04
7.419380196073149273e+04 7.419380196073149273e+04
7.404735119616427983e+04 7.404735119616427983e+04
7.388729731215476932e+04 7.388729731215476932e+04
7.373333745752135292e+04 7.373333745752135292e+04
7.357286396026566217e+04 7.357286396026566217e+04
7.341099741731243557e+04 7.341099741731243557e+04
7.324588589499040972e+04 7.324588589499040972e+04
7.309190816428010294e+04 7.309190816428010294e+04
7.293876116071977594e+04 7.293876116071977594e+04
7.277867525491218839e+04 7.277867525491218839e+04
7.261616288317638100e+04 7.261616288317638100e+04
7.245622046407556627e+04 7.245622046407556627e+04
7.229740049786581949e+04 7.229740049786581949e+04
7.213027365403743170e+04 7.213027365403743170e+04
7.195902333880787774e+04 7.195902333880787774e+04
7.180285199381959683e+04 7.180285199381959683e+04
7.163651932944786677e+04 7.163651932944786677e+04
7.147524567956462852e+04 7.147524567956462852e+04
7.131546145864613936e+04 7.131546145864613936e+04
7.114757320016606536e+04 7.114757320016606536e+04
7.097836951326247072e+04 7.097836951326247072e+04
7.080765145143489644e+04 7.080765145143489644e+04
7.064467235497015645e+04 7.064467235497015645e+04
7.048033776702007162e+04 7.048033776702007162e+04
7.031450098477788561e+04 7.031450098477788561e+04
7.014933347884542309e+04 7.014933347884542309e+04
6.997885921448840236e+04 6.997885921448840236e+04
6.981100092850698275e+04 6.981100092850698275e+04
6.964757383515426773e+04 6.964757383515426773e+04
6.947754303497156070e+04 6.947754303497156070e+04
6.929886271799025417e+04 6.929886271799025417e+04
6.912451108972479415e+04 6.912451108972479415e+04
6.895384005001930927e+04 6.895384005001930927e+04
6.878327619471594517e+04 6.878327619471594517e+04
6.862272246352542425e+04 6.862272246352542425e+04
6.845452766333827458e+04 6.845452766333827458e+04
6.827998033189697890e+04 6.827998033189697890e+04
6.810669449095960590e+04 6.810669449095960590e+04
6.792709371470421320e+04 6.792709371470421320e+04
6.775898126133698679e+04 6.775898126133698679e+04
6.757945405088203552e+04 6.757945405088203552e+04
6.740411539282537706e+04 6.740411539282537706e+04
6.723126919392861600e+04 6.723126919392861600e+04
6.705707500284971320e+04 6.705707500284971320e+04
6.688374975270612049e+04 6.688374975270612049e+04
6.670960750574141275e+04 6.670960750574141275e+04
6.653406852667362546e+04 6.653406852667362546e+04
6.636320054936970701e+04 6.636320054936970701e+04
6.618943276300076104e+04 6.618943276300076104e+04
6.600656473314280447e+04 6.600656473314280447e+04
6.583222788397967815e+04 6.583222788397967815e+04
6.566194325177735300e+04 6.566194325177735300e+04
6.547983250489031343e+04 6.547983250489031343e+04
6.530759574757507653e+04 6.530759574757507653e+04
6.513014354437152360e+04 6.513014354437152360e+04
6.495032449482043012e+04 6.495032449482043012e+04
6.477729025572920364e+04 6.477729025572920364e+04
6.459577453600591252e+04 6.459577453600591252e+04
6.442065959898202709e+04 6.442065959898202709e+04
6.424469677296245209e+04 6.424469677296245209e+04
6.406555013979141222e+04 6.406555013979141222e+04
6.389146184933505720e+04 6.389146184933505720e+04
6.371171966989585781e+04 6.371171966989585781e+04
6.353026208145356213e+04 6.353026208145356213e+04
6.335628784834659746e+04 6.335628784834659746e+04
6.317588759985240904e+04 6.317588759985240904e+04
6.299616205816205911e+04 6.299616205816205911e+04
6.281612737307030329e+04 6.281612737307030329e+04
6.263866420277179714e+04 6.263866420277179714e+04
6.246307946136021201e+04 6.246307946136021201e+04
6.227834171063537360e+04 6.227834171063537360e+04
6.210496845934524754e+04 6.210496845934524754e+04
6.192617057809555990e+04 6.192617057809555990e+04
6.175234188727495348e+04 6.175234188727495348e+04
6.157394933714620856e+04 6.157394933714620856e+04
6.139183775507607061e+04 6.139183775507607061e+04
6.121618089326211339e+04 6.121618089326211339e+04
6.103568106703813828e+04 6.103568106703813828e+04
6.085496956012574810e+04 6.085496956012574810e+04
6.067394732314869179e+04 6.067394732314869179e+04
6.049293236587631691e+04 6.049293236587631691e+04
6.031852082375564351e+04 6.031852082375564351e+04
6.014478645478260296e+04 6.014478645478260296e+04
5.996798274722618225e+04 5.996798274722618225e+04
5.978953957921602705e+04 5.978953957921602705e+04
5.961368249300445314e+04 5.961368249300445314e+04
5.943329835617929348e+04 5.943329835617929348e+04
5.924990971124853240e+04 5.924990971124853240e+04
5.906861070351544186e+04 5.906861070351544186e+04
5.889228287836495292e+04 5.889228287836495292e+04
5.871868254506294033e+04 5.871868254506294033e+04
5.853517743366430659e+04 5.853517743366430659e+04
5.835677407680144825e+04 5.835677407680144825e+04
5.818380809711212351e+04 5.818380809711212351e+04
5.801017451894590340e+04 5.801017451894590340e+04
5.782416659949981113e+04 5.782416659949981113e+04
5.764567320158727671e+04 5.764567320158727671e+04
5.746777882708836114e+04 5.746777882708836114e+04
5.728889080273939180e+04 5.728889080273939180e+04
5.711163523444294697e+04 5.711163523444294697e+04
5.693528392168825667e+04 5.693528392168825667e+04
5.675917401957896072e+04 5.675917401957896072e+04
5.658249300860831136e+04 5.658249300860831136e+04
5.640933189327290893e+04 5.640933189327290893e+04
5.623224734921821801e+04 5.623224734921821801e+04
5.605136499131142045e+04 5.605136499131142045e+04
5.587638591656841891e+04 5.587638591656841891e+04
5.570129337800567009e+04 5.570129337800567009e+04
5.552350487061197782e+04 5.552350487061197782e+04
5.534860861340029805e+04 5.534860861340029805e+04
5.517589913955469819e+04 5.517589913955469819e+04
5.500165752024407266e+04 5.500165752024407266e+04
5.482910436947782728e+04 5.482910436947782728e+04
5.465717379013684695e+04 5.465717379013684695e+04
5.448229592353651242e+04 5.448229592353651242e+04
5.431597114319248794e+04 5.431597114319248794e+04
5.414229474869516707e+04 5.414229474869516707e+04
5.396849492984256358e+04 5.396849492984256358e+04
5.379650270196241763e+04 5.379650270196241763e+04
5.362296597371203097e+04 5.362296597371203097e+04
5.345669070484139229e+04 5.345669070484139229e+04
5.328339147313402646e+04 5.328339147313402646e+04
5.311149413310825912e+04 5.311149413310825912e+04
5.294408735831071681e+04 5.294408735831071681e+04
5.277756985120003810e+04 5.277756985120003810e+04
5.261207738341094955e+04 5.261207738341094955e+04
5.244571132918933290e+04 5.244571132918933290e+04
5.227575119459783309e+04 5.227575119459783309e+04
5.210359605324857694e+04 5.210359605324857694e+04
5.193902793645179918e+04 5.193902793645179918e+04
5.176673505937677692e+04 5.176673505937677692e+04
5.160517092777323705e+04 5.160517092777323705e+04
5.143878751619743707e+04 5.143878751619743707e+04
5.127472613612619170e+04 5.127472613612619170e+04
5.111325011373992311e+04 5.111325011373992311e+04
5.095296015946307307e+04 5.095296015946307307e+04
5.078827681224372645e+04 5.078827681224372645e+04
5.062226193146775768e+04 5.062226193146775768e+04
5.046233907925342646e+04 5.046233907925342646e+04
5.030218828209800267e+04 5.030218828209800267e+04
5.014001044834646018e+04 5.014001044834646018e+04
4.998136361043164652e+04 4.998136361043164652e+04
4.982296945012808283e+04 4.982296945012808283e+04
4.966198646915071731e+04 4.966198646915071731e+04
4.950476634676245885e+04 4.950476634676245885e+04
4.935001300171556068e+04 4.935001300171556068e+04
4.919223438837595313e+04 4.919223438837595313e+04
4.903759295598851168e+04 4.903759295598851168e+04
4.887868741529229737e+04 4.887868741529229737e+04
4.872726877741615317e+04 4.872726877741615317e+04
4.857980148145295243e+04 4.857980148145295243e+04
4.842206695038948237e+04 4.842206695038948237e+04
4.827638080765619816e+04 4.827638080765619816e+04
4.812233289474368212e+04 4.812233289474368212e+04
4.796993510902442358e+04 4.796993510902442358e+04
4.781872316154969303e+04 4.781872316154969303e+04
4.766831577776232007e+04 4.766831577776232007e+04
4.751501291716332344e+04 4.751501291716332344e+04
4.736417729209954268e+04 4.736417729209954268e+04
4.721796867019838101e+04 4.721796867019838101e+04
4.707072912112800259e+04 4.707072912112800259e+04
4.692784879152794747e+04 4.692784879152794747e+04
4.678326048775816889e+04 4.678326048775816889e+04
4.663871422062756756e+04 4.663871422062756756e+04
4.649559852730442071e+04 4.649559852730442071e+04
4.635236908515160758e+04 4.635236908515160758e+04
4.620989674783089868e+04 4.620989674783089868e+04
4.606786880621604359e+04 4.606786880621604359e+04
4.592866357625507226e+04 4.592866357625507226e+04
4.579013888453107211e+04 4.579013888453107211e+04
4.564595412190929346e+04 4.564595412190929346e+04
4.550796830234725348e+04 4.550796830234725348e+04
4.537050783809296263e+04 4.537050783809296263e+04
4.523193842314823996e+04 4.523193842314823996e+04
4.509462567547648359e+04 4.509462567547648359e+04
4.496076832699866645e+04 4.496076832699866645e+04
4.482810588710875163e+04 4.482810588710875163e+04
4.469025498288131348e+04 4.469025498288131348e+04
4.456065502197747264e+04 4.456065502197747264e+04
4.442550166244318098e+04 4.442550166244318098e+04
4.429447385986849258e+04 4.429447385986849258e+04
4.416907988079947245e+04 4.416907988079947245e+04
4.403690166197776853e+04 4.403690166197776853e+04
4.390744139638482739e+04 4.390744139638482739e+04
4.377594917226900725e+04 4.377594917226900725e+04
4.364713891898024303e+04 4.364713891898024303e+04
4.352134201439847675e+04 4.352134201439847675e+04
4.340165503534710297e+04 4.340165503534710297e+04
4.327378965844600316e+04 4.327378965844600316e+04
4.315327229483007977e+04 4.315327229483007977e+04
4.302649059731439047e+04 4.302649059731439047e+04
4.290513263977161841e+04 4.290513263977161841e+04
4.278156494295760785e+04 4.278156494295760785e+04
4.266143780435262306e+04 4.266143780435262306e+04
4.254218471354953363e+04 4.254218471354953363e+04
4.242836128901822667e+04 4.242836128901822667e+04
4.231040268008399289e+04 4.231040268008399289e+04
4.219160137701714120e+04 4.219160137701714120e+04
4.207939499451823940e+04 4.207939499451823940e+04
4.196033345026311144e+04 4.196033345026311144e+04
4.184681336330647173e+04 4.184681336330647173e+04
4.173164493794178998e+04 4.173164493794178998e+04
4.162294280398616684e+04 4.162294280398616684e+04
4.150988666941234987e+04 4.150988666941234987e+04
4.140338409043163847e+04 4.140338409043163847e+04
4.129192665037507686e+04 4.129192665037507686e+04
4.118405849514403235e+04 4.118405849514403235e+04
4.107391617207846139e+04 4.107391617207846139e+04
4.096913360022962297e+04 4.096913360022962297e+04
4.086252966905936773e+04 4.086252966905936773e+04
4.075847613484031172e+04 4.075847613484031172e+04
4.065209639771532238e+04 4.065209639771532238e+04
4.055233129461826320e+04 4.055233129461826320e+04
4.044724087694744230e+04 4.044724087694744230e+04
4.034397000289538846e+04 4.034397000289538846e+04
4.024549155553222226e+04 4.024549155553222226e+04
4.014280388843361288e+04 4.014280388843361288e+04
4.004613558788930095e+04 4.004613558788930095e+04
3.994877882224835048e+04 3.994877882224835048e+04
3.985253596855270735e+04 3.985253596855270735e+04
3.975632811605074676e+04 3.975632811605074676e+04
3.966042141783693660e+04 3.966042141783693660e+04
3.957003313880619680e+04 3.957003313880619680e+04
3.947577476038663008e+04 3.947577476038663008e+04
3.938332668353959161e+04 3.938332668353959161e+04
3.929032034306594869e+04 3.929032034306594869e+04
3.920179488234393648e+04 3.920179488234393648e+04
3.911295138988039253e+04 3.911295138988039253e+04
3.902359832802861638e+04 3.902359832802861638e+04
3.893741385048141092e+04 3.893741385048141092e+04
3.884972820699447766e+04 3.884972820699447766e+04
3.876421713759657723e+04 3.876421713759657723e+04
3.868276174208510929e+04 3.868276174208510929e+04
3.859810966074391763e+04 3.859810966074391763e+04
3.851686355962736707e+04 3.851686355962736707e+04
3.843458676085479237e+04 3.843458676085479237e+04
3.835386846072890330e+04 3.835386846072890330e+04
3.827713588048428210e+04 3.827713588048428210e+04
3.819796834621427115e+04 3.819796834621427115e+04
3.811973520221022045e+04 3.811973520221022045e+04
3.804126202396792360e+04 3.804126202396792360e+04
3.796556833406785881e+04 3.796556833406785881e+04
3.789196231231473939e+04 3.789196231231473939e+04
3.781816799103576341e+04 3.781816799103576341e+04
3.774619519319065148e+04 3.774619519319065148e+04
3.767629654260389361e+04 3.767629654260389361e+04
3.760926670887524233e+04 3.760926670887524233e+04
3.753606513106248167e+04 3.753606513106248167e+04
3.746876682963235362e+04 3.746876682963235362e+04
3.739981875710032182e+04 3.739981875710032182e+04
3.733393136008321017e+04 3.733393136008321017e+04
3.726516012869185943e+04 3.726516012869185943e+04
3.720600932252525672e+04 3.720600932252525672e+04
3.713825807950767921e+04 3.713825807950767921e+04
3.708380467343282362e+04 3.708380467343282362e+04
3.701803547026003798e+04 3.701803547026003798e+04
3.696037645853758295e+04 3.696037645853758295e+04
3.690115205100848107e+04 3.690115205100848107e+04
3.683994273006456933e+04 3.683994273006456933e+04
3.678313831624454178e+04 3.678313831624454178e+04
3.672940472663779656e+04 3.672940472663779656e+04
3.667208747948664677e+04 3.667208747948664677e+04
3.661555240741268790e+04 3.661555240741268790e+04
3.656334121856212732e+04 3.656334121856212732e+04
3.650777589056535362e+04 3.650777589056535362e+04
3.645864622291322303e+04 3.645864622291322303e+04
3.641049313446899760e+04 3.641049313446899760e+04
3.636065073120887973e+04 3.636065073120887973e+04
3.631190272303269012e+04 3.631190272303269012e+04
3.626511090214090655e+04 3.626511090214090655e+04
3.621668522482257686e+04 3.621668522482257686e+04
3.617348319533147151e+04 3.617348319533147151e+04
3.613022034494864056e+04 3.613022034494864056e+04
3.608438402826744277e+04 3.608438402826744277e+04
3.604568874221230362e+04 3.604568874221230362e+04
3.600356479102194135e+04 3.600356479102194135e+04
3.596602140186742326e+04 3.596602140186742326e+04
3.592537334399853717e+04 3.592537334399853717e+04
3.588961995037923771e+04 3.588961995037923771e+04
3.585362929359156260e+04 3.585362929359156260e+04
3.581642455660219275e+04 3.581642455660219275e+04
3.578330289648636244e+04 3.578330289648636244e+04
3.574842888590584334e+04 3.574842888590584334e+04
3.571567089747197315e+04 3.571567089747197315e+04
3.568283797966841666e+04 3.568283797966841666e+04
3.565534395000887162e+04 3.565534395000887162e+04
3.562686374545260333e+04 3.562686374545260333e+04
3.559944466161019955e+04 3.559944466161019955e+04
3.557436108027546288e+04 3.557436108027546288e+04
3.554943632841773797e+04 3.554943632841773797e+04
3.551953936600017914e+04 3.551953936600017914e+04
3.550359867587120971e+04 3.550359867587120971e+04
3.547770608586120215e+04 3.547770608586120215e+04
3.545615478330688347e+04 3.545615478330688347e+04
3.543697357170608302e+04 3.543697357170608302e+04
3.542667392564172769e+04 3.542667392564172769e+04
3.552963651747465337e+04 3.552963651747465337e+04
4.010737067388091236e+04 4.010737067388091236e+04
1.580701894157113857e+05 1.580701894157113857e+05
2.661305105848601088e+05 2.661305105848601088e+05
1.381905539432995138e+05 1.381905539432995138e+05
8.602108102919103112e+04 8.602108102919103112e+04
9.442999346809892450e+04 9.442999346809892450e+04
1.078516546398679930e+05 1.078516546398679930e+05
1.356342610572185949e+05 1.356342610572185949e+05
1.764161101494982140e+05 1.764161101494982140e+05
2.198994189442496863e+05 2.198994189442496863e+05
2.610059019278167980e+05 2.610059019278167980e+05
2.986760272226050729e+05 2.986760272226050729e+05
3.312351498095690040e+05 3.312351498095690040e+05
3.587616039071311243e+05 3.587616039071311243e+05
3.828385060207570787e+05 3.828385060207570787e+05
4.044264735171719803e+05 4.044264735171719803e+05
4.208795061073090183e+05 4.208795061073090183e+05
4.332760300296003115e+05 4.332760300296003115e+05
4.443091835988978273e+05 4.443091835988978273e+05
4.517546536557414220e+05 4.517546536557414220e+05
4.568764036783067859e+05 4.568764036783067859e+05
4.582428012551324209e+05 4.582428012551324209e+05
4.613097894183014287e+05 4.613097894183014287e+05
4.612756560330808861e+05 4.612756560330808861e+05
4.612203288567945128e+05 4.612203288567945128e+05
4.606446115542068728e+05 4.606446115542068728e+05
4.598955649886481115e+05 4.598955649886481115e+05
4.588827975287545123e+05 4.588827975287545123e+05
4.578228833270443138e+05 4.578228833270443138e+05
4.556499508396097226e+05 4.556499508396097226e+05
4.546151596031466033e+05 4.546151596031466033e+05
4.535071309167842264e+05 4.535071309167842264e+05
4.529850316788086202e+05 4.529850316788086202e+05
4.517024700633137254e+05 4.517024700633137254e+05
4.512985352737692883e+05 4.512985352737692883e+05
4.514208075853526243e+05 4.514208075853526243e+05
4.491943205334786908e+05 4.491943205334786908e+05
4.502413752881617984e+05 4.502413752881617984e+05
4.480480619753859937e+05 4.480480619753859937e+05
4.487098028850713163e+05 4.487098028850713163e+05
4.478302471661216114e+05 4.478302471661216114e+05
4.467308159613985918e+05 4.467308159613985918e+05
4.459022488047818188e+05 4.459022488047818188e+05
4.457181000496256747e+05 4.457181000496256747e+05
4.447901191574949189e+05 4.447901191574949189e+05
4.457603601367956144e+05 4.457603601367956144e+05
4.442326725683272816e+05 4.442326725683272816e+05
4.438458651402686955e+05 4.438458651402686955e+05
4.436229771400602185e+05 4.436229771400602185e+05
4.440110776666795136e+05 4.440110776666795136e+05
4.435818215873133740e+05 4.435818215873133740e+05
4.419852895714333281e+05 4.419852895714333281e+05
4.420289559835293912e+05 4.420289559835293912e+05
4.427791258985652239e+05 4.427791258985652239e+05
4.423506149576675962e+05 4.423506149576675962e+05
4.408260195108656189e+05 4.408260195108656189e+05
4.408507068195873289e+05 4.408507068195873289e+05
4.403916625786460936e+05 4.403916625786460936e+05
4.405390744967540959e+05 4.405390744967540959e+05
4.414945817682177876e+05 4.414945817682177876e+05
4.396037080917060957e+05 4.396037080917060957e+05
4.397121345233835164e+05 4.397121345233835164e+05
4.393386031072193291e+05 4.393386031072193291e+05
4.402728725277786725e+05 4.402728725277786725e+05
4.387343546594819054e+05 4.387343546594819054e+05
4.396912461328266072e+05 4.396912461328266072e+05
4.394743721197296982e+05 4.394743721197296982e+05
4.376498846812702832e+05 4.376498846812702832e+05
4.381662553240417037e+05 4.381662553240417037e+05
4.378563469449367258e+05 4.378563469449367258e+05
4.385796936220434727e+05 4.385796936220434727e+05
4.372595130089176819e+05 4.372595130089176819e+05
4.381447863912333851e+05 4.381447863912333851e+05
4.369766169134476804e+05 4.369766169134476804e+05
4.369679517537928768e+05 4.369679517537928768e+05
4.364536111716558225e+05 4.364536111716558225e+05
4.375773498883728753e+05 4.375773498883728753e+05
4.359167026280540740e+05 4.359167026280540740e+05
4.369431172448567813e+05 4.369431172448567813e+05
4.368218552747452050e+05 4.368218552747452050e+05
4.364483362238844857e+05 4.364483362238844857e+05
4.350034440907168901e+05 4.350034440907168901e+05
4.351463415100642014e+05 4.351463415100642014e+05
4.359389750922669773e+05 4.359389750922669773e+05
4.356810648855316103e+05 4.356810648855316103e+05
4.342298631039886968e+05 4.342298631039886968e+05
4.339121633936080034e+05 4.339121633936080034e+05
4.351485796873071231e+05 4.351485796873071231e+05
4.350059781773755094e+05 4.350059781773755094e+05
4.332916474691369804e+05 4.332916474691369804e+05
4.344002570549502852e+05 4.344002570549502852e+05
4.341933709886582801e+05 4.341933709886582801e+05
4.339272952815595199e+05 4.339272952815595199e+05
4.336010618964083842e+05 4.336010618964083842e+05
4.337857093438160955e+05 4.337857093438160955e+05
4.322164543283802923e+05 4.322164543283802923e+05
4.321485482904728851e+05 4.321485482904728851e+05
4.330927177488341113e+05 4.330927177488341113e+05
4.314074286160343909e+05 4.314074286160343909e+05
4.320141631576055079e+05 4.320141631576055079e+05
4.309668199584530084e+05 4.309668199584530084e+05
4.323979324126039864e+05 4.323979324126039864e+05
4.309598087024192791e+05 4.309598087024192791e+05
4.318311706799726817e+05 4.318311706799726817e+05
4.314291572385234176e+05 4.314291572385234176e+05
4.315041973407007754e+05 4.315041973407007754e+05
4.299056005790558993e+05 4.299056005790558993e+05
4.311111231021704734e+05 4.311111231021704734e+05
4.295045289752694080e+05 4.295045289752694080e+05
4.295034781552702771e+05 4.295034781552702771e+05
4.294084722408538801e+05 4.294084722408538801e+05
4.290274694989451091e+05 4.290274694989451091e+05
4.291539299556147889e+05 4.291539299556147889e+05
4.301668288221706171e+05 4.301668288221706171e+05
4.282161601601048023e+05 4.282161601601048023e+05
4.295567484685262898e+05 4.295567484685262898e+05
4.292335836152627016e+05 4.292335836152627016e+05
4.288910161635663826e+05 4.288910161635663826e+05
4.290459976455898723e+05 4.290459976455898723e+05
4.277368206407842808e+05 4.277368206407842808e+05
4.276316315892522107e+05 4.276316315892522107e+05
4.273063466208343743e+05 4.273063466208343743e+05
4.283178633821937256e+05 4.283178633821937256e+05
4.280132111345400917e+05 4.280132111345400917e+05
4.268994267056136741e+05 4.268994267056136741e+05
4.276525729717671056e+05 4.276525729717671056e+05
4.276397859427995281e+05 4.276397859427995281e+05
4.261647108978587785e+05 4.261647108978587785e+05
4.274588347961846157e+05 4.274588347961846157e+05
4.257005833288506255e+05 4.257005833288506255e+05
4.268917293834523880e+05 4.268917293834523880e+05
4.267770370366675197e+05 4.267770370366675197e+05
4.253270185711677186e+05 4.253270185711677186e+05
4.253896170349245076e+05 4.253896170349245076e+05
4.253463461197623983e+05 4.253463461197623983e+05
4.250605895558578195e+05 4.250605895558578195e+05
4.247688247678885818e+05 4.247688247678885818e+05
4.256769831680228817e+05 4.256769831680228817e+05
4.255722657933905721e+05 4.255722657933905721e+05
4.239026552342037903e+05 4.239026552342037903e+05
4.241154893165003741e+05 4.241154893165003741e+05
4.249502835328014917e+05 4.249502835328014917e+05
4.247525218862417969e+05 4.247525218862417969e+05
4.236255439877869794e+05 4.236255439877869794e+05
4.236708521844203933e+05 4.236708521844203933e+05
4.229670152391570155e+05 4.229670152391570155e+05
4.230808005092830863e+05 4.230808005092830863e+05
4.240233524135922780e+05 4.240233524135922780e+05
4.237786424175210996e+05 4.237786424175210996e+05
4.224223641094025807e+05 4.224223641094025807e+05
4.220823454646078753e+05 4.220823454646078753e+05
4.211385087637077086e+05 4.211385087637077086e+05
3.790473424394616741e+05 3.790473424394616741e+05
4.867515424791945843e+05 4.867515424791945843e+05
