0.000000000000000000e+00 1.296317563815892907e+06
9.925461516413221219e-03 3.753866925845744554e+05
1.983442618678336877e-02 3.280897547241834109e+05
2.972672414901125076e-02 3.177260698850026820e+05
3.960218682214877717e-02 3.127406311973746633e+05
4.946064691594782153e-02 3.095608442528391606e+05
5.930193844021729860e-02 3.071896551200466347e+05
6.912589671397123547e-02 3.053987643047314486e+05
7.893235837437453939e-02 3.040937081558046630e+05
8.872116138548846731e-02 3.031108933328678249e+05
9.849214504681275129e-02 3.023711145154140540e+05
1.082451500016173990e-01 3.017234564702101634e+05
1.179800182450785051e-01 3.011458972806434613e+05
1.276965931322006087e-01 3.006413326564541785e+05
1.373947193855412918e-01 3.002020486370711005e+05
1.470742431027237951e-01 2.998126295231142431e+05
1.567350117637499041e-01 2.994721961083330098e+05
1.663768742381017962e-01 2.991736188909832854e+05
1.759996807916386075e-01 2.989103758739350014e+05
1.856032830932904942e-01 2.986776659238106804e+05
1.951875342215420028e-01 2.984715735423821607e+05
2.047522886707114076e-01 2.982865940614047577e+05
2.142974023570272113e-01 2.981200211725709378e+05
2.238227326244890958e-01 2.979701544752551708e+05
2.333281382505338897e-01 2.978353372365820687e+05
2.428134794514902883e-01 2.977138963190323557e+05
2.522786178878290153e-01 2.976028580590200727e+05
2.617234166692065100e-01 2.975012349292258150e+05
2.711477403593096080e-01 2.974076360761063988e+05
2.805514549804890012e-01 2.973220534399588360e+05
2.899344280181923028e-01 2.972427621482833056e+05
2.992965284251927205e-01 2.971692613205104717e+05
3.086376266256181111e-01 2.971010288834113744e+05
3.179575945187730901e-01 2.970384692910744925e+05
3.272563054827610785e-01 2.969794433837908437e+05
3.365336343779091188e-01 2.969236837725407677e+05
3.457894575499850798e-01 2.968714297577781253e+05
3.550236528332201824e-01 2.968233380465011578e+05
3.642360995531381818e-01 2.967787301556135062e+05
3.734266785291696089e-01 2.967368715192954987e+05
3.825952720770879889e-01 2.966967766038623522e+05
3.917417640112400012e-01 2.966579802795576397e+05
4.008660396465796860e-01 2.966207559368173825e+05
4.099679858005131905e-01 2.965865174826832372e+05
4.190474907945437866e-01 2.965544888305729837e+05
4.281044444557345896e-01 2.965236485912593198e+05
4.371387381179686060e-01 2.964941101472775335e+05
4.461502646230247060e-01 2.964647040655692108e+05
4.551389183214679113e-01 2.964370296712217969e+05
4.641045950733427849e-01 2.964117496175013948e+05
4.730471922486907954e-01 2.963879040317817708e+05
4.819666087278728916e-01 2.963659520408236422e+05
4.908627449017147759e-01 2.963443662069736165e+05
4.997355026714653259e-01 2.963223824298982508e+05
5.085847854485783248e-01 2.963002279192326823e+05
5.174104981543072856e-01 2.962787262842819327e+05
5.262125472191294673e-01 2.962586305199181079e+05
5.349908405819854273e-01 2.962399542994970107e+05
5.437452876893489329e-01 2.962220562691889936e+05
5.524757994941199568e-01 2.962045100810717558e+05
5.611822884543428147e-01 2.961886104423126089e+05
5.698646685317575455e-01 2.961726813226640224e+05
5.785228551901778760e-01 2.961587312059780816e+05
5.871567653937028730e-01 2.961460106449792511e+05
5.957663176047630627e-01 2.961334727068048669e+05
6.043514317819994597e-01 2.961208350489400909e+05
6.129120293779797279e-01 2.961080946138294530e+05
6.214480333367564668e-01 2.960953784039386665e+05
6.299593680912582983e-01 2.960825577715500840e+05
6.384459595605305182e-01 2.960695949954471434e+05
6.469077351468168757e-01 2.960565202603593352e+05
6.553446237324831447e-01 2.960437567145634093e+05
6.637565556767904829e-01 2.960322665566004580e+05
6.721434628125216859e-01 2.960219346239113947e+05
6.805052784424510115e-01 2.960120993785973405e+05
6.888419373356695630e-01 2.960022830043698777e+05
6.971533757237670104e-01 2.959915744081630255e+05
7.054395312968684273e-01 2.959809878173845937e+05
7.137003431995240232e-01 2.959715500782721792e+05
7.219357520264702011e-01 2.959624429581184522e+05
7.301456998182381808e-01 2.959534686426785775e+05
7.383301300566400549e-01 2.959450816064692335e+05
7.464889876601098484e-01 2.959368701452892856e+05
7.546222189789181245e-01 2.959284070675506373e+05
7.627297717902542518e-01 2.959196466061217943e+05
7.708115952931796633e-01 2.959102474524883437e+05
7.788676401034553276e-01 2.959018907083253725e+05
7.868978582482433204e-01 2.958940928664478124e+05
7.949022031606881589e-01 2.958866743319113739e+05
8.028806296743727922e-01 2.958807297830008320e+05
8.108330940176622370e-01 2.958744958162657567e+05
8.187595538079234236e-01 2.958682014998226077e+05
8.266599680456371280e-01 2.958616409731181921e+05
8.345342971083903327e-01 2.958548905342316721e+05
8.423825027447626734e-01 2.958478246325296932e+05
8.502045480681014178e-01 2.958408600710102473e+05
8.580003975501919733e-01 2.958342053719430696e+05
8.657700170148203700e-01 2.958279277537883609e+05
8.735133736312364894e-01 2.958219726004882250e+05
8.812304359075130433e-01 2.958162112181996345e+05
8.889211736838061872e-01 2.958104807300324319e+05
8.965855581255246509e-01 2.958048991911098710e+05
9.042235617163935091e-01 2.957993490919142496e+05
9.118351582514377940e-01 2.957938414834599826e+05
9.194203228298626351e-01 2.957885277558184462e+05
9.269790318478554614e-01 2.957837121465943637e+05
9.345112629912929458e-01 2.957795249352886458e+05
9.420169952283710124e-01 2.957753855456122546e+05
9.494962088021416946e-01 2.957713894938199664e+05
9.569488852229794951e-01 2.957675008422123501e+05
9.643750072609638124e-01 2.957634174557404476e+05
9.717745589381824312e-01 2.957586319380365894e+05
9.791475255209654005e-01 2.957541109198376071e+05
9.864938935120406427e-01 2.957501352193173370e+05
9.938136506426219485e-01 2.957453571238504373e+05
1.001106785864426030e+00 2.957406531238214811e+05
1.008373289341625068e+00 2.957363279522458324e+05
1.015613152442726985e+00 2.957320881829932914e+05
1.022826367732402097e+00 2.957278140555382706e+05
1.030012928963240926e+00 2.957235673104692250e+05
1.037172831067457057e+00 2.957196739544150187e+05
1.044306070148526944e+00 2.957156927602277719e+05
1.051412643472779074e+00 2.957117206476063584e+05
1.058492549460928078e+00 2.957077640939240227e+05
1.065545787679553991e+00 2.957038383622636902e+05
1.072572358832535100e+00 2.957001549374455935e+05
1.079572264752431066e+00 2.956964472116237739e+05
1.086545508391816961e+00 2.956929556504604407e+05
1.093492093814574018e+00 2.956897612414329778e+05
1.100412026187143955e+00 2.956866984695472638e+05
1.107305311769728018e+00 2.956838931218396174e+05
1.114171957907462929e+00 2.956804200567152584e+05
1.121011973021545982e+00 2.956771534758086200e+05
1.127825366600329948e+00 2.956741122041576309e+05
1.134612149190387109e+00 2.956709813074099366e+05
1.141372332387531108e+00 2.956675470143791172e+05
1.148105928827823030e+00 2.956637005926973070e+05
1.154812952178529972e+00 2.956595492062707199e+05
1.161493417129072947e+00 2.956562380986405769e+05
1.168147339381937933e+00 2.956534238347268547e+05
1.174774735643572932e+00 2.956507443508529686e+05
1.181375623615247061e+00 2.956483766152906464e+05
1.187950021983910087e+00 2.956460548719018116e+05
1.194497950413011100e+00 2.956437334475582466e+05
1.201019429533318084e+00 2.956414121483545168e+05
1.207514480933705947e+00 2.956385569661280606e+05
1.213983127151943009e+00 2.956353343728046166e+05
1.220425391665457049e+00 2.956319267503522569e+05
1.226841298882090925e+00 2.956287329271896742e+05
1.233230874130847976e+00 2.956257848155600950e+05
1.239594143652632097e+00 2.956226260921033681e+05
1.245931134590978928e+00 2.956201836028515827e+05
1.252241874982781056e+00 2.956180746879597427e+05
1.258526393749006989e+00 2.956161938124491135e+05
1.264784720685423913e+00 2.956144202191518852e+05
1.271016886453310901e+00 2.956124919664443005e+05
1.277222922570180108e+00 2.956101763860694482e+05
1.283402861400493089e+00 2.956073541483341251e+05
1.289556736146383109e+00 2.956041627867749776e+05
1.295684580838383004e+00 2.956008610337876598e+05
1.301786430326153043e+00 2.955977237105687382e+05
1.307862320269221001e+00 2.955947538903284585e+05
1.313912287127726897e+00 2.955924433811731869e+05
1.319936368153179940e+00 2.955906724295006134e+05
1.325934601379221922e+00 2.955893687273443793e+05
1.331907025612403928e+00 2.955882951117649209e+05
1.337853680422979918e+00 2.955871409200264025e+05
1.343774606135708982e+00 2.955857719642099109e+05
1.349669843820672011e+00 2.955840792043984984e+05
1.355539435284111915e+00 2.955815938841448515e+05
1.361383423059282949e+00 2.955786088210051530e+05
1.367201850397324003e+00 2.955752975046724896e+05
1.372994761258151897e+00 2.955719775059001404e+05
1.378762200301369090e+00 2.955689892651686678e+05
1.384504212877200935e+00 2.955663145571110654e+05
1.390220845017450024e+00 2.955641678637064761e+05
1.395912143426480068e+00 2.955627658678377047e+05
1.401578155472215981e+00 2.955618332626213087e+05
1.407218929177181055e+00 2.955611301026112633e+05
1.412834513209549891e+00 2.955604352241000161e+05
1.418424956874233978e+00 2.955596096812196192e+05
1.423990310103999901e+00 2.955585430579052772e+05
1.429530623450607996e+00 2.955572517504335265e+05
1.435045948075990951e+00 2.955558318100774777e+05
1.440536335743453966e+00 2.955540121882825042e+05
1.446001838808917972e+00 2.955518906768049346e+05
1.451442510212183068e+00 2.955493436256677378e+05
1.456858403468239915e+00 2.955463894724897109e+05
1.462249572658602004e+00 2.955431014690623851e+05
1.467616072422684104e+00 2.955396156287748017e+05
1.472957957949208918e+00 2.955363454950832529e+05
1.478275284967655923e+00 2.955333734921085415e+05
1.483568109739747065e+00 2.955303579998029745e+05
1.488836489050963996e+00 2.955283401134057785e+05
1.494080480202119032e+00 2.955272267966305953e+05
1.499300141000946107e+00 2.955268908874007757e+05
1.504495529753751004e+00 2.955269823656989029e+05
1.509666705257088015e+00 2.955271314432441723e+05
1.514813726789487891e+00 2.955268799995488371e+05
1.519936654103221985e+00 2.955265445666459273e+05
1.525035547416113024e+00 2.955255914188640309e+05
1.530110467403386965e+00 2.955240974847788457e+05
1.535161475189569025e+00 2.955223176796456100e+05
1.540188632340425023e+00 2.955204597216189140e+05
1.545192000854948011e+00 2.955183417836783337e+05
1.550171643157387980e+00 2.955167952884277329e+05
1.555127622089331085e+00 2.955154853663875838e+05
1.560060000901821953e+00 2.955141527169787441e+05
1.564968843247535935e+00 2.955123398856422282e+05
1.569854213172998003e+00 2.955111517099808552e+05
1.574716175110846939e+00 2.955087815236275783e+05
1.579554793872149920e+00 2.955059497562387842e+05
1.584370134638767968e+00 2.955025144817449618e+05
1.589162262955764016e+00 2.954985032047849381e+05
1.593931244723868934e+00 2.954942645902652293e+05
1.598677146191991083e+00 2.954906387537921546e+05
1.603400033949778036e+00 2.954879649268075009e+05
1.608099974920226938e+00 2.954842177280100877e+05
1.612777036352351034e+00 2.954829654611573787e+05
1.617431285813891950e+00 2.954824813562904019e+05
1.622062791184081920e+00 2.954830867104521021e+05
1.626671620646469085e+00 2.954844556674025371e+05
1.631257842681776982e+00 2.954861713951852871e+05
1.635821526060833087e+00 2.954875668128042598e+05
1.640362739837541106e+00 2.954886064997236826e+05
1.644881553341905001e+00 2.954891261234778212e+05
1.649378036173110962e+00 2.954883423578961520e+05
1.653852258192660019e+00 2.954866118746091961e+05
1.658304289517555041e+00 2.954839148056179401e+05
1.662734200513535932e+00 2.954804852862271364e+05
1.667142061788376983e+00 2.954767110898719984e+05
1.671527944185233983e+00 2.954733754186771112e+05
1.675891918776041045e+00 2.954702828943034983e+05
1.680234056854970071e+00 2.954672518930787919e+05
1.684554429931939934e+00 2.954654189487511176e+05
1.688853109726178081e+00 2.954643309295693180e+05
1.693130168159838078e+00 2.954640739667122252e+05
1.697385677351674005e+00 2.954645791519126506e+05
1.701619709610771025e+00 2.954655025042365887e+05
1.705832337430319035e+00 2.954665520883692661e+05
1.710023633481456917e+00 2.954671405958799296e+05
1.714193670607162989e+00 2.954676805675409269e+05
1.718342521816196955e+00 2.954669001466389163e+05
1.722470260277104925e+00 2.954658373581895721e+05
1.726576959312277060e+00 2.954636652376797865e+05
1.730662692392054947e+00 2.954606448076317320e+05
1.734727533128898935e+00 2.954567970899828360e+05
1.738771555271608982e+00 2.954523490397008136e+05
1.742794832699603891e+00 2.954475208652247093e+05
1.746797439417242970e+00 2.954425635180587415e+05
1.750779449548222066e+00 2.954376771178334020e+05
1.754740937330006023e+00 2.954331999250576482e+05
1.758681977108327965e+00 2.954293897494873963e+05
1.762602643331736108e+00 2.954273280252719996e+05
1.766503010546200958e+00 2.954232640539282002e+05
1.770383153389770037e+00 2.954225212884238572e+05
1.774243146587282993e+00 2.954221437789175543e+05
1.778083064945140901e+00 2.954227962872812059e+05
1.781902983346127067e+00 2.954242530981014133e+05
1.785702976744278025e+00 2.954262882974596578e+05
1.789483120159820917e+00 2.954287393196606426e+05
1.793243488674151953e+00 2.954313686836157576e+05
1.796984157424875939e+00 2.954339790993545321e+05
1.800705201600897976e+00 2.954363341719916789e+05
1.804406696437568902e+00 2.954382354631205089e+05
1.808088717211876917e+00 2.954394210056836600e+05
1.811751339237710035e+00 2.954401153967417195e+05
1.815394637861150073e+00 2.954393966594511876e+05
1.819018688455835031e+00 2.954394423531219363e+05
1.822623566418366980e+00 2.954379000467373407e+05
1.826209347163779029e+00 2.954358953651103657e+05
1.829776106121044021e+00 2.954331398982088431e+05
1.833323918728642976e+00 2.954298213137284038e+05
1.836852860430189027e+00 2.954260201875723433e+05
1.840363006670088009e+00 2.954218400126841734e+05
1.843854432889276085e+00 2.954173720433065901e+05
1.847327214520974037e+00 2.954126802746851463e+05
1.850781426986531919e+00 2.954078771283540991e+05
1.854217145691289925e+00 2.954030389413487283e+05
1.857634446020512087e+00 2.953982377891395008e+05
1.861033403335359049e+00 2.953935399361785967e+05
1.864414092968923020e+00 2.953890137261116179e+05
1.867776590222294919e+00 2.953847279280674411e+05
1.871120970360697910e+00 2.953807469715883490e+05
1.874447308609662910e+00 2.953771072689206921e+05
1.877755680151254047e+00 2.953738340516299941e+05
1.881046160120340982e+00 2.953710261266631423e+05
1.884318823600930060e+00 2.953681677993613994e+05
1.887573745622526999e+00 2.953668849027887918e+05
1.890811001156563975e+00 2.953649086893611238e+05
1.894030665112865108e+00 2.953638398869907251e+05
1.897232812336167918e+00 2.953630441669999855e+05
1.900417517602678963e+00 2.953626138364924118e+05
1.903584855616690108e+00 2.953625078906645649e+05
1.906734901007236083e+00 2.953626488197554718e+05
1.909867728324798897e+00 2.953629659162753960e+05
1.912983412038055997e+00 2.953633983935170691e+05
1.916082026530683047e+00 2.953639104921590770e+05
1.919163646098188902e+00 2.953644179427284980e+05
1.922228344944812983e+00 2.953648929318153532e+05
1.925276197180451065e+00 2.953653153191123856e+05
1.928307276817635918e+00 2.953656489442664897e+05
1.931321657768565903e+00 2.953658406789047294e+05
1.934319413842163105e+00 2.953658536561255460e+05
1.937300618741192970e+00 2.953656821272660163e+05
1.940265346059413920e+00 2.953653353058772045e+05
1.943213669278782030e+00 2.953648120702155866e+05
1.946145661766683910e+00 2.953640867091420805e+05
1.949061396773231092e+00 2.953631361449445249e+05
1.951960947428581949e+00 2.953619700054324348e+05
1.954844386740308915e+00 2.953606472532094922e+05
1.957711787590818986e+00 2.953591910930540762e+05
1.960563222734795108e+00 2.953577706944994861e+05
1.963398764796699059e+00 2.953563319704085588e+05
1.966218486268300092e+00 2.953547735494494555e+05
1.969022459506257983e+00 2.953531736846054555e+05
1.971810756729734937e+00 2.953515151640761178e+05
1.974583450018049025e+00 2.953498100728427526e+05
1.977340611308378904e+00 2.953480831109922729e+05
1.980082312393488086e+00 2.953463686314947554e+05
1.982808624919510043e+00 2.953446729913400486e+05
1.985519620383753958e+00 2.953429981372177135e+05
1.988215370132560000e+00 2.953413343716557138e+05
1.990895945359189012e+00 2.953396872626052354e+05
1.993561417101747946e+00 2.953380792835006141e+05
1.996211856241157934e+00 2.953365281026533921e+05
1.998847333499156997e+00 2.953350229050267953e+05
2.001467919436333176e+00 2.953335295918237534e+05
2.004073684450208948e+00 2.953320245208647102e+05
2.006664698773350075e+00 2.953305176160570118e+05
2.009241032471507982e+00 2.953290382804523688e+05
2.011802755441812973e+00 2.953276060807482572e+05
2.014349937410988112e+00 2.953262192338722525e+05
2.016882647933599060e+00 2.953248646889212541e+05
2.019400956390350999e+00 2.953235419742598315e+05
2.021904931986404197e+00 2.953222331535524572e+05
2.024394643749737099e+00 2.953209455984222004e+05
2.026870160529529841e+00 2.953196281181552331e+05
2.029331550994594835e+00 2.953182830832807813e+05
2.031778883631830013e+00 2.953169069696736988e+05
2.034212226744708030e+00 2.953155329668126651e+05
2.036631648451798782e+00 2.953141778232622310e+05
2.039037216685330112e+00 2.953128312995759188e+05
2.041428999189761839e+00 2.953114776178235770e+05
2.043807063520413969e+00 2.953101474364560563e+05
2.046171477042109110e+00 2.953088608473161003e+05
2.048522306927853975e+00 2.953075526937767863e+05
2.050859620157554186e+00 2.953062207315629930e+05
2.053183483516745955e+00 2.953048543766728253e+05
2.055493963595373064e+00 2.953034593128099805e+05
2.057791126786586045e+00 2.953020367497581174e+05
2.060075039285568010e+00 2.953005843010762474e+05
2.062345767088400006e+00 2.952991177304532612e+05
2.064603375990938794e+00 2.952976611046676990e+05
2.066847931587743048e+00 2.952962288457070244e+05
2.069079499271007094e+00 2.952948099141699495e+05
2.071298144229539950e+00 2.952933749197663856e+05
2.073503931447763016e+00 2.952918902175720432e+05
2.075696925704733964e+00 2.952903300814540708e+05
2.077877191573198168e+00 2.952887024343590601e+05
2.080044793418676097e+00 2.952870298031173879e+05
2.082199795398564923e+00 2.952853521161350072e+05
2.084342261461269885e+00 2.952836581414657994e+05
2.086472255345364957e+00 2.952819925394230522e+05
2.088589840578776169e+00 2.952803881975099212e+05
2.090695080477988022e+00 2.952787931474699290e+05
2.092788038147280982e+00 2.952772348904438550e+05
2.094868776477987193e+00 2.952756692560348311e+05
2.096937358147772823e+00 2.952739422821927583e+05
2.098993845619947951e+00 2.952721503316798480e+05
2.101038301142794218e+00 2.952704397920254269e+05
2.103070786748920007e+00 2.952688081435082713e+05
2.105091364254636055e+00 2.952672409613744821e+05
2.107100095259359041e+00 2.952656950744146598e+05
2.109097041145031159e+00 2.952640542127979570e+05
2.111082263075568122e+00 2.952621472154865041e+05
2.113055821996323136e+00 2.952604638088616775e+05
2.115017778633578871e+00 2.952590370400212123e+05
2.116968193494059847e+00 2.952575866349172429e+05
2.118907126864460810e+00 2.952560665186719270e+05
2.120834638810999095e+00 2.952545407411111519e+05
2.122750789178994957e+00 2.952530821305007557e+05
2.124655637592459900e+00 2.952517110436966759e+05
2.126549243453716098e+00 2.952503815534595051e+05
2.128431665943026019e+00 2.952490756053548539e+05
2.130302964018250922e+00 2.952477473660236574e+05
2.132163196414528006e+00 2.952463846700233407e+05
2.134012421643952884e+00 2.952449798739153193e+05
2.135850697995306025e+00 2.952435273042333429e+05
2.137678083533772089e+00 2.952420561687311274e+05
2.139494636100696123e+00 2.952406099989144714e+05
2.141300413313349971e+00 2.952392008400695631e+05
2.143095472564716886e+00 2.952377933486411930e+05
2.144879871023298801e+00 2.952363437960637966e+05
2.146653665632931141e+00 2.952348468634351739e+05
2.148416913112627835e+00 2.952333321162777138e+05
2.150169669956436103e+00 2.952318260439553997e+05
2.151911992433301890e+00 2.952303316777794971e+05
2.153643936586972174e+00 2.952288326475375216e+05
2.155365558235884826e+00 2.952273056711326935e+05
2.157076912973102001e+00 2.952257415473072906e+05
2.158778056166243076e+00 2.952241634845925728e+05
2.160469042957437136e+00 2.952226031535146176e+05
2.162149928263293219e+00 2.952210733711835346e+05
2.163820766774883886e+00 2.952195446508779423e+05
2.165481612957742996e+00 2.952179782624929212e+05
2.167132521051882144e+00 2.952163727085539140e+05
2.168773545071814191e+00 2.952147653017806006e+05
2.170404738806599010e+00 2.952131902468230692e+05
2.172026155819902993e+00 2.952116469958667294e+05
2.173637849450065218e+00 2.952101039588277345e+05
2.175239872810180053e+00 2.952085417347636539e+05
2.176832278788205066e+00 2.952069540418796241e+05
2.178415120047059172e+00 2.952053297071558773e+05
2.179988449024758079e+00 2.952036486236919300e+05
2.181552317934544849e+00 2.952019582018968067e+05
2.183106778765046219e+00 2.952001942988273222e+05
2.184651883280428031e+00 2.951984879316425067e+05
2.186187683020574202e+00 2.951968141579293879e+05
2.187714229301272795e+00 2.951950794215615024e+05
2.189231573214418969e+00 2.951932906195131363e+05
2.190739765628217928e+00 2.951914918035843875e+05
2.192238857187413181e+00 2.951897319203215884e+05
2.193728898313521025e+00 2.951880299693090492e+05
2.195209939205068128e+00 2.951863519536622334e+05
2.196682029837856209e+00 2.951846568636947777e+05
2.198145219965224051e+00 2.951829500462148571e+05
2.199599559118324166e+00 2.951812774489095318e+05
2.201045096606414120e+00 2.951796676497953013e+05
2.202481881517150963e+00 2.951781189561178908e+05
2.203909962716901205e+00 2.951766201781934360e+05
2.205329388851061001e+00 2.951751971302396269e+05
2.206740208344376786e+00 2.951738711868262617e+05
2.208142469401292995e+00 2.951726243567357305e+05
2.209536220006290907e+00 2.951714233294407604e+05
2.210921507924248797e+00 2.951702628682285431e+05
2.212298380700806089e+00 2.951691587156580645e+05
2.213666885662735062e+00 2.951681092923007673e+05
2.215027069918328095e+00 2.951670909881992266e+05
2.216378980357788020e+00 2.951660879785566358e+05
2.217722663653626913e+00 2.951651068310654955e+05
2.219058166261074216e+00 2.951641627326346352e+05
2.220385534418495066e+00 2.951632605468795518e+05
2.221704814147813956e+00 2.951623973531255033e+05
2.223016051254942838e+00 2.951615804400817724e+05
2.224319291330230985e+00 2.951608229771181359e+05
2.225614579748900201e+00 2.951601259432391962e+05
2.226901961671511998e+00 2.951594648794615059e+05
2.228181482044417905e+00 2.951588123109121807e+05
2.229453185600239973e+00 2.951581488215022255e+05
2.230717116858334848e+00 2.951574895137763233e+05
2.231973320125291149e+00 2.951568642756186891e+05
2.233221839495405092e+00 2.951563034267652547e+05
2.234462718851185858e+00 2.951558265739230555e+05
2.235696001863852977e+00 2.951554250168775907e+05
2.236921731993851914e+00 2.951550586073960294e+05
2.238139952491362994e+00 2.951546819832825568e+05
2.239350706396820989e+00 2.951542750309054973e+05
2.240554036541449801e+00 2.951538424177088309e+05
2.241749985547789148e+00 2.951533900364889996e+05
2.242938595830232806e+00 2.951529125746689388e+05
2.244119909595577944e+00 2.951524028384822886e+05
2.245293968843567800e+00 2.951518645234702271e+05
2.246460815367449904e+00 2.951513107791205402e+05
2.247620490754532963e+00 2.951507526388473343e+05
2.248773036386753965e+00 2.951501949805050390e+05
2.249918493441250167e+00 2.951496394961593323e+05
2.251056902890923084e+00 2.951490723659509677e+05
2.252188305505030019e+00 2.951484950886071310e+05
2.253312741849760936e+00 2.951478143343029660e+05
2.254430252288825098e+00 2.951470917643376160e+05
2.255540876984047038e+00 2.951463098135314649e+05
2.256644655895962970e+00 2.951455225043048267e+05
2.257741628784417198e+00 2.951447624776413431e+05
2.258831835209170968e+00 2.951440474550968502e+05
2.259915314530509978e+00 2.951433547775421757e+05
2.260992105909854111e+00 2.951426376370767248e+05
2.262062248310376056e+00 2.951418609338491806e+05
2.263125780497623030e+00 2.951410228875110042e+05
2.264182741040133173e+00 2.951401418019605917e+05
2.265233168310067047e+00 2.951392295826856862e+05
2.266277100483836904e+00 2.951382819880245370e+05
2.267314575542738186e+00 2.951372890730994986e+05
2.268345631273585017e+00 2.951362478197236196e+05
2.269370305269352794e+00 2.951351620847555459e+05
2.270388634929815908e+00 2.951340443871287862e+05
2.271400657462193884e+00 2.951328974429358495e+05
2.272406409881800204e+00 2.951317262510775472e+05
2.273405929012691118e+00 2.951305316218197695e+05
2.274399251488317120e+00 2.951293054219619371e+05
2.275386413752182868e+00 2.951280326129121240e+05
2.276367452058498220e+00 2.951267068157852627e+05
2.277342402472843030e+00 2.951253442475367337e+05
2.278311300872824852e+00 2.951239817562846001e+05
2.279274182948749949e+00 2.951226549238684820e+05
2.280231084204281000e+00 2.951213719485629117e+05
2.281182039957109886e+00 2.951201068075558287e+05
2.282127085339630046e+00 2.951188189124579658e+05
2.283066255299603053e+00 2.951174829055283917e+05
2.283999584600835853e+00 2.951161007316022296e+05
2.284927107823853110e+00 2.951146865445766598e+05
2.285848859366578001e+00 2.951132542132720700e+05
2.286764873445006785e+00 2.951118027641660301e+05
2.287675184093893144e+00 2.951103238324518898e+05
2.288579825167420978e+00 2.951088174360791454e+05
2.289478830339895854e+00 2.951072864287582343e+05
2.290372233106427124e+00 2.951057451655828627e+05
2.291260066783606053e+00 2.951042062074206769e+05
2.292142364510199926e+00 2.951026739769704873e+05
2.293019159247835059e+00 2.951011435384320794e+05
2.293890483781682921e+00 2.950996006050002761e+05
2.294756370721155125e+00 2.950980181209483417e+05
2.295616852500586003e+00 2.950963465708065778e+05
2.296471961379927151e+00 2.950945751740874839e+05
2.297321729445440219e+00 2.950931082609060686e+05
2.298166188610379912e+00 2.950943900113582495e+05
2.299005370615700983e+00 2.950989700850287336e+05
2.299839307030736801e+00 2.950943051404734724e+05
2.300668029253898794e+00 2.949879587698632386e+05
2.301491568513374997e+00 2.949193738204500405e+05
2.302309955867813063e+00 2.955859709471692331e+05
2.303123222207024146e+00 2.984263013999537216e+05
2.303931398252677010e+00 3.108781722429131623e+05
2.304734514558984149e+00 3.126109224433946074e+05
2.305532601513406998e+00 3.058296783400070854e+05
2.306325689337346940e+00 3.015860915342730586e+05
2.307113808086839857e+00 2.980965462543842150e+05
2.307896987653252019e+00 2.975508020226818626e+05
2.308675257763974198e+00 2.985969014601625386e+05
2.309448647983117997e+00 2.978380323121233378e+05
2.310217187712213072e+00 2.962026449756653165e+05
2.310980906190892803e+00 2.956617226464705309e+05
2.311739832497600844e+00 2.958903728774201591e+05
2.312493995550275017e+00 2.961325889430567040e+05
2.313243424107048973e+00 2.962353497782752384e+05
2.313988146766936094e+00 2.961431019423102261e+05
2.314728191970532034e+00 2.960864255230181734e+05
2.315463588000703066e+00 2.959903813072366174e+05
2.316194362983276189e+00 2.958385379097879631e+05
2.316920544887731914e+00 2.956770573103750357e+05
2.317642161527900146e+00 2.954937291700764326e+05
2.318359240562636980e+00 2.953117013423078461e+05
2.319071809496532133e+00 2.951459833730239188e+05
2.319779895680582182e+00 2.950025693561043590e+05
2.320483526312886013e+00 2.949179547479837784e+05
2.321182728439333154e+00 2.949441702872298774e+05
2.321877528954284120e+00 2.950930420361589058e+05
2.322567954601263196e+00 2.953063677087730030e+05
2.323254031973636113e+00 2.955266428324837470e+05
2.323935787515300166e+00 2.957020025957637699e+05
2.324613247521361892e+00 2.958164335763355484e+05
2.325286438138823186e+00 2.958260473791844561e+05
2.325955385367257211e+00 2.957531891020115581e+05
2.326620115059490068e+00 2.955261809091198375e+05
2.327280652922285142e+00 2.952940777094045188e+05
2.327937024517010123e+00 2.950044376499177306e+05
2.328589255260320012e+00 2.948444244460489135e+05
2.329237370424832143e+00 2.947735622263881378e+05
2.329881395139798084e+00 2.947849489075436140e+05
2.330521354391775990e+00 2.948256451494548819e+05
2.331157273025306065e+00 2.951663306365596945e+05
2.331789175743574027e+00 2.958252120479868609e+05
2.332417087109087017e+00 2.955576678753003944e+05
2.333041031544336175e+00 2.952042265101674711e+05
2.333661033332463219e+00 2.948106892943748389e+05
2.334277116617927916e+00 2.948180919676890480e+05
2.334889305407171101e+00 2.941108011685439851e+05
2.335497623569271930e+00 2.944970243398946477e+05
2.336102094836613130e+00 2.939929312355688307e+05
2.336702742805539135e+00 2.944616073584719561e+05
2.337299590937011118e+00 2.939542069605243742e+05
2.337892662557265133e+00 2.938090084592999774e+05
2.338481980858464038e+00 2.938079793697108398e+05
2.339067568899353855e+00 2.946774064684064360e+05
2.339649449605913034e+00 2.952534943559773383e+05
2.340227645771999931e+00 3.007231108075212105e+05
2.340802180060002957e+00 3.057405081012779265e+05
2.341373075001487170e+00 3.083230733167091967e+05
2.341940352997835983e+00 3.083029906322934548e+05
2.342504036320898209e+00 3.069549206264715176e+05
2.343064147113626206e+00 3.052659530760608031e+05
2.343620707390714042e+00 3.049661834313020809e+05
2.344173739039240978e+00 3.049717310798040708e+05
2.344723263819298964e+00 3.037189330672767828e+05
2.345269303364634794e+00 2.990532901441455469e+05
2.345811879183274939e+00 2.975215699821286835e+05
2.346351012658165036e+00 2.954820074449463282e+05
2.346886725047789835e+00 2.959756496422027121e+05
2.347419037486802917e+00 2.965111894143768004e+05
2.347947970986654198e+00 2.969042295998514746e+05
2.348473546436212089e+00 2.971592239272202714e+05
2.348995784602382120e+00 2.974416109916167916e+05
2.349514706130725994e+00 2.970261455608442775e+05
2.350030331546086870e+00 2.965851438140474493e+05
2.350542681253191990e+00 3.031447784453395871e+05
2.351051775537280175e+00 3.119690741794555215e+05
2.351557634564700017e+00 3.107821428800103022e+05
2.352060278383528935e+00 3.049308333138966700e+05
2.352559726924178918e+00 3.001543471748444717e+05
2.353056000000000036e+00 2.945162862509321421e+05
2.353439022221559984e+00 2.965743415840692469e+05
2.353822990876274002e+00 2.960533183905663900e+05
2.354207923611685072e+00 2.993625268376063323e+05
2.354593838234968040e+00 3.063931878622697550e+05
2.354980752716468118e+00 3.097227714456929825e+05
2.355368685193308220e+00 3.108333581483582384e+05
2.355757653973050036e+00 3.116326535300282412e+05
2.356147677537419050e+00 3.126291991934854304e+05
2.356538774546098836e+00 3.138143037821142934e+05
2.356930963840591087e+00 3.152458029715162702e+05
2.357324264448133810e+00 3.168444405846112058e+05
2.357718695585708790e+00 3.185329588126844610e+05
2.358114276664101006e+00 3.203103964886904578e+05
2.358511027292045981e+00 3.223276079294497031e+05
2.358908967280446856e+00 3.244478990640995326e+05
2.359308116646673170e+00 3.264451049368288950e+05
2.359708495618932034e+00 3.280196705727952067e+05
2.360110124640731222e+00 3.295334369586706161e+05
2.360513024375419988e+00 3.315867691680864664e+05
2.360917215710820916e+00 3.350070170826263493e+05
2.361322719763943034e+00 3.401286168543787207e+05
2.361729557885798858e+00 3.487538237836575136e+05
2.362137751666300023e+00 3.612927529867113917e+05
2.362547322939259953e+00 3.769930454855064745e+05
2.362958293787496000e+00 3.993088482880759402e+05
2.363370686548022181e+00 4.357734344940811861e+05
2.363784523817355154e+00 4.762794945643804385e+05
2.364199828456928998e+00 5.152811522331659216e+05
2.364616623598610801e+00 5.509487944476295961e+05
2.365034932650334820e+00 5.796220490020761499e+05
2.365454779301855215e+00 5.934114543606800726e+05
2.365876187530607133e+00 5.968745315042368602e+05
2.366299181607704138e+00 5.991903324761341792e+05
2.366723786104047988e+00 6.035213746304005617e+05
2.367150025896580079e+00 6.078324783613700420e+05
2.367577926174647907e+00 6.100265578121386934e+05
2.368007512446530960e+00 6.112309200949647930e+05
2.368438810546078965e+00 6.125703457081749802e+05
2.368871846639524215e+00 6.152358347977198428e+05
2.369306647232409802e+00 6.198412949338932522e+05
2.369743239176696825e+00 6.272077649452268379e+05
2.370181649678007929e+00 6.374561221405754331e+05
2.370621906303044923e+00 6.499576083271370735e+05
2.371064036987159174e+00 6.633236904959277017e+05
2.371508070042096961e+00 6.760851673125586240e+05
2.371954034163925140e+00 6.874485415167622268e+05
2.372401958441119785e+00 6.943518519076155499e+05
2.372851872362851999e+00 6.975779317841328448e+05
2.373303805827462032e+00 6.972334455076563172e+05
2.373757789151115016e+00 6.943986693859461229e+05
2.374213853076672986e+00 6.903271087277032202e+05
2.374672028782761846e+00 6.865949513943378115e+05
2.375132347893054163e+00 6.837041173415286466e+05
2.375594842485766023e+00 6.824411006298660068e+05
2.376059545103383019e+00 6.825287983751902357e+05
2.376526488762609191e+00 6.853295372445852263e+05
2.376995706964557975e+00 6.897170195268221432e+05
2.377467233705186977e+00 6.961267857172816293e+05
2.377941103485980978e+00 7.035075644488966791e+05
2.378417351324892959e+00 7.102327753714774735e+05
2.378896012767556023e+00 7.138904706385032041e+05
2.379377123898756885e+00 7.118383029781988589e+05
2.379860721354210007e+00 7.029467019173320150e+05
2.380346842332599966e+00 6.871396502030983102e+05
2.380835524607940901e+00 6.670292768050169107e+05
2.381326806542233054e+00 6.467582941055474803e+05
2.381820727098435952e+00 6.295616617869463516e+05
2.382317325853778200e+00 6.167147727918585297e+05
2.382816643013387914e+00 6.074442137418659404e+05
2.383318719424284193e+00 5.997476658548121341e+05
2.383823596589714988e+00 5.924205755223064916e+05
2.384331316683871993e+00 5.858795947214558255e+05
2.384841922566975025e+00 5.802237130083182128e+05
2.385355457800752976e+00 5.748959328011604957e+05
2.385871966664331101e+00 5.701746353856779169e+05
2.386391494170528205e+00 5.658500029582058778e+05
2.386914086082581044e+00 5.622726435494438047e+05
2.387439788931319029e+00 5.599255293140346184e+05
2.387968650032783913e+00 5.585153265754528111e+05
2.388500717506333082e+00 5.572589723742611241e+05
2.389036040293215812e+00 5.555049195628606249e+05
2.389574668175655781e+00 5.531064245211333036e+05
2.390116651796451830e+00 5.500808982077636756e+05
2.390662042679112975e+00 5.477585238750654971e+05
2.391210893248535196e+00 5.466402020918099442e+05
2.391763256852259989e+00 5.469942372254084330e+05
2.392319187782311118e+00 5.479228171579311602e+05
2.392878741297642886e+00 5.483666125020290492e+05
2.393441973647208787e+00 5.477384206373273628e+05
2.394008942093686088e+00 5.461373004040740198e+05
2.394579704937858988e+00 5.438764429059321992e+05
2.395154321543704778e+00 5.417642996721196687e+05
2.395732852364179877e+00 5.400258183718753280e+05
2.396315358967758158e+00 5.385626612857072614e+05
2.396901904065722899e+00 5.369423978449156275e+05
2.397492551540254091e+00 5.352753540492436150e+05
2.398087366473323989e+00 5.333265827075472334e+05
2.398686415176450204e+00 5.314598946402281290e+05
2.399289765221303217e+00 5.303292067849790910e+05
2.399897485471238934e+00 5.300501131706690649e+05
2.400509646113750062e+00 5.304068639968963107e+05
2.401126318693890038e+00 5.307423319367634831e+05
2.401747576148704155e+00 5.302624479600869818e+05
2.402373492842689195e+00 5.289959552863576682e+05
2.403004144604334869e+00 5.269172480980668915e+05
2.403639608763774138e+00 5.251337737617157400e+05
2.404279964191582852e+00 5.241573020560559817e+05
2.404925291338782856e+00 5.237854294974713121e+05
2.405575672278073895e+00 5.235437701728623360e+05
2.406231190746348059e+00 5.231503798665549839e+05
2.406891932188541805e+00 5.225032632958636386e+05
2.407557983802857127e+00 5.215562462645209162e+05
2.408229434587413120e+00 5.206648422965084901e+05
2.408906375388391030e+00 5.198682766727238195e+05
2.409588898949702962e+00 5.191278289016273338e+05
2.410277099964261982e+00 5.183466572360785794e+05
2.410971075126913110e+00 5.174810518694964703e+05
2.411670923189077165e+00 5.164765241502480931e+05
2.412376745015181179e+00 5.153629910907291342e+05
2.413088643640942887e+00 5.141822433963204967e+05
2.413806724333584786e+00 5.129574491277430207e+05
2.414531094654035037e+00 5.116957991102247615e+05
2.415261864521221824e+00 5.104119892788391444e+05
2.415999146278517973e+00 5.091263392282368150e+05
2.416743054762431786e+00 5.078809351769298664e+05
2.417493707373635115e+00 5.067292758460359182e+05
2.418251224150412160e+00 5.057245335215562372e+05
2.419015727844645802e+00 5.048848249813112197e+05
2.419787344000412954e+00 5.042496609981637448e+05
2.420566201035332821e+00 5.037033793984797085e+05
2.421352430324743121e+00 5.032493597190319560e+05
2.422146166288846825e+00 5.027286240572758252e+05
2.422947546482955961e+00 5.021241468168267747e+05
2.423756711690915999e+00 5.014460889697365346e+05
2.424573806021919964e+00 5.007324538409911911e+05
2.425398977010770007e+00 5.000185217204497312e+05
2.426232375721813828e+00 4.993528042048639618e+05
2.427074156856639853e+00 4.987361705960389809e+05
2.427924478865747027e+00 4.981132152108025039e+05
2.428783504064334853e+00 4.974296271182993078e+05
2.429651398752390001e+00 4.967558657031814218e+05
2.430528333339275981e+00 4.961064791689825943e+05
2.431414482472999961e+00 4.955080494232861674e+05
2.432310025174388990e+00 4.949838163830693229e+05
2.433215144976367039e+00 4.945001610645739711e+05
2.434130030068585970e+00 4.938933872277604532e+05
2.435054873447640933e+00 4.930236376874886919e+05
2.435989873073112211e+00 4.918497632152916049e+05
2.436935232029723952e+00 4.904647621592863579e+05
2.437891158695884020e+00 4.890913706774028251e+05
2.438857866918902051e+00 4.881113219797222409e+05
2.439835576197202816e+00 4.879080781056800042e+05
2.440824511869855051e+00 4.883333771357358200e+05
2.441824905313768834e+00 4.893342863071205793e+05
2.442836994148921193e+00 4.905400262917921063e+05
2.443861022451995879e+00 4.915709040714302100e+05
2.444897240978839204e+00 4.919783020180623862e+05
2.445945907396168018e+00 4.914792167184086866e+05
2.447007286522973946e+00 4.902505147259536316e+05
2.448081650582095037e+00 4.884589104908847366e+05
2.449169279462489079e+00 4.866601758308074204e+05
2.450270460992690857e+00 4.854600172096779570e+05
2.451385491226071967e+00 4.857111413282620488e+05
2.452514674738452971e+00 4.870224479935170966e+05
2.453658324938734037e+00 4.891448601526527200e+05
2.454816764393187967e+00 4.903837331909714267e+05
2.455990325164131072e+00 4.901935428204013733e+05
2.457179349163726823e+00 4.884497832047657575e+05
2.458384188523710989e+00 4.857228860994440038e+05
2.459605205981878040e+00 4.836512866131844930e+05
2.460842775286228079e+00 4.837218452912975918e+05
2.462097281617725120e+00 4.854650551434037625e+05
2.463369122032661895e+00 4.874356268394853105e+05
2.464658705925720117e+00 4.875338600890708040e+05
2.465966455514843947e+00 4.861145527338547981e+05
2.467292806349151046e+00 4.837461117776290630e+05
2.468638207841160170e+00 4.821691309095338220e+05
2.470003123824708879e+00 4.821592321365646785e+05
2.471388033140017981e+00 4.830095540626113070e+05
2.472793430247457014e+00 4.834219542003273382e+05
2.474219825871661893e+00 4.832373454848167021e+05
2.475667747677786856e+00 4.828652874784552259e+05
2.477137740981754099e+00 4.828234316719604540e+05
2.478630369496530150e+00 4.831375460609263973e+05
2.480146216116573932e+00 4.835142279510116787e+05
2.481685883742748011e+00 4.837005077968229307e+05
2.483249996150162175e+00 4.836013910661483533e+05
2.484839198901565016e+00 4.834020936436825432e+05
2.486454160309103933e+00 4.833220732322865515e+05
2.488095572447480031e+00 4.833774427738259546e+05
2.489764152221698890e+00 4.836066221422459930e+05
2.491460642492925981e+00 4.837857131809531711e+05
2.493185813266126871e+00 4.838670302708304371e+05
2.494940462943509019e+00 4.839955860445966246e+05
2.496725419648059052e+00 4.839922409693712252e+05
2.498541542621770972e+00 4.818147463000863791e+05
2.500389723703564826e+00 4.761609967137941276e+05
2.502270888892201839e+00 4.886554806709895493e+05
2.504185999999999801e+00 5.136602380016452516e+05
2.506686272240000068e+00 3.230298168700629030e+05
2.509185400194342996e+00 3.099316683827709057e+05
2.511685432049628020e+00 3.053728387288621743e+05
2.514185862034377106e+00 3.017107724318302353e+05
2.516686822891286202e+00 2.989491678302936489e+05
2.519188447391237151e+00 2.969525565395883750e+05
2.521690868340343172e+00 2.955742310372774373e+05
2.524194218586997884e+00 2.946822621075063944e+05
2.526698631028931885e+00 2.943565264641806134e+05
2.529204238620263112e+00 2.942789704111006577e+05
2.531711174378556972e+00 2.943669114413843490e+05
2.534219571391893133e+00 2.944281020176421152e+05
2.536729562825919881e+00 2.943233802336936351e+05
2.539241281930935124e+00 2.943285009408862679e+05
2.541754862048951846e+00 2.940553950803581392e+05
2.544270436620784004e+00 2.940803371950343135e+05
2.546788139193123968e+00 2.936217305730103399e+05
2.549308103425635963e+00 2.936130009672690067e+05
2.551830463098052171e+00 2.933842856554101454e+05
2.554355352117271938e+00 2.937541705348688411e+05
2.556882904524475197e+00 2.936917899172663456e+05
2.559413254502231894e+00 2.933659564670831896e+05
2.561946536381633166e+00 2.936761916391827981e+05
2.564482884649415873e+00 2.934916274699297501e+05
2.567022433955107985e+00 2.937423261249059578e+05
2.569565319118169988e+00 2.935414253083008807e+05
2.572111675135159814e+00 2.938316772738390719e+05
2.574661637186895113e+00 2.938369890739386901e+05
2.577215340645627961e+00 2.938478824554972816e+05
2.579772921082239101e+00 2.940413280879187514e+05
2.582334514273424197e+00 2.940973114738409058e+05
2.584900256208912950e+00 2.940872618761590566e+05
2.587470283098678880e+00 2.942121575115239830e+05
2.590044731380180210e+00 2.942600370513906819e+05
2.592623737725591848e+00 2.942551674582899432e+05
2.595207439049072029e+00 2.943674412273198250e+05
2.597795972514021834e+00 2.943912741954344674e+05
2.600389475540374029e+00 2.944136992562146042e+05
2.602988085811882790e+00 2.944270316282077692e+05
2.605591941283436963e+00 2.944317811527383747e+05
2.608201180188382207e+00 2.944277916371099418e+05
2.610815941045857791e+00 2.944128796385836322e+05
2.613436362668155155e+00 2.942752115648178733e+05
2.616062584168080907e+00 2.942611890261887456e+05
2.618694744966347798e+00 2.940657160811905633e+05
2.621332984798972809e+00 2.942374802757912548e+05
2.623977443724696101e+00 2.942287598109792452e+05
2.626628262132416847e+00 2.944916628880561329e+05
2.629285580748646822e+00 2.947442927336549619e+05
2.631949540644979102e+00 2.949480162296367926e+05
2.634620283245579841e+00 2.951105750669962727e+05
2.637297950334696051e+00 2.952863216357794590e+05
2.639982684064178020e+00 2.953921277028984623e+05
2.642674626961032835e+00 2.954316662117069354e+05
2.645373921934985884e+00 2.954280543852858245e+05
2.648080712286070781e+00 2.953984891173415235e+05
2.650795141712234848e+00 2.953663769338144921e+05
2.653517354316965893e+00 2.953091532745787990e+05
2.656247494616946980e+00 2.952280606478902046e+05
2.658985707549727184e+00 2.951362396977546741e+05
2.661732138481413212e+00 2.950426404925119714e+05
2.664486933214386788e+00 2.949643472108889255e+05
2.667250237995050899e+00 2.949276461477851844e+05
2.670022199521588036e+00 2.949239545483963448e+05
2.672802964951749072e+00 2.949566170060664881e+05
2.675592681910663018e+00 2.950545647923041834e+05
2.678391498498684076e+00 2.951774693820776301e+05
2.681199563299240030e+00 2.952498976304375101e+05
2.684017025386733035e+00 2.954119216220384114e+05
2.686844034334443077e+00 2.955114519810606143e+05
2.689680740222477162e+00 2.955935083173417370e+05
2.692527293645730957e+00 2.956480745225204155e+05
2.695383845721885940e+00 2.956820211437295075e+05
2.698250548099431878e+00 2.957122437386940583e+05
2.701127552965718159e+00 2.957590671685292618e+05
2.704015013055027783e+00 2.957612470601717359e+05
2.706913081656697084e+00 2.957932178237381158e+05
2.709821912623239903e+00 2.958055013204498682e+05
2.712741660378526820e+00 2.957988034900928033e+05
2.715672479925975047e+00 2.958026541088605882e+05
2.718614526856781843e+00 2.957664253844061168e+05
2.721567957358185019e+00 2.957494538658033707e+05
2.724532928221749195e+00 2.956939914460926084e+05
2.727509596851695139e+00 2.956669514343394549e+05
2.730498121273253975e+00 2.956374750088700093e+05
2.733498660141056913e+00 2.956197377583616180e+05
2.736511372747556958e+00 2.956088742247108021e+05
2.739536419031483927e+00 2.956086362384867971e+05
2.742573959586342980e+00 2.956323645552780363e+05
2.745624155668926036e+00 2.956536949082554202e+05
2.748687169207889802e+00 2.956879054927538382e+05
2.751763162812336905e+00 2.957105090007692343e+05
2.754852299780457869e+00 2.957325852494174615e+05
2.757954744108197964e+00 2.957542371094049886e+05
2.761070660497961793e+00 2.957534910240876488e+05
2.764200214367356967e+00 2.957426726871178253e+05
2.767343571857979967e+00 2.957203120345732896e+05
2.770500899844229981e+00 2.956941261835794430e+05
2.773672365942172924e+00 2.956674150806255639e+05
2.776858138518437880e+00 2.956469650342673413e+05
2.780058386699156170e+00 2.956350482985465205e+05
2.783273280378936843e+00 2.956304558006828302e+05
2.786502990229891896e+00 2.956281243254930596e+05
2.789747687710689927e+00 2.956306811289244215e+05
2.793007545075664844e+00 2.956333780867198948e+05
2.796282735383956997e+00 2.956334312799814506e+05
2.799573432508700055e+00 2.956310042891744524e+05
2.802879811146253175e+00 2.956259668134038802e+05
2.806202046825475804e+00 2.956185068177650101e+05
2.809540315917045117e+00 2.956103110871414538e+05
2.812894795642816970e+00 2.956036198650883161e+05
2.816265664085241038e+00 2.956000157512530568e+05
2.819653100196806150e+00 2.956012791333967471e+05
2.823057283809546014e+00 2.956025344484820380e+05
2.826478395644585806e+00 2.956008520864805905e+05
2.829916617321734051e+00 2.956079990581906168e+05
2.833372131369126024e+00 2.956121554861264303e+05
2.836845121232914213e+00 2.956159969830508926e+05
2.840335771287004984e+00 2.956147030604988104e+05
2.843844266842848967e+00 2.956106693774164887e+05
2.847370794159277185e+00 2.956037048315395950e+05
2.850915540452390928e+00 2.955871264511679765e+05
2.854478693905499131e+00 2.955719586745498236e+05
2.858060443679108165e+00 2.955693592765283538e+05
2.861660979920965797e+00 2.955539062358924421e+05
2.865280493776154902e+00 2.955393543386483216e+05
2.868919177397240894e+00 2.955261018427638337e+05
2.872577223954472014e+00 2.955159174773936975e+05
2.876254827646036016e+00 2.955094999605802586e+05
2.879952183708367919e+00 2.955060489970393246e+05
2.883669488426515937e+00 2.955060383544556098e+05
2.887406939144562923e+00 2.955099231171471765e+05
2.891164734276097992e+00 2.955161743781155092e+05
2.894943073314757864e+00 2.955231049636972602e+05
2.898742156844809958e+00 2.955284043001021491e+05
2.902562186551803869e+00 2.955325301050396520e+05
2.906403365233281910e+00 2.955341197406623396e+05
2.910265896809538955e+00 2.955337859034324065e+05
2.914149986334454212e+00 2.955318370352334459e+05
2.918055840006370083e+00 2.955296529116080492e+05
2.921983665179046952e+00 2.955283066280194907e+05
2.925933670372665052e+00 2.955280986445136950e+05
2.929906065284895167e+00 2.955288610687670880e+05
2.933901060802035943e+00 2.955297157461321331e+05
2.937918869010203160e+00 2.955296849708355148e+05
2.941959703206591836e+00 2.955281318631591275e+05
2.946023777910800945e+00 2.955241054332510685e+05
2.950111308876217198e+00 2.955178153653843328e+05
2.954222513101475212e+00 2.955099244278090773e+05
2.958357608841973185e+00 2.954999879118299577e+05
2.962516815621460076e+00 2.954878128409945057e+05
2.966700354243692939e+00 2.954729099408868351e+05
2.970908446804152891e+00 2.954553436602727161e+05
2.975141316701842786e+00 2.954347487727977568e+05
2.979399188651142172e+00 2.954114080632181140e+05
2.983682288693735973e+00 2.953864872822386096e+05
2.987990844210619112e+00 2.953604802263856982e+05
2.992325083934165963e+00 2.953330131411233451e+05
2.996685237960270864e+00 2.953045235134686809e+05
3.001071537760568120e+00 2.952748956597014330e+05
3.005484216194715064e+00 2.952435220627613016e+05
3.009923507522755060e+00 2.952109958013812429e+05
3.014389647417559992e+00 2.951776229918590980e+05
3.018882872977334042e+00 2.951432245006482699e+05
3.023403422738204949e+00 2.951086535598749178e+05
3.027951536686884104e+00 2.950738173857704387e+05
3.032527456273411914e+00 2.950388536000463646e+05
3.037131424423971993e+00 2.950034872161549283e+05
3.041763685553787955e+00 2.949681485570608056e+05
3.046424485580100150e+00 2.949330183110156213e+05
3.051114071935220995e+00 2.948980830133666168e+05
3.055832693579668025e+00 2.948636791728835087e+05
3.060580601015386204e+00 2.948296289315744652e+05
3.065358046299039962e+00 2.947959170346335159e+05
3.070165283055398930e+00 2.947625558470296091e+05
3.075002566490800060e+00 2.947297464501988725e+05
3.079870153406698119e+00 2.946973343642518739e+05
3.084768302213296121e+00 2.946654616695586592e+05
3.089697272943265016e+00 2.946339064111898188e+05
3.094657327265550872e+00 2.946034216005990747e+05
3.099648728499261097e+00 2.945741601901713875e+05
3.104671741627647918e+00 2.945442423278813949e+05
3.109726633312174027e+00 2.945158691145672929e+05
3.114813671906667025e+00 2.944864036771296524e+05
3.119933127471572032e+00 2.944571359213943360e+05
3.125085271788282881e+00 2.944276885052291909e+05
3.130270378373570139e+00 2.943970012951343087e+05
3.135488722494105041e+00 2.943658966840881039e+05
3.140740581181074020e+00 2.943350212636843789e+05
3.146026233244878068e+00 2.943042637820219388e+05
3.151345959289943988e+00 2.942754364438935299e+05
3.156700041729612050e+00 2.942474562418527785e+05
3.162088764801136875e+00 2.942229216758956900e+05
3.167512414580770042e+00 2.942002690403425368e+05
3.172971278998954148e+00 2.941805219593663351e+05
3.178465647855599041e+00 2.941624903906455729e+05
3.183995812835480166e+00 2.941478172589365859e+05
3.189562067523707078e+00 2.941332273901285953e+05
3.195164707421323858e+00 2.941212814805491362e+05
3.200804029960989894e+00 2.941096525179963210e+05
3.206480334522769038e+00 2.940999037781981169e+05
3.212193922450023997e+00 2.940858104181278613e+05
3.217945097065419091e+00 2.940800176715228008e+05
3.223734163687014931e+00 2.940642556819739402e+05
3.229561429644483006e+00 2.940673095564029645e+05
3.235427204295417969e+00 2.940627307533714920e+05
3.241331799041761830e+00 2.940600882326189312e+05
3.247275527346336954e+00 2.940850829197611311e+05
3.253258704749486974e+00 2.940734837438582326e+05
3.259281648885825167e+00 2.941229889760190854e+05
3.265344679501097858e+00 2.941247294854049687e+05
3.271448118469165056e+00 2.941331788156198454e+05
3.277592289809078796e+00 2.940804360237299115e+05
3.283777519702292036e+00 2.940109432358475751e+05
3.290004136509967925e+00 2.939421567240775330e+05
3.296272470790424070e+00 2.938835194219822879e+05
3.302582855316663846e+00 2.938416582379251486e+05
3.308935625094056920e+00 2.937982593402313069e+05
3.315331117378120140e+00 2.938123424712552223e+05
3.321769671692416992e+00 2.938258417745481711e+05
3.328251629846588067e+00 2.938873705870044651e+05
3.334777335954492994e+00 2.938987253382935305e+05
3.341347136452482935e+00 2.939503247819551616e+05
3.347961380117788988e+00 2.939925008203920443e+05
3.354620418087037148e+00 2.940120904586531105e+05
3.361324603874892070e+00 2.940727397291255766e+05
3.368074293392825158e+00 2.941246345690524322e+05
3.374869844968003907e+00 2.941789729905040003e+05
3.381711619362322896e+00 2.942354247396809515e+05
3.388599979791548034e+00 2.942930577761831228e+05
3.395535291944602019e+00 2.943440165516941343e+05
3.402517924002982141e+00 2.943744936756314710e+05
3.409548246660297988e+00 2.943930945507693104e+05
3.416626633141956138e+00 2.944070351064436254e+05
3.423753459224974094e+00 2.944010314613319933e+05
3.430929103257929214e+00 2.944024154421029380e+05
3.438153946181040865e+00 2.943978184018802131e+05
3.445428371546400026e+00 2.944001304702378693e+05
3.452752765538324109e+00 2.944159971512129996e+05
3.460127516993865893e+00 2.944407581301509053e+05
3.467553017423450790e+00 2.944802967116554501e+05
3.475029661031661998e+00 2.945322368217995972e+05
3.482557844738172204e+00 2.945773237699344754e+05
3.490137968198809837e+00 2.946236403989320388e+05
3.497770433826778103e+00 2.946621275688948226e+05
3.505455646814020998e+00 2.946988019666887703e+05
3.513194015152727001e+00 2.947284448416175437e+05
3.520985949657001068e+00 2.947544708640128374e+05
3.528831863984656092e+00 2.947752854874708573e+05
3.536732174659189987e+00 2.947934024243653403e+05
3.544687301091889786e+00 2.948101187206982286e+05
3.552697665604096944e+00 2.948274148632765864e+05
3.560763693449632061e+00 2.948470565051915473e+05
3.568885812837363947e+00 2.948695325114783482e+05
3.577064454953949202e+00 2.948949929304877296e+05
3.585300053986720137e+00 2.949236948067081976e+05
3.593593047146733888e+00 2.949543965635134373e+05
3.601943874691984071e+00 2.949856251457055332e+05
3.610352979950774088e+00 2.950146353542080033e+05
3.618820809345249856e+00 2.950415263953733374e+05
3.627347812415103956e+00 2.950654733116503921e+05
3.635934441841436104e+00 2.950871883544920129e+05
3.644581153470785928e+00 2.951064520156704821e+05
3.653288406339337158e+00 2.951236891406364157e+05
3.662056662697279918e+00 2.951395373626045184e+05
3.670886388033356873e+00 2.951543061806951882e+05
3.679778051099574121e+00 2.951700173485163250e+05
3.688732123936079965e+00 2.951860676889145980e+05
3.697749081896232859e+00 2.952029240264467080e+05
3.706829403671834999e+00 2.952229308391386876e+05
3.715973571318539115e+00 2.952439989619262051e+05
3.725182070281447100e+00 2.952661073434954160e+05
3.734455389420876958e+00 2.952875586733541568e+05
3.743794021038318931e+00 2.953054271963550709e+05
3.753198460902568812e+00 2.953206869313044008e+05
3.762669208276042010e+00 2.953326801038745907e+05
3.772206765941291895e+00 2.953405019377794233e+05
3.781811640227687121e+00 2.953471110817783047e+05
3.791484341038296790e+00 2.953509000498739770e+05
3.801225381876968790e+00 2.953528207210896653e+05
3.811035279875572890e+00 2.953530614836746827e+05
3.820914555821472991e+00 2.953531799245030270e+05
3.830863734185157021e+00 2.953555786659574369e+05
3.840883343148099094e+00 2.953600763181808870e+05
3.850973914630781092e+00 2.953670922586257802e+05
3.861135984320942072e+00 2.953729258290054859e+05
3.871370091702015959e+00 2.953780164261897444e+05
3.881676780081768197e+00 2.953854321464354871e+05
3.892056596621141118e+00 2.954017447221625480e+05
3.902510092363300043e+00 2.954231062126805191e+05
3.913037822262888987e+00 2.954434888908948051e+05
3.923640345215491987e+00 2.954568564600418322e+05
3.934318224087299143e+00 2.954718930865131551e+05
3.945072025744997823e+00 2.954856860097434837e+05
3.955902321085853934e+00 2.954996905502147856e+05
3.966809685068031222e+00 2.955159778479745146e+05
3.977794696741105085e+00 2.955301087682187208e+05
3.988857939276812203e+00 2.955471951944549801e+05
4.000000000000000000e+00 2.955593597875349224e+05
