0.000000000000000000e+00 5.556101079591111557e+03
9.925461516413221219e-03 3.095533424165110773e+03
1.983442618678336877e-02 2.682467695319287941e+03
2.972672414901125076e-02 2.587095719682277831e+03
3.960218682214877717e-02 2.582560186941438133e+03
4.946064691594782153e-02 2.585036478882905158e+03
5.930193844021729860e-02 2.591696812803018020e+03
6.912589671397123547e-02 2.588423338314943067e+03
7.893235837437453939e-02 2.587888535086045067e+03
8.872116138548846731e-02 2.587687552477324971e+03
9.849214504681275129e-02 2.586798208413274097e+03
1.082451500016173990e-01 2.586395578128222041e+03
1.179800182450785051e-01 2.584724807092476112e+03
1.276965931322006087e-01 2.582744033998562827e+03
1.373947193855412918e-01 2.581544495652268779e+03
1.470742431027237951e-01 2.579624998233347924e+03
1.567350117637499041e-01 2.578614800978170024e+03
1.663768742381017962e-01 2.576601328760139040e+03
1.759996807916386075e-01 2.574944165505965884e+03
1.856032830932904942e-01 2.574563277500690219e+03
1.951875342215420028e-01 2.573530118326817046e+03
2.047522886707114076e-01 2.572077623104878057e+03
2.142974023570272113e-01 2.571342866888253866e+03
2.238227326244890958e-01 2.570175326283588220e+03
2.333281382505338897e-01 2.568753563515093902e+03
2.428134794514902883e-01 2.568157584081955065e+03
2.522786178878290153e-01 2.567434133398850008e+03
2.617234166692065100e-01 2.566059803785964959e+03
2.711477403593096080e-01 2.564802752951872208e+03
2.805514549804890012e-01 2.564469400415996915e+03
2.899344280181923028e-01 2.564259413100786787e+03
2.992965284251927205e-01 2.563621283571912954e+03
3.086376266256181111e-01 2.562611793855650831e+03
3.179575945187730901e-01 2.561843920399579019e+03
3.272563054827610785e-01 2.561457685210657019e+03
3.365336343779091188e-01 2.560909026588868983e+03
3.457894575499850798e-01 2.560045232579112053e+03
3.550236528332201824e-01 2.559427615947001868e+03
3.642360995531381818e-01 2.559272319745621189e+03
3.734266785291696089e-01 2.559256714300517160e+03
3.825952720770879889e-01 2.559171368988606901e+03
3.917417640112400012e-01 2.558711376155993094e+03
4.008660396465796860e-01 2.557951713058249879e+03
4.099679858005131905e-01 2.557307125557717882e+03
4.190474907945437866e-01 2.557022619745487191e+03
4.281044444557345896e-01 2.556950505672411964e+03
4.371387381179686060e-01 2.556822144375184052e+03
4.461502646230247060e-01 2.556533621893884174e+03
4.551389183214679113e-01 2.555944443195618987e+03
4.641045950733427849e-01 2.555683252127204923e+03
4.730471922486907954e-01 2.555277309048597999e+03
4.819666087278728916e-01 2.554959257752143003e+03
4.908627449017147759e-01 2.554386831670393804e+03
4.997355026714653259e-01 2.553732720357405015e+03
5.085847854485783248e-01 2.553087358890683845e+03
5.174104981543072856e-01 2.552720699881178916e+03
5.262125472191294673e-01 2.552643193376858108e+03
5.349908405819854273e-01 2.552638533765717057e+03
5.437452876893489329e-01 2.552683914264894156e+03
5.524757994941199568e-01 2.552909574840322875e+03
5.611822884543428147e-01 2.553156084496542917e+03
5.698646685317575455e-01 2.553229814375267779e+03
5.785228551901778760e-01 2.553222286214780070e+03
5.871567653937028730e-01 2.553167570434365189e+03
5.957663176047630627e-01 2.552998726740137045e+03
6.043514317819994597e-01 2.552714176722300181e+03
6.129120293779797279e-01 2.552224013695781196e+03
6.214480333367564668e-01 2.551532237085530141e+03
6.299593680912582983e-01 2.550859707887946115e+03
6.384459595605305182e-01 2.550422873734909899e+03
6.469077351468168757e-01 2.550287879137903928e+03
6.553446237324831447e-01 2.550510817466265962e+03
6.637565556767904829e-01 2.550943841346645058e+03
6.721434628125216859e-01 2.551229934488637809e+03
6.805052784424510115e-01 2.551262038255923926e+03
6.888419373356695630e-01 2.551025306275590992e+03
6.971533757237670104e-01 2.550509787417468033e+03
7.054395312968684273e-01 2.550047063851070106e+03
7.137003431995240232e-01 2.549846304714989856e+03
7.219357520264702011e-01 2.549835819232449921e+03
7.301456998182381808e-01 2.549819369074798942e+03
7.383301300566400549e-01 2.549786905304280026e+03
7.464889876601098484e-01 2.549708256169134074e+03
7.546222189789181245e-01 2.549592446032403132e+03
7.627297717902542518e-01 2.549498220889714958e+03
7.708115952931796633e-01 2.549251375625553919e+03
7.788676401034553276e-01 2.549103056796806868e+03
7.868978582482433204e-01 2.549009950813204796e+03
7.949022031606881589e-01 2.548899259551387786e+03
8.028806296743727922e-01 2.548814693344431817e+03
8.108330940176622370e-01 2.548716717750698990e+03
8.187595538079234236e-01 2.548654379835470991e+03
8.266599680456371280e-01 2.548621487064904159e+03
8.345342971083903327e-01 2.548600550580370054e+03
8.423825027447626734e-01 2.548569738563111059e+03
8.502045480681014178e-01 2.548519611303589045e+03
8.580003975501919733e-01 2.548461485915363937e+03
8.657700170148203700e-01 2.548400506441495963e+03
8.735133736312364894e-01 2.548335443858410144e+03
8.812304359075130433e-01 2.548248586563087883e+03
8.889211736838061872e-01 2.548120070725819005e+03
8.965855581255246509e-01 2.547959208168932946e+03
9.042235617163935091e-01 2.547776366020713795e+03
9.118351582514377940e-01 2.547591051042275012e+03
9.194203228298626351e-01 2.547430161948168916e+03
9.269790318478554614e-01 2.547313959320087179e+03
9.345112629912929458e-01 2.547268475608595054e+03
9.420169952283710124e-01 2.547271624050558785e+03
9.494962088021416946e-01 2.547333606410831180e+03
9.569488852229794951e-01 2.547468589102587885e+03
9.643750072609638124e-01 2.547640415298775224e+03
9.717745589381824312e-01 2.547813451148675085e+03
9.791475255209654005e-01 2.547936480633813972e+03
9.864938935120406427e-01 2.548001979270872198e+03
9.938136506426219485e-01 2.547928402822788030e+03
1.001106785864426030e+00 2.547788153988274189e+03
1.008373289341625068e+00 2.547590949143727812e+03
1.015613152442726985e+00 2.547378213262984900e+03
1.022826367732402097e+00 2.547182702434668045e+03
1.030012928963240926e+00 2.547016136187074153e+03
1.037172831067457057e+00 2.546881584484463019e+03
1.044306070148526944e+00 2.546793116270517203e+03
1.051412643472779074e+00 2.546632974344714967e+03
1.058492549460928078e+00 2.546534704922577930e+03
1.065545787679553991e+00 2.546458398300104818e+03
1.072572358832535100e+00 2.546425000324440134e+03
1.079572264752431066e+00 2.546431571108145818e+03
1.086545508391816961e+00 2.546484713229587214e+03
1.093492093814574018e+00 2.546593911782887972e+03
1.100412026187143955e+00 2.546713680304734226e+03
1.107305311769728018e+00 2.546785159785856195e+03
1.114171957907462929e+00 2.546759721019981953e+03
1.121011973021545982e+00 2.546625910866391223e+03
1.127825366600329948e+00 2.546377852628742858e+03
1.134612149190387109e+00 2.546048650051749064e+03
1.141372332387531108e+00 2.545709224965125941e+03
1.148105928827823030e+00 2.545434681137632197e+03
1.154812952178529972e+00 2.545303656833399145e+03
1.161493417129072947e+00 2.545317822531398178e+03
1.168147339381937933e+00 2.545516469908895033e+03
1.174774735643572932e+00 2.545816435320291021e+03
1.181375623615247061e+00 2.546125033759919006e+03
1.187950021983910087e+00 2.546334715113746824e+03
1.194497950413011100e+00 2.546379854492868162e+03
1.201019429533318084e+00 2.546281541468906198e+03
1.207514480933705947e+00 2.546037787814685089e+03
1.213983127151943009e+00 2.545745114331803961e+03
1.220425391665457049e+00 2.545492951129369885e+03
1.226841298882090925e+00 2.545367266889205894e+03
1.233230874130847976e+00 2.545386839278516163e+03
1.239594143652632097e+00 2.545451071961495018e+03
1.245931134590978928e+00 2.545699102707762904e+03
1.252241874982781056e+00 2.545957144402325866e+03
1.258526393749006989e+00 2.546140929508816043e+03
1.264784720685423913e+00 2.546194188641663004e+03
1.271016886453310901e+00 2.546058802733981793e+03
1.277222922570180108e+00 2.545719264743147050e+03
1.283402861400493089e+00 2.545293379952284795e+03
1.289556736146383109e+00 2.544894302624587908e+03
1.295684580838383004e+00 2.544656629723937840e+03
1.301786430326153043e+00 2.544620565854228062e+03
1.307862320269221001e+00 2.544845434352742814e+03
1.313912287127726897e+00 2.545268147844186842e+03
1.319936368153179940e+00 2.545797685064039797e+03
1.325934601379221922e+00 2.546307342089141912e+03
1.331907025612403928e+00 2.546681101909984136e+03
1.337853680422979918e+00 2.546838710139486921e+03
1.343774606135708982e+00 2.546726720496224061e+03
1.349669843820672011e+00 2.546247511692817170e+03
1.355539435284111915e+00 2.545599446453787095e+03
1.361383423059282949e+00 2.544877563951240973e+03
1.367201850397324003e+00 2.544244513552213903e+03
1.372994761258151897e+00 2.543838767253802871e+03
1.378762200301369090e+00 2.543731414365977798e+03
1.384504212877200935e+00 2.543919791409418849e+03
1.390220845017450024e+00 2.544399084337423119e+03
1.395912143426480068e+00 2.544987977550666074e+03
1.401578155472215981e+00 2.545590228740044040e+03
1.407218929177181055e+00 2.546128595648096962e+03
1.412834513209549891e+00 2.546565575114756939e+03
1.418424956874233978e+00 2.546893635395340880e+03
1.423990310103999901e+00 2.547113513388726915e+03
1.429530623450607996e+00 2.547222819769711805e+03
1.435045948075990951e+00 2.547201958087733146e+03
1.440536335743453966e+00 2.546925443097743027e+03
1.446001838808917972e+00 2.546429901167084154e+03
1.451442510212183068e+00 2.545702058750907781e+03
1.456858403468239915e+00 2.544811089698086107e+03
1.462249572658602004e+00 2.543898793415844011e+03
1.467616072422684104e+00 2.543135846195546947e+03
1.472957957949208918e+00 2.542694532648114091e+03
1.478275284967655923e+00 2.542611021849311783e+03
1.483568109739747065e+00 2.543168743732373969e+03
1.488836489050963996e+00 2.544123956090897991e+03
1.494080480202119032e+00 2.545325363418604866e+03
1.499300141000946107e+00 2.546504201423659197e+03
1.504495529753751004e+00 2.547447963180812167e+03
1.509666705257088015e+00 2.547992356214067968e+03
1.514813726789487891e+00 2.548130017528329972e+03
1.519936654103221985e+00 2.547839396571681846e+03
1.525035547416113024e+00 2.547361760062699886e+03
1.530110467403386965e+00 2.546944738133046940e+03
1.535161475189569025e+00 2.546743479196517001e+03
1.540188632340425023e+00 2.546819861126423802e+03
1.545192000854948011e+00 2.547367608968131208e+03
1.550171643157387980e+00 2.547990750937331995e+03
1.555127622089331085e+00 2.548563338932092847e+03
1.560060000901821953e+00 2.548839743681962773e+03
1.564968843247535935e+00 2.548715108599084033e+03
1.569854213172998003e+00 2.547651431925091856e+03
1.574716175110846939e+00 2.546202944659616151e+03
1.579554793872149920e+00 2.544279754950895949e+03
1.584370134638767968e+00 2.542212147075485973e+03
1.589162262955764016e+00 2.540339335672313155e+03
1.593931244723868934e+00 2.539011462064595889e+03
1.598677146191991083e+00 2.538465742548557046e+03
1.603400033949778036e+00 2.538590773682882173e+03
1.608099974920226938e+00 2.540328118985648871e+03
1.612777036352351034e+00 2.542463546767035950e+03
1.617431285813891950e+00 2.545210208359580975e+03
1.622062791184081920e+00 2.548008641646590149e+03
1.626671620646469085e+00 2.550475098477209031e+03
1.631257842681776982e+00 2.552257617968096838e+03
1.635821526060833087e+00 2.553113931195573059e+03
1.640362739837541106e+00 2.553201528069424057e+03
1.644881553341905001e+00 2.551929783028700058e+03
1.649378036173110962e+00 2.550099431704491963e+03
1.653852258192660019e+00 2.547773441243230991e+03
1.658304289517555041e+00 2.545387096492695036e+03
1.662734200513535932e+00 2.543280641102694972e+03
1.667142061788376983e+00 2.541774167541962925e+03
1.671527944185233983e+00 2.541067084637586959e+03
1.675891918776041045e+00 2.541006096784542933e+03
1.680234056854970071e+00 2.542438648205297795e+03
1.684554429931939934e+00 2.544390841277274831e+03
1.688853109726178081e+00 2.547048473908726010e+03
1.693130168159838078e+00 2.549998441450457904e+03
1.697385677351674005e+00 2.552845044465344017e+03
1.701619709610771025e+00 2.555253035913362055e+03
1.705832337430319035e+00 2.556929718255657917e+03
1.710023633481456917e+00 2.557687331192632882e+03
1.714193670607162989e+00 2.557737498505160147e+03
1.718342521816196955e+00 2.556297561625161961e+03
1.722470260277104925e+00 2.554163558971555176e+03
1.726576959312277060e+00 2.551273890143751032e+03
1.730662692392054947e+00 2.547906654133074881e+03
1.734727533128898935e+00 2.544294579542187876e+03
1.738771555271608982e+00 2.540703914572392023e+03
1.742794832699603891e+00 2.537364188252628992e+03
1.746797439417242970e+00 2.534518446333885095e+03
1.750779449548222066e+00 2.532370607785972879e+03
1.754740937330006023e+00 2.531078250042375203e+03
1.758681977108327965e+00 2.530672103578583119e+03
1.762602643331736108e+00 2.531219902470104898e+03
1.766503010546200958e+00 2.533328377645832006e+03
1.770383153389770037e+00 2.536034013258825780e+03
1.774243146587282993e+00 2.539620819774275787e+03
1.778083064945140901e+00 2.543720120829962980e+03
1.781902983346127067e+00 2.548120387027563993e+03
1.785702976744278025e+00 2.552524711022168049e+03
1.789483120159820917e+00 2.556684645291994912e+03
1.793243488674151953e+00 2.560371456655926067e+03
1.796984157424875939e+00 2.563423932510129816e+03
1.800705201600897976e+00 2.565747722732884995e+03
1.804406696437568902e+00 2.567290215380734935e+03
1.808088717211876917e+00 2.568033199684293777e+03
1.811751339237710035e+00 2.568153253917180791e+03
1.815394637861150073e+00 2.567254217882570174e+03
1.819018688455835031e+00 2.565713290332964789e+03
1.822623566418366980e+00 2.563646063720611892e+03
1.826209347163779029e+00 2.561094071905267811e+03
1.829776106121044021e+00 2.558193218715250168e+03
1.833323918728642976e+00 2.555026436521126016e+03
1.836852860430189027e+00 2.551686919601416776e+03
1.840363006670088009e+00 2.548256595977240067e+03
1.843854432889276085e+00 2.544813305561834113e+03
1.847327214520974037e+00 2.541425704960990060e+03
1.850781426986531919e+00 2.538156933082488194e+03
1.854217145691289925e+00 2.535071884276059791e+03
1.857634446020512087e+00 2.532224643882345845e+03
1.861033403335359049e+00 2.529655141165967962e+03
1.864414092968923020e+00 2.527394411792072788e+03
1.867776590222294919e+00 2.525472874804117964e+03
1.871120970360697910e+00 2.523922283536096984e+03
1.874447308609662910e+00 2.522770475831961903e+03
1.877755680151254047e+00 2.522036745226243966e+03
1.881046160120340982e+00 2.521721447805249227e+03
1.884318823600930060e+00 2.521709121310908813e+03
1.887573745622526999e+00 2.522265392487952795e+03
1.890811001156563975e+00 2.523137770083107171e+03
1.894030665112865108e+00 2.524335108404408857e+03
1.897232812336167918e+00 2.525828373227323027e+03
1.900417517602678963e+00 2.527557841888481107e+03
1.903584855616690108e+00 2.529469444271534030e+03
1.906734901007236083e+00 2.531507409762295083e+03
1.909867728324798897e+00 2.533615056440351964e+03
1.912983412038055997e+00 2.535730133536076210e+03
1.916082026530683047e+00 2.537798984100376856e+03
1.919163646098188902e+00 2.539782831894447099e+03
1.922228344944812983e+00 2.541653187253002216e+03
1.925276197180451065e+00 2.543388878949519039e+03
1.928307276817635918e+00 2.544969820154867193e+03
1.931321657768565903e+00 2.546377709847470214e+03
1.934319413842163105e+00 2.547599732024822970e+03
1.937300618741192970e+00 2.548629900350801108e+03
1.940265346059413920e+00 2.549468072316964026e+03
1.943213669278782030e+00 2.550119057909207186e+03
1.946145661766683910e+00 2.550592297701023199e+03
1.949061396773231092e+00 2.550901717317275143e+03
1.951960947428581949e+00 2.551064438135585988e+03
1.954844386740308915e+00 2.551109523975397224e+03
1.957711787590818986e+00 2.551058635436947043e+03
1.960563222734795108e+00 2.550889607657119996e+03
1.963398764796699059e+00 2.550661975311571041e+03
1.966218486268300092e+00 2.550374802673719842e+03
1.969022459506257983e+00 2.550043732528104101e+03
1.971810756729734937e+00 2.549682741843435906e+03
1.974583450018049025e+00 2.549302049790725050e+03
1.977340611308378904e+00 2.548911274819995924e+03
1.980082312393488086e+00 2.548520783115296126e+03
1.982808624919510043e+00 2.548139847569399990e+03
1.985519620383753958e+00 2.547775094566612097e+03
1.988215370132560000e+00 2.547431166311921970e+03
1.990895945359189012e+00 2.547111291535768032e+03
1.993561417101747946e+00 2.546818463897735001e+03
1.996211856241157934e+00 2.546555191833736899e+03
1.998847333499156997e+00 2.546322575635042995e+03
2.001467919436333176e+00 2.546120157450301122e+03
2.004073684450208948e+00 2.545946786323082051e+03
2.006664698773350075e+00 2.545801404720969003e+03
2.009241032471507982e+00 2.545682947306851020e+03
2.011802755441812973e+00 2.545589791038125895e+03
2.014349937410988112e+00 2.545519526442263214e+03
2.016882647933599060e+00 2.545469102460291197e+03
2.019400956390350999e+00 2.545435561120039893e+03
2.021904931986404197e+00 2.545416578694244890e+03
2.024394643749737099e+00 2.545407747307058798e+03
2.026870160529529841e+00 2.545407363149834055e+03
2.029331550994594835e+00 2.545410940162690167e+03
2.031778883631830013e+00 2.545417768253586019e+03
2.034212226744708030e+00 2.545426420807938030e+03
2.036631648451798782e+00 2.545435779196322983e+03
2.039037216685330112e+00 2.545444400275384851e+03
2.041428999189761839e+00 2.545451134828057093e+03
2.043807063520413969e+00 2.545455066330413956e+03
2.046171477042109110e+00 2.545454507221549193e+03
2.048522306927853975e+00 2.545450015178496869e+03
2.050859620157554186e+00 2.545441233063903837e+03
2.053183483516745955e+00 2.545427806218916885e+03
2.055493963595373064e+00 2.545410215374209201e+03
2.057791126786586045e+00 2.545389124671380159e+03
2.060075039285568010e+00 2.545365280178070861e+03
2.062345767088400006e+00 2.545339607640126815e+03
2.064603375990938794e+00 2.545313206048057964e+03
2.066847931587743048e+00 2.545286916582252161e+03
2.069079499271007094e+00 2.545261150732984788e+03
2.071298144229539950e+00 2.545236081479341919e+03
2.073503931447763016e+00 2.545211948125348044e+03
2.075696925704733964e+00 2.545189083414241850e+03
2.077877191573198168e+00 2.545168235142546109e+03
2.080044793418676097e+00 2.545150225657253031e+03
2.082199795398564923e+00 2.545136034733196084e+03
2.084342261461269885e+00 2.545126005875256851e+03
2.086472255345364957e+00 2.545121124302048884e+03
2.088589840578776169e+00 2.545120032509340035e+03
2.090695080477988022e+00 2.545121708547037088e+03
2.092788038147280982e+00 2.545125338660704983e+03
2.094868776477987193e+00 2.545130021282298003e+03
2.096937358147772823e+00 2.545133985172330995e+03
2.098993845619947951e+00 2.545139575779865027e+03
2.101038301142794218e+00 2.545148045904190894e+03
2.103070786748920007e+00 2.545158215559726159e+03
2.105091364254636055e+00 2.545169023733094036e+03
2.107100095259359041e+00 2.545179287924001983e+03
2.109097041145031159e+00 2.545186057093103955e+03
2.111082263075568122e+00 2.545179915998729939e+03
2.113055821996323136e+00 2.545168368529987220e+03
2.115017778633578871e+00 2.545152544503742774e+03
2.116968193494059847e+00 2.545131932360956853e+03
2.118907126864460810e+00 2.545104220597002950e+03
2.120834638810999095e+00 2.545068090694534021e+03
2.122750789178994957e+00 2.545023489210834214e+03
2.124655637592459900e+00 2.544969692521734032e+03
2.126549243453716098e+00 2.544905011058120181e+03
2.128431665943026019e+00 2.544828907642167906e+03
2.130302964018250922e+00 2.544739769278536187e+03
2.132163196414528006e+00 2.544637726928376196e+03
2.134012421643952884e+00 2.544522400337808904e+03
2.135850697995306025e+00 2.544393922463530089e+03
2.137678083533772089e+00 2.544253243479764933e+03
2.139494636100696123e+00 2.544101514145600959e+03
2.141300413313349971e+00 2.543939329280196034e+03
2.143095472564716886e+00 2.543766733946170007e+03
2.144879871023298801e+00 2.543584027000375045e+03
2.146653665632931141e+00 2.543392355316138037e+03
2.148416913112627835e+00 2.543193381035287075e+03
2.150169669956436103e+00 2.542988593096005843e+03
2.151911992433301890e+00 2.542779104337840181e+03
2.153643936586972174e+00 2.542565871239959051e+03
2.155365558235884826e+00 2.542349997027808968e+03
2.157076912973102001e+00 2.542133040661457017e+03
2.158778056166243076e+00 2.541917167270180016e+03
2.160469042957437136e+00 2.541704429120515215e+03
2.162149928263293219e+00 2.541496297083765967e+03
2.163820766774883886e+00 2.541293866608044937e+03
2.165481612957742996e+00 2.541098286440590982e+03
2.167132521051882144e+00 2.540911412723654848e+03
2.168773545071814191e+00 2.540735585001847994e+03
2.170404738806599010e+00 2.540572889511789981e+03
2.172026155819902993e+00 2.540424623078533841e+03
2.173637849450065218e+00 2.540291954580047786e+03
2.175239872810180053e+00 2.540176409192975825e+03
2.176832278788205066e+00 2.540079629047953858e+03
2.178415120047059172e+00 2.540002773763929781e+03
2.179988449024758079e+00 2.539950291930006188e+03
2.181552317934544849e+00 2.539923500846985007e+03
2.183106778765046219e+00 2.539920422849776969e+03
2.184651883280428031e+00 2.539931845630138923e+03
2.186187683020574202e+00 2.539979995233878981e+03
2.187714229301272795e+00 2.540058486593829002e+03
2.189231573214418969e+00 2.540167479734691824e+03
2.190739765628217928e+00 2.540305954503960038e+03
2.192238857187413181e+00 2.540475396977610217e+03
2.193728898313521025e+00 2.540675029527716106e+03
2.195209939205068128e+00 2.540904405212137135e+03
2.196682029837856209e+00 2.541162873862312154e+03
2.198145219965224051e+00 2.541450404961102777e+03
2.199599559118324166e+00 2.541766831230742810e+03
2.201045096606414120e+00 2.542111170054792183e+03
2.202481881517150963e+00 2.542481662587590108e+03
2.203909962716901205e+00 2.542876241556749846e+03
2.205329388851061001e+00 2.543293664093243024e+03
2.206740208344376786e+00 2.543732269114062092e+03
2.208142469401292995e+00 2.544189614330381119e+03
2.209536220006290907e+00 2.544663034208082991e+03
2.210921507924248797e+00 2.545150185602115016e+03
2.212298380700806089e+00 2.545648751008522140e+03
2.213666885662735062e+00 2.546155996056436834e+03
2.215027069918328095e+00 2.546669059306841973e+03
2.216378980357788020e+00 2.547185538037881997e+03
2.217722663653626913e+00 2.547703534671903981e+03
2.219058166261074216e+00 2.548221218887597843e+03
2.220385534418495066e+00 2.548736372013685013e+03
2.221704814147813956e+00 2.549246959608195084e+03
2.223016051254942838e+00 2.549750803130359145e+03
2.224319291330230985e+00 2.550245803147714014e+03
2.225614579748900201e+00 2.550729824791489136e+03
2.226901961671511998e+00 2.551200727030276084e+03
2.228181482044417905e+00 2.551656689791482222e+03
2.229453185600239973e+00 2.552096262662535992e+03
2.230717116858334848e+00 2.552518957864042022e+03
2.231973320125291149e+00 2.552924053317392008e+03
2.233221839495405092e+00 2.553310322920966883e+03
2.234462718851185858e+00 2.553676111438613134e+03
2.235696001863852977e+00 2.554019389168276120e+03
2.236921731993851914e+00 2.554338117377702929e+03
2.238139952491362994e+00 2.554630875825891053e+03
2.239350706396820989e+00 2.554897164893858189e+03
2.240554036541449801e+00 2.555137052558618052e+03
2.241749985547789148e+00 2.555350668163105183e+03
2.242938595830232806e+00 2.555538121634097934e+03
2.244119909595577944e+00 2.555699744181285041e+03
2.245293968843567800e+00 2.555836173831471115e+03
2.246460815367449904e+00 2.555948112476797178e+03
2.247620490754532963e+00 2.556036041099022896e+03
2.248773036386753965e+00 2.556100175347327877e+03
2.249918493441250167e+00 2.556140703761560871e+03
2.251056902890923084e+00 2.556158017929686139e+03
2.252188305505030019e+00 2.556149840621666954e+03
2.253312741849760936e+00 2.556115981832042053e+03
2.254430252288825098e+00 2.556061342399199020e+03
2.255540876984047038e+00 2.555985499940828959e+03
2.256644655895962970e+00 2.555890541827020115e+03
2.257741628784417198e+00 2.555777799423392935e+03
2.258831835209170968e+00 2.555647657315500965e+03
2.259915314530509978e+00 2.555500027039840006e+03
2.260992105909854111e+00 2.555334738737915814e+03
2.262062248310376056e+00 2.555152342437057086e+03
2.263125780497623030e+00 2.554954048722192965e+03
2.264182741040133173e+00 2.554741228994082121e+03
2.265233168310067047e+00 2.554514987905085945e+03
2.266277100483836904e+00 2.554276219842533010e+03
2.267314575542738186e+00 2.554025901160326157e+03
2.268345631273585017e+00 2.553765196296148133e+03
2.269370305269352794e+00 2.553495372918585872e+03
2.270388634929815908e+00 2.553217665243158990e+03
2.271400657462193884e+00 2.552932552511108042e+03
2.272406409881800204e+00 2.552641406886752975e+03
2.273405929012691118e+00 2.552345078665226083e+03
2.274399251488317120e+00 2.552044263929572026e+03
2.275386413752182868e+00 2.551739725329446173e+03
2.276367452058498220e+00 2.551432562703274925e+03
2.277342402472843030e+00 2.551124203929166015e+03
2.278311300872824852e+00 2.550816044433051047e+03
2.279274182948749949e+00 2.550508939891992213e+03
2.280231084204281000e+00 2.550202966097499029e+03
2.281182039957109886e+00 2.549897724566320903e+03
2.282127085339630046e+00 2.549592973331768007e+03
2.283066255299603053e+00 2.549289102188623019e+03
2.283999584600835853e+00 2.548986988416872009e+03
2.284927107823853110e+00 2.548687646127425069e+03
2.285848859366578001e+00 2.548391898893374218e+03
2.286764873445006785e+00 2.548100229237868007e+03
2.287675184093893144e+00 2.547813148407889003e+03
2.288579825167420978e+00 2.547531104711933040e+03
2.289478830339895854e+00 2.547254745734322114e+03
2.290372233106427124e+00 2.546984830097948816e+03
2.291260066783606053e+00 2.546721820138538988e+03
2.292142364510199926e+00 2.546465989583448845e+03
2.293019159247835059e+00 2.546217599058445103e+03
2.293890483781682921e+00 2.545977092099691163e+03
2.294756370721155125e+00 2.545744826420882873e+03
2.295616852500586003e+00 2.545518965913403918e+03
2.296471961379927151e+00 2.545292957357446994e+03
2.297321729445440219e+00 2.545071782871279993e+03
2.298166188610379912e+00 2.544956440372684028e+03
2.299005370615700983e+00 2.545229448848971970e+03
2.299839307030736801e+00 2.545684156265167985e+03
2.300668029253898794e+00 2.541812397988283010e+03
2.301491568513374997e+00 2.527990362088696202e+03
2.302309955867813063e+00 2.528934296573188931e+03
2.303123222207024146e+00 2.673710987967359870e+03
2.303931398252677010e+00 3.333586818510582816e+03
2.304734514558984149e+00 4.466665747772731265e+03
2.305532601513406998e+00 4.991846185746764604e+03
2.306325689337346940e+00 5.175361248763108051e+03
2.307113808086839857e+00 5.273362462973933361e+03
2.307896987653252019e+00 5.411232792698352569e+03
2.308675257763974198e+00 5.517457285557990872e+03
2.309448647983117997e+00 5.523883273583489427e+03
2.310217187712213072e+00 5.508941781353209990e+03
2.310980906190892803e+00 5.542678170091653556e+03
2.311739832497600844e+00 5.592213685958875431e+03
2.312493995550275017e+00 5.627803226817815812e+03
2.313243424107048973e+00 5.656552781270604100e+03
2.313988146766936094e+00 5.677542120176737626e+03
2.314728191970532034e+00 5.698343657286545749e+03
2.315463588000703066e+00 5.716142423972394681e+03
2.316194362983276189e+00 5.728561085392961104e+03
2.316920544887731914e+00 5.738416192012481588e+03
2.317642161527900146e+00 5.745850479633002578e+03
2.318359240562636980e+00 5.751230901794107012e+03
2.319071809496532133e+00 5.754364729449584047e+03
2.319779895680582182e+00 5.757001082683868844e+03
2.320483526312886013e+00 5.761297697865660666e+03
2.321182728439333154e+00 5.768722792419553116e+03
2.321877528954284120e+00 5.779087210783762202e+03
2.322567954601263196e+00 5.792021181533646995e+03
2.323254031973636113e+00 5.804580873609499577e+03
2.323935787515300166e+00 5.816942032337334240e+03
2.324613247521361892e+00 5.828137879282761787e+03
2.325286438138823186e+00 5.835314227827981995e+03
2.325955385367257211e+00 5.838831262188186884e+03
2.326620115059490068e+00 5.832707445036124227e+03
2.327280652922285142e+00 5.821859544128577909e+03
2.327937024517010123e+00 5.799457371580499057e+03
2.328589255260320012e+00 5.780208273038814696e+03
2.329237370424832143e+00 5.761616383942361608e+03
2.329881395139798084e+00 5.754597012307137447e+03
2.330521354391775990e+00 5.735544796095828133e+03
2.331157273025306065e+00 5.764984098487044321e+03
2.331789175743574027e+00 5.806068243248280851e+03
2.332417087109087017e+00 5.801208265621098690e+03
2.333041031544336175e+00 5.733567948214763419e+03
2.333661033332463219e+00 5.621423651944780431e+03
2.334277116617927916e+00 5.462898655300466089e+03
2.334889305407171101e+00 5.303991792228480335e+03
2.335497623569271930e+00 5.254950126057172383e+03
2.336102094836613130e+00 5.250727477429061764e+03
2.336702742805539135e+00 5.333111498532319274e+03
2.337299590937011118e+00 5.385709019710414395e+03
2.337892662557265133e+00 5.342562829555184180e+03
2.338481980858464038e+00 5.252209252400849437e+03
2.339067568899353855e+00 5.143260237509233775e+03
2.339649449605913034e+00 4.888765147960135437e+03
2.340227645771999931e+00 4.935566132250250121e+03
2.340802180060002957e+00 5.236774291669157719e+03
2.341373075001487170e+00 5.750168729283942412e+03
2.341940352997835983e+00 6.265770427124190974e+03
2.342504036320898209e+00 6.770552533313005370e+03
2.343064147113626206e+00 6.809569319658897257e+03
2.343620707390714042e+00 6.339628422369428336e+03
2.344173739039240978e+00 5.397336667039049644e+03
2.344723263819298964e+00 4.712781269476132366e+03
2.345269303364634794e+00 4.342938887010794133e+03
2.345811879183274939e+00 4.612236578940158324e+03
2.346351012658165036e+00 5.040695281813699694e+03
2.346886725047789835e+00 5.123449908575074915e+03
2.347419037486802917e+00 5.563647896699655576e+03
2.347947970986654198e+00 5.412142292655540587e+03
2.348473546436212089e+00 5.336850960540676169e+03
2.348995784602382120e+00 5.131507424944559716e+03
2.349514706130725994e+00 4.947401241408283568e+03
2.350030331546086870e+00 4.337965249033602959e+03
2.350542681253191990e+00 3.852959183513602056e+03
2.351051775537280175e+00 4.361034705446130829e+03
2.351557634564700017e+00 4.987503260496167059e+03
2.352060278383528935e+00 5.882922479923195169e+03
2.352559726924178918e+00 5.873166349951555276e+03
2.353056000000000036e+00 5.358434773173374197e+03
2.353439022221559984e+00 4.652734407841086067e+03
2.353822990876274002e+00 4.614170661868534808e+03
2.354207923611685072e+00 3.788968924882003193e+03
2.354593838234968040e+00 3.885351052123573027e+03
2.354980752716468118e+00 4.041546136514150930e+03
2.355368685193308220e+00 4.307564664075578548e+03
2.355757653973050036e+00 4.593058172638632641e+03
2.356147677537419050e+00 4.886158965287081628e+03
2.356538774546098836e+00 5.197149428070264548e+03
2.356930963840591087e+00 5.538280363997389031e+03
2.357324264448133810e+00 5.904325990653986082e+03
2.357718695585708790e+00 6.306755093861019304e+03
2.358114276664101006e+00 6.770987019544280884e+03
2.358511027292045981e+00 7.319098754535869375e+03
2.358908967280446856e+00 7.932181023576062216e+03
2.359308116646673170e+00 8.629442025472477326e+03
2.359708495618932034e+00 9.471985655127460632e+03
2.360110124640731222e+00 1.045923522792645963e+04
2.360513024375419988e+00 1.157442482934590043e+04
2.360917215710820916e+00 1.294329369630467045e+04
2.361322719763943034e+00 1.478110632296818949e+04
2.361729557885798858e+00 1.699184581323974999e+04
2.362137751666300023e+00 1.973035503571774825e+04
2.362547322939259953e+00 2.290776352234364094e+04
2.362958293787496000e+00 2.712506437315659059e+04
2.363370686548022181e+00 3.266170746415522080e+04
2.363784523817355154e+00 3.813970839652048744e+04
2.364199828456928998e+00 4.368260717038883013e+04
2.364616623598610801e+00 4.890812361062868877e+04
2.365034932650334820e+00 5.345633860017848201e+04
2.365454779301855215e+00 5.685739511289226357e+04
2.365876187530607133e+00 5.945678027800269774e+04
2.366299181607704138e+00 6.152603881790015294e+04
2.366723786104047988e+00 6.305687886724359851e+04
2.367150025896580079e+00 6.423901470129765949e+04
2.367577926174647907e+00 6.533267172168748948e+04
2.368007512446530960e+00 6.645599418874685944e+04
2.368438810546078965e+00 6.768054040265269578e+04
2.368871846639524215e+00 6.909618123536388157e+04
2.369306647232409802e+00 7.071680520901236741e+04
2.369743239176696825e+00 7.245204909178763046e+04
2.370181649678007929e+00 7.418094241028589022e+04
2.370621906303044923e+00 7.577725629902131914e+04
2.371064036987159174e+00 7.709039868628312252e+04
2.371508070042096961e+00 7.795530844688216166e+04
2.371954034163925140e+00 7.838866079262849235e+04
2.372401958441119785e+00 7.827029029469838133e+04
2.372851872362851999e+00 7.795698296373282210e+04
2.373303805827462032e+00 7.758641748413268942e+04
2.373757789151115016e+00 7.727208624606912781e+04
2.374213853076672986e+00 7.706576593858478009e+04
2.374672028782761846e+00 7.698887525299300614e+04
2.375132347893054163e+00 7.701021731395661482e+04
2.375594842485766023e+00 7.709442866106127622e+04
2.376059545103383019e+00 7.710967631757579511e+04
2.376526488762609191e+00 7.708644704482090310e+04
2.376995706964557975e+00 7.666621985035632679e+04
2.377467233705186977e+00 7.592442513619868259e+04
2.377941103485980978e+00 7.467068998492158426e+04
2.378417351324892959e+00 7.287047643221600447e+04
2.378896012767556023e+00 7.046505499629340193e+04
2.379377123898756885e+00 6.754914205556953675e+04
2.379860721354210007e+00 6.445946745107506285e+04
2.380346842332599966e+00 6.157163240395374305e+04
2.380835524607940901e+00 5.929053976555499685e+04
2.381326806542233054e+00 5.777497993965230853e+04
2.381820727098435952e+00 5.696203194418887870e+04
2.382317325853778200e+00 5.664077146195879322e+04
2.382816643013387914e+00 5.656562970328736992e+04
2.383318719424284193e+00 5.648888382675064349e+04
2.383823596589714988e+00 5.634278550300020288e+04
2.384331316683871993e+00 5.626309753589335742e+04
2.384841922566975025e+00 5.628441414425666881e+04
2.385355457800752976e+00 5.631132241847643309e+04
2.385871966664331101e+00 5.638478875852894271e+04
2.386391494170528205e+00 5.643023266312763735e+04
2.386914086082581044e+00 5.649781799557367049e+04
2.387439788931319029e+00 5.665698961801246332e+04
2.387968650032783913e+00 5.687997731404851947e+04
2.388500717506333082e+00 5.707722050930385012e+04
2.389036040293215812e+00 5.716520697958252276e+04
2.389574668175655781e+00 5.711872067743565276e+04
2.390116651796451830e+00 5.700471783576539747e+04
2.390662042679112975e+00 5.693057459811044828e+04
2.391210893248535196e+00 5.695054052231639071e+04
2.391763256852259989e+00 5.715741537257371238e+04
2.392319187782311118e+00 5.742918220994807780e+04
2.392878741297642886e+00 5.766018022768114315e+04
2.393441973647208787e+00 5.774050944593652093e+04
2.394008942093686088e+00 5.767232889403498120e+04
2.394579704937858988e+00 5.748731044098026905e+04
2.395154321543704778e+00 5.733025036312767770e+04
2.395732852364179877e+00 5.725738326648659131e+04
2.396315358967758158e+00 5.723981275299185654e+04
2.396901904065722899e+00 5.720469009902788093e+04
2.397492551540254091e+00 5.715999455880228197e+04
2.398087366473323989e+00 5.705830731569530326e+04
2.398686415176450204e+00 5.694251855963507842e+04
2.399289765221303217e+00 5.690739296805106278e+04
2.399897485471238934e+00 5.696230902468215209e+04
2.400509646113750062e+00 5.711067754782808333e+04
2.401126318693890038e+00 5.727384951199997158e+04
2.401747576148704155e+00 5.734023846714499086e+04
2.402373492842689195e+00 5.731695668217130151e+04
2.403004144604334869e+00 5.715147605185404245e+04
2.403639608763774138e+00 5.701534382044355880e+04
2.404279964191582852e+00 5.696144528974164132e+04
2.404925291338782856e+00 5.698465634085889178e+04
2.405575672278073895e+00 5.703299577206736285e+04
2.406231190746348059e+00 5.705026285877753253e+04
2.406891932188541805e+00 5.704173954876576317e+04
2.407557983802857127e+00 5.699749640233845275e+04
2.408229434587413120e+00 5.697135020734630234e+04
2.408906375388391030e+00 5.696590075625525060e+04
2.409588898949702962e+00 5.697161838392532809e+04
2.410277099964261982e+00 5.697301337290890660e+04
2.410971075126913110e+00 5.696263604248707270e+04
2.411670923189077165e+00 5.692932130346138729e+04
2.412376745015181179e+00 5.687465881240794261e+04
2.413088643640942887e+00 5.680194394437561277e+04
2.413806724333584786e+00 5.671313948527802859e+04
2.414531094654035037e+00 5.661032599334688712e+04
2.415261864521221824e+00 5.649812398316992767e+04
2.415999146278517973e+00 5.638371030377135321e+04
2.416743054762431786e+00 5.627662442985494999e+04
2.417493707373635115e+00 5.618631367204651178e+04
2.418251224150412160e+00 5.612025198388641729e+04
2.419015727844645802e+00 5.608238078816787311e+04
2.419787344000412954e+00 5.607757664321541961e+04
2.420566201035332821e+00 5.608280965425031172e+04
2.421352430324743121e+00 5.609271540394364274e+04
2.422146166288846825e+00 5.609224902056378778e+04
2.422947546482955961e+00 5.607070911550916935e+04
2.423756711690915999e+00 5.603489462745920900e+04
2.424573806021919964e+00 5.599081961516624142e+04
2.425398977010770007e+00 5.594693301373653230e+04
2.426232375721813828e+00 5.590901649252699281e+04
2.427074156856639853e+00 5.587787440254708054e+04
2.427924478865747027e+00 5.584522014886850229e+04
2.428783504064334853e+00 5.579522886279640807e+04
2.429651398752390001e+00 5.574023735921031766e+04
2.430528333339275981e+00 5.568179570390500885e+04
2.431414482472999961e+00 5.562825375773884298e+04
2.432310025174388990e+00 5.559260619804253656e+04
2.433215144976367039e+00 5.558043223771187331e+04
2.434130030068585970e+00 5.557362397060228250e+04
2.435054873447640933e+00 5.555203854691592278e+04
2.435989873073112211e+00 5.549869265104018996e+04
2.436935232029723952e+00 5.541037741139537684e+04
2.437891158695884020e+00 5.530653811887656047e+04
2.438857866918902051e+00 5.522158197686060885e+04
2.439835576197202816e+00 5.520472436848284997e+04
2.440824511869855051e+00 5.523727522786673944e+04
2.441824905313768834e+00 5.532684739354322664e+04
2.442836994148921193e+00 5.542997235844399984e+04
2.443861022451995879e+00 5.550538180767757149e+04
2.444897240978839204e+00 5.551067123233598977e+04
2.445945907396168018e+00 5.542898179137716943e+04
2.447007286522973946e+00 5.531190114092629665e+04
2.448081650582095037e+00 5.520126324137092888e+04
2.449169279462489079e+00 5.513798972195456008e+04
2.450270460992690857e+00 5.514754192982784298e+04
2.451385491226071967e+00 5.530540088985928742e+04
2.452514674738452971e+00 5.543258521586586721e+04
2.453658324938734037e+00 5.552875385121705767e+04
2.454816764393187967e+00 5.541193043873934948e+04
2.455990325164131072e+00 5.515270744688101695e+04
2.457179349163726823e+00 5.486368292181780998e+04
2.458384188523710989e+00 5.465744032158268237e+04
2.459605205981878040e+00 5.462235721819567698e+04
2.460842775286228079e+00 5.482888639480063284e+04
2.462097281617725120e+00 5.498920873562907218e+04
2.463369122032661895e+00 5.499784060630029853e+04
2.464658705925720117e+00 5.473610840456581354e+04
2.465966455514843947e+00 5.445657207423858199e+04
2.467292806349151046e+00 5.424117337655661686e+04
2.468638207841160170e+00 5.417052049419871037e+04
2.470003123824708879e+00 5.421261010672913835e+04
2.471388033140017981e+00 5.420730552834390983e+04
2.472793430247457014e+00 5.412580355381496338e+04
2.474219825871661893e+00 5.404312879440526740e+04
2.475667747677786856e+00 5.400910405652876216e+04
2.477137740981754099e+00 5.401743068771283288e+04
2.478630369496530150e+00 5.401956700088640355e+04
2.480146216116573932e+00 5.401620596241531894e+04
2.481685883742748011e+00 5.400914995182673010e+04
2.483249996150162175e+00 5.397914806525279710e+04
2.484839198901565016e+00 5.392546223065403319e+04
2.486454160309103933e+00 5.386528000983370293e+04
2.488095572447480031e+00 5.381571389433073637e+04
2.489764152221698890e+00 5.376884074974334362e+04
2.491460642492925981e+00 5.371037252728919702e+04
2.493185813266126871e+00 5.364074523204054276e+04
2.494940462943509019e+00 5.358335045874900970e+04
2.496725419648059052e+00 5.362544116644693713e+04
2.498541542621770972e+00 5.387170324821540271e+04
2.500389723703564826e+00 5.390554288122452999e+04
2.502270888892201839e+00 3.195091935353379085e+04
2.504185999999999801e+00 1.683384920209219126e+04
2.506686272240000068e+00 7.494629620148246431e+03
2.509185400194342996e+00 4.462977873360285230e+03
2.511685432049628020e+00 3.073719309918937142e+03
2.514185862034377106e+00 2.429656022427036078e+03
2.516686822891286202e+00 2.109937020103930990e+03
2.519188447391237151e+00 1.978541821070763035e+03
2.521690868340343172e+00 1.943391168962802112e+03
2.524194218586997884e+00 1.940127556688690902e+03
2.526698631028931885e+00 1.939807902985643977e+03
2.529204238620263112e+00 1.933485986544156958e+03
2.531711174378556972e+00 1.915770929432371986e+03
2.534219571391893133e+00 1.890264410166769949e+03
2.536729562825919881e+00 1.866103566626876045e+03
2.539241281930935124e+00 1.847828205461162042e+03
2.541754862048951846e+00 1.825303139255215001e+03
2.544270436620784004e+00 1.817151809330285005e+03
2.546788139193123968e+00 1.805557565844243982e+03
2.549308103425635963e+00 1.804864668944007008e+03
2.551830463098052171e+00 1.798309743612443981e+03
2.554355352117271938e+00 1.809395915110789019e+03
2.556882904524475197e+00 1.818140784706504064e+03
2.559413254502231894e+00 1.821596354736775993e+03
2.561946536381633166e+00 1.857595606317840065e+03
2.564482884649415873e+00 1.867422743532052891e+03
2.567022433955107985e+00 1.903239098205275923e+03
2.569565319118169988e+00 1.917016743589136013e+03
2.572111675135159814e+00 1.945806672120158055e+03
2.574661637186895113e+00 1.955019133204918035e+03
2.577215340645627961e+00 1.963541702852761091e+03
2.579772921082239101e+00 1.978684092193979950e+03
2.582334514273424197e+00 1.982928511507672965e+03
2.584900256208912950e+00 1.986953213036251100e+03
2.587470283098678880e+00 1.998152647350058032e+03
2.590044731380180210e+00 2.002051449076106110e+03
2.592623737725591848e+00 2.006976733718069909e+03
2.595207439049072029e+00 2.013790713222128034e+03
2.597795972514021834e+00 2.016276526909045970e+03
2.600389475540374029e+00 2.022218432558297081e+03
2.602988085811882790e+00 2.024853756781393940e+03
2.605591941283436963e+00 2.026188180082177041e+03
2.608201180188382207e+00 2.026679267236708029e+03
2.610815941045857791e+00 2.026824421571810944e+03
2.613436362668155155e+00 2.027791327516747060e+03
2.616062584168080907e+00 2.028573178457030963e+03
2.618694744966347798e+00 2.032593690173905998e+03
2.621332984798972809e+00 2.042455033797346914e+03
2.623977443724696101e+00 2.052892654612061961e+03
2.626628262132416847e+00 2.070091268007155122e+03
2.629285580748646822e+00 2.080780005523790805e+03
2.631949540644979102e+00 2.085423394487995211e+03
2.634620283245579841e+00 2.086253789009057982e+03
2.637297950334696051e+00 2.082624187712548974e+03
2.639982684064178020e+00 2.074670711479615875e+03
2.642674626961032835e+00 2.066240864861775208e+03
2.645373921934985884e+00 2.059678230536233059e+03
2.648080712286070781e+00 2.057126454843058127e+03
2.650795141712234848e+00 2.056911343751626191e+03
2.653517354316965893e+00 2.060574592805678094e+03
2.656247494616946980e+00 2.068255464227398988e+03
2.658985707549727184e+00 2.078807496051053931e+03
2.661732138481413212e+00 2.090987101390926000e+03
2.664486933214386788e+00 2.104074455161313836e+03
2.667250237995050899e+00 2.117172278453997933e+03
2.670022199521588036e+00 2.129801394405531028e+03
2.672802964951749072e+00 2.141337368040852198e+03
2.675592681910663018e+00 2.151740215045185778e+03
2.678391498498684076e+00 2.158217089076008961e+03
2.681199563299240030e+00 2.160439962552862198e+03
2.684017025386733035e+00 2.158280638754622942e+03
2.686844034334443077e+00 2.150712576969709062e+03
2.689680740222477162e+00 2.138456073376406039e+03
2.692527293645730957e+00 2.122830629402540126e+03
2.695383845721885940e+00 2.108794902590048878e+03
2.698250548099431878e+00 2.100284189881176189e+03
2.701127552965718159e+00 2.098348635169560112e+03
2.704015013055027783e+00 2.098371548746372810e+03
2.706913081656697084e+00 2.108008001318838069e+03
2.709821912623239903e+00 2.120014990066766131e+03
2.712741660378526820e+00 2.137033168913786994e+03
2.715672479925975047e+00 2.146874675328372177e+03
2.718614526856781843e+00 2.152327676805073224e+03
2.721567957358185019e+00 2.151675949410477187e+03
2.724532928221749195e+00 2.150427001819584802e+03
2.727509596851695139e+00 2.146802306350894924e+03
2.730498121273253975e+00 2.144869599690247014e+03
2.733498660141056913e+00 2.144586814190518908e+03
2.736511372747556958e+00 2.148299505991652950e+03
2.739536419031483927e+00 2.155259743449791131e+03
2.742573959586342980e+00 2.165106010652476016e+03
2.745624155668926036e+00 2.174467521870168184e+03
2.748687169207889802e+00 2.181405899493326160e+03
2.751763162812336905e+00 2.183112889295217883e+03
2.754852299780457869e+00 2.182823360175619200e+03
2.757954744108197964e+00 2.180233171474570099e+03
2.761070660497961793e+00 2.173099083482618880e+03
2.764200214367356967e+00 2.164579162881645971e+03
2.767343571857979967e+00 2.156042464712983019e+03
2.770500899844229981e+00 2.148659765901236824e+03
2.773672365942172924e+00 2.142742458707848982e+03
2.776858138518437880e+00 2.138313826640482148e+03
2.780058386699156170e+00 2.135057947200334183e+03
2.783273280378936843e+00 2.132770953605599971e+03
2.786502990229891896e+00 2.131083585841010063e+03
2.789747687710689927e+00 2.129489945029854880e+03
2.793007545075664844e+00 2.127659461788613044e+03
2.796282735383956997e+00 2.125279333444469103e+03
2.799573432508700055e+00 2.122391140488201017e+03
2.802879811146253175e+00 2.119039212462982050e+03
2.806202046825475804e+00 2.115450971730620950e+03
2.809540315917045117e+00 2.111910206995908993e+03
2.812894795642816970e+00 2.108732284778987832e+03
2.816265664085241038e+00 2.106196333683008106e+03
2.819653100196806150e+00 2.104601063296887787e+03
2.823057283809546014e+00 2.104194025153873099e+03
2.826478395644585806e+00 2.104238673051457226e+03
2.829916617321734051e+00 2.105309932221549843e+03
2.833372131369126024e+00 2.108022067602028073e+03
2.836845121232914213e+00 2.111919107351959155e+03
2.840335771287004984e+00 2.116329452161534846e+03
2.843844266842848967e+00 2.120459363865412797e+03
2.847370794159277185e+00 2.123770280838682083e+03
2.850915540452390928e+00 2.125662653752578990e+03
2.854478693905499131e+00 2.126246053287467930e+03
2.858060443679108165e+00 2.125755228032800005e+03
2.861660979920965797e+00 2.123787464559533873e+03
2.865280493776154902e+00 2.120500616645093032e+03
2.868919177397240894e+00 2.116542032440152980e+03
2.872577223954472014e+00 2.112363270379576079e+03
2.876254827646036016e+00 2.108565660817543176e+03
2.879952183708367919e+00 2.105502830313367213e+03
2.883669488426515937e+00 2.103141987653343222e+03
2.887406939144562923e+00 2.101433206132701798e+03
2.891164734276097992e+00 2.100266134335250172e+03
2.894943073314757864e+00 2.099492068854437093e+03
2.898742156844809958e+00 2.098875755707033022e+03
2.902562186551803869e+00 2.098093315421619081e+03
2.906403365233281910e+00 2.096857879661661173e+03
2.910265896809538955e+00 2.095036706163741201e+03
2.914149986334454212e+00 2.092529754851329926e+03
2.918055840006370083e+00 2.089198080853234842e+03
2.921983665179046952e+00 2.084953220730032172e+03
2.925933670372665052e+00 2.079724003723357782e+03
2.929906065284895167e+00 2.073443993992596916e+03
2.933901060802035943e+00 2.066044377194111803e+03
2.937918869010203160e+00 2.057435238081333864e+03
2.941959703206591836e+00 2.047561606077553961e+03
2.946023777910800945e+00 2.036466576788526027e+03
2.950111308876217198e+00 2.024254230286924894e+03
2.954222513101475212e+00 2.011019332578561944e+03
2.958357608841973185e+00 1.996818279122765034e+03
2.962516815621460076e+00 1.981715404373989941e+03
2.966700354243692939e+00 1.965818236779618928e+03
2.970908446804152891e+00 1.949202636289611974e+03
2.975141316701842786e+00 1.931988146957618937e+03
2.979399188651142172e+00 1.914335779734188918e+03
2.983682288693735973e+00 1.896370893314189971e+03
2.987990844210619112e+00 1.878126549006452933e+03
2.992325083934165963e+00 1.859573731050835022e+03
2.996685237960270864e+00 1.840707671351811996e+03
3.001071537760568120e+00 1.821560164792115074e+03
3.005484216194715064e+00 1.802094207829748029e+03
3.009923507522755060e+00 1.782409777167137918e+03
3.014389647417559992e+00 1.762554463008392986e+03
3.018882872977334042e+00 1.742507722507901917e+03
3.023403422738204949e+00 1.722377083769049932e+03
3.027951536686884104e+00 1.702060688692208032e+03
3.032527456273411914e+00 1.681537732457449920e+03
3.037131424423971993e+00 1.660826528518563919e+03
3.041763685553787955e+00 1.639947746385938899e+03
3.046424485580100150e+00 1.618935843996283893e+03
3.051114071935220995e+00 1.597786457596392893e+03
3.055832693579668025e+00 1.576558456431826926e+03
3.060580601015386204e+00 1.555256334940173929e+03
3.065358046299039962e+00 1.534008309011858955e+03
3.070165283055398930e+00 1.512804458731193108e+03
3.075002566490800060e+00 1.491726396097798897e+03
3.079870153406698119e+00 1.470830507336334904e+03
3.084768302213296121e+00 1.450200046432139970e+03
3.089697272943265016e+00 1.429964080144053014e+03
3.094657327265550872e+00 1.410132310915492099e+03
3.099648728499261097e+00 1.390579354074840012e+03
3.104671741627647918e+00 1.371729817492810980e+03
3.109726633312174027e+00 1.353225419392882031e+03
3.114813671906667025e+00 1.335379033326506033e+03
3.119933127471572032e+00 1.318182706738203024e+03
3.125085271788282881e+00 1.301600969305548006e+03
3.130270378373570139e+00 1.285732446801619062e+03
3.135488722494105041e+00 1.270461390072663107e+03
3.140740581181074020e+00 1.255853614954467957e+03
3.146026233244878068e+00 1.241858413940565015e+03
3.151345959289943988e+00 1.228478006894895998e+03
3.156700041729612050e+00 1.215587094211806971e+03
3.162088764801136875e+00 1.203100387830098953e+03
3.167512414580770042e+00 1.190877717433978887e+03
3.172971278998954148e+00 1.178923814705683981e+03
3.178465647855599041e+00 1.167168892333085978e+03
3.183995812835480166e+00 1.155379073543535014e+03
3.189562067523707078e+00 1.143560200562722912e+03
3.195164707421323858e+00 1.131602110215756966e+03
3.200804029960989894e+00 1.119351185111039058e+03
3.206480334522769038e+00 1.106722746813112053e+03
3.212193922450023997e+00 1.094292843461207895e+03
3.217945097065419091e+00 1.080780332574117892e+03
3.223734163687014931e+00 1.068620047043686100e+03
3.229561429644483006e+00 1.055083729516544963e+03
3.235427204295417969e+00 1.041807446755798082e+03
3.241331799041761830e+00 1.029935296169587900e+03
3.247275527346336954e+00 1.018729537251245006e+03
3.253258704749486974e+00 1.009246851925493957e+03
3.259281648885825167e+00 1.001515689618252964e+03
3.265344679501097858e+00 9.963312969541069606e+02
3.271448118469165056e+00 9.950810067849719189e+02
3.277592289809078796e+00 9.984555787115577914e+02
3.283777519702292036e+00 1.006527250004711959e+03
3.290004136509967925e+00 1.017763340123667035e+03
3.296272470790424070e+00 1.029590476331743048e+03
3.302582855316663846e+00 1.040909695232068088e+03
3.308935625094056920e+00 1.052865674629917976e+03
3.315331117378120140e+00 1.066831553483996913e+03
3.321769671692416992e+00 1.083772567626916953e+03
3.328251629846588067e+00 1.104694030046644002e+03
3.334777335954492994e+00 1.129809841976753887e+03
3.341347136452482935e+00 1.156238312661552982e+03
3.347961380117788988e+00 1.181353373116430930e+03
3.354620418087037148e+00 1.205036658955765915e+03
3.361324603874892070e+00 1.226641122426276070e+03
3.368074293392825158e+00 1.244478909059592979e+03
3.374869844968003907e+00 1.260055440624457106e+03
3.381711619362322896e+00 1.273248345632137898e+03
3.388599979791548034e+00 1.284209750743754057e+03
3.395535291944602019e+00 1.294069950708683109e+03
3.402517924002982141e+00 1.302306417584647988e+03
3.409548246660297988e+00 1.311182791581107040e+03
3.416626633141956138e+00 1.320638261473945931e+03
3.423753459224974094e+00 1.332885125304293069e+03
3.430929103257929214e+00 1.346485964657362956e+03
3.438153946181040865e+00 1.362865045875159012e+03
3.445428371546400026e+00 1.382207454850961994e+03
3.452752765538324109e+00 1.402788627448330089e+03
3.460127516993865893e+00 1.423857449192402100e+03
3.467553017423450790e+00 1.444497288892036977e+03
3.475029661031661998e+00 1.462940610978142104e+03
3.482557844738172204e+00 1.479863812173234010e+03
3.490137968198809837e+00 1.494457453254648044e+03
3.497770433826778103e+00 1.506959094790890049e+03
3.505455646814020998e+00 1.517839715018101970e+03
3.513194015152727001e+00 1.527351062951386893e+03
3.520985949657001068e+00 1.535982178051220899e+03
3.528831863984656092e+00 1.544504201138535109e+03
3.536732174659189987e+00 1.553140023542182007e+03
3.544687301091889786e+00 1.562344784915200989e+03
3.552697665604096944e+00 1.572081180041471043e+03
3.560763693449632061e+00 1.582213322623131944e+03
3.568885812837363947e+00 1.592623337674825962e+03
3.577064454953949202e+00 1.603206996767444934e+03
3.585300053986720137e+00 1.613778067706015008e+03
3.593593047146733888e+00 1.624104492597590024e+03
3.601943874691984071e+00 1.634017895823167009e+03
3.610352979950774088e+00 1.643586744365650020e+03
3.618820809345249856e+00 1.652850513449619939e+03
3.627347812415103956e+00 1.661705602221534036e+03
3.635934441841436104e+00 1.670170615377317972e+03
3.644581153470785928e+00 1.678358026677437920e+03
3.653288406339337158e+00 1.686296347657967999e+03
3.662056662697279918e+00 1.693954231786497985e+03
3.670886388033356873e+00 1.701424640077080085e+03
3.679778051099574121e+00 1.708697144827355942e+03
3.688732123936079965e+00 1.715715756503896046e+03
3.697749081896232859e+00 1.722529994442977113e+03
3.706829403671834999e+00 1.728992416635765949e+03
3.715973571318539115e+00 1.735248063122910025e+03
3.725182070281447100e+00 1.741151023616700968e+03
3.734455389420876958e+00 1.746621437634488075e+03
3.743794021038318931e+00 1.751949108729980026e+03
3.753198460902568812e+00 1.756999086759740976e+03
3.762669208276042010e+00 1.761770409907076100e+03
3.772206765941291895e+00 1.766591094610148048e+03
3.781811640227687121e+00 1.771126996192668003e+03
3.791484341038296790e+00 1.775458806098037940e+03
3.801225381876968790e+00 1.779632942703680101e+03
3.811035279875572890e+00 1.783733502997050891e+03
3.820914555821472991e+00 1.787916727653453108e+03
3.830863734185157021e+00 1.791942125377059028e+03
3.840883343148099094e+00 1.795844080624088974e+03
3.850973914630781092e+00 1.799365980866140944e+03
3.861135984320942072e+00 1.802699571973317916e+03
3.871370091702015959e+00 1.805795948146934052e+03
3.881676780081768197e+00 1.808597430790561930e+03
3.892056596621141118e+00 1.811183181326771091e+03
3.902510092363300043e+00 1.813523864256467959e+03
3.913037822262888987e+00 1.815265190334361932e+03
3.923640345215491987e+00 1.817462022367368036e+03
3.934318224087299143e+00 1.818986263499001097e+03
3.945072025744997823e+00 1.820458556600437987e+03
3.955902321085853934e+00 1.822327454886509031e+03
3.966809685068031222e+00 1.823855376086233036e+03
3.977794696741105085e+00 1.825876902659824964e+03
3.988857939276812203e+00 1.827466802460370900e+03
4.000000000000000000e+00 1.828726714880581994e+03
