2.291061100000000017e-01 7.777922371282819950e+04
2.462374900000000033e-01 7.751650134696648456e+04
2.632317399999999918e-01 7.733512549849656352e+04
2.800899600000000267e-01 7.721454144257536973e+04
2.968132499999999729e-01 7.713976542420167243e+04
3.134026899999999838e-01 7.709810407957989082e+04
3.298593699999999851e-01 7.708297255449971999e+04
3.461843600000000243e-01 7.708743502760911360e+04
3.623787199999999875e-01 7.710732387137092883e+04
3.784434999999999882e-01 7.713724980435756152e+04
3.943797499999999734e-01 7.717477763230768323e+04
4.101885100000000062e-01 7.721665348790153803e+04
4.258708099999999885e-01 7.726339055513049243e+04
4.414276699999999942e-01 7.731365530239288637e+04
4.568600899999999965e-01 7.736147070713469293e+04
4.721690900000000135e-01 7.741076425108418334e+04
4.873556600000000238e-01 7.745831557812292886e+04
5.024207899999999505e-01 7.750405801685717597e+04
5.173654500000000045e-01 7.754705228628905024e+04
5.321906400000000481e-01 7.758878515933433664e+04
5.468972899999999804e-01 7.762649818482894625e+04
5.614863900000000019e-01 7.766025290807012061e+04
5.759588700000000117e-01 7.769233258844366355e+04
5.903156699999999590e-01 7.772001646861521294e+04
6.045577399999999546e-01 7.774372070770780556e+04
6.186859900000000190e-01 7.776505526956880931e+04
6.327013599999999904e-01 7.778371169401440420e+04
6.466047400000000112e-01 7.779520032525563147e+04
6.603970500000000410e-01 7.780570017685368657e+04
6.740791800000000000e-01 7.781064859223224630e+04
6.876520200000000305e-01 7.781178503659958369e+04
7.011164600000000524e-01 7.780788633498294803e+04
7.144733699999999965e-01 7.780188347967866866e+04
7.277236299999999547e-01 7.779125179281007149e+04
7.408680899999999792e-01 7.777819628795086464e+04
7.539076200000000005e-01 7.776357484168681549e+04
7.668430499999999705e-01 7.774331155679096992e+04
7.796752300000000524e-01 7.771838641601677227e+04
7.924050000000000260e-01 7.769181485912112112e+04
8.050331899999999541e-01 7.766159965305704100e+04
8.175606100000000209e-01 7.762924474124662811e+04
8.299880899999999562e-01 7.759680816156056244e+04
8.423164199999999546e-01 7.755696135732381663e+04
8.545464299999999680e-01 7.751110702802587184e+04
8.666788899999999796e-01 7.746404644658991310e+04
8.787146000000000123e-01 7.741856606512649159e+04
8.906543500000000391e-01 7.737602348136393994e+04
9.024988999999999928e-01 7.732361052706779446e+04
9.142490399999999573e-01 7.726666254017522442e+04
9.259055200000000374e-01 7.721654159530474863e+04
9.374691099999999944e-01 7.716414367996866349e+04
9.489405600000000440e-01 7.710369742796540959e+04
9.603206100000000189e-01 7.704813671622282709e+04
9.716100100000000239e-01 7.698232129881670699e+04
9.828094800000000131e-01 7.692275158688507508e+04
9.939197699999999802e-01 7.686274948182005028e+04
1.004941599999999990e+00 7.679127319108961092e+04
1.015875700000000048e+00 7.675870834574138280e+04
1.026722700000000099e+00 7.668530055579412146e+04
1.037483399999999945e+00 7.661726139924069867e+04
1.048158399999999935e+00 7.657132406302790332e+04
1.058748599999999929e+00 7.653169224773156748e+04
1.069254399999999938e+00 7.646102293021828518e+04
1.079676800000000103e+00 7.642600622175137687e+04
1.090016199999999991e+00 7.635382411253661849e+04
1.100273400000000068e+00 7.631489667827796075e+04
1.110449100000000078e+00 7.626645522629916377e+04
1.120543899999999926e+00 7.624807049098727293e+04
1.130558399999999963e+00 7.619194200087517675e+04
1.140493399999999991e+00 7.615015895753230143e+04
1.150349499999999914e+00 7.611392623011438991e+04
1.160127300000000083e+00 7.611428060162263864e+04
1.169827399999999962e+00 7.606996148725895910e+04
1.179450499999999957e+00 7.604012257943188888e+04
1.188997199999999976e+00 7.603569730446733593e+04
1.198468199999999984e+00 7.603756703788870072e+04
1.207863899999999990e+00 7.601433652450679801e+04
1.217185200000000078e+00 7.600053437753305479e+04
1.226432500000000037e+00 7.598857102818285057e+04
1.235606500000000052e+00 7.599538899515818048e+04
1.244707699999999972e+00 7.599868629718010197e+04
1.253736900000000043e+00 7.602624866900697816e+04
1.262694399999999995e+00 7.601649505574512295e+04
1.271581000000000072e+00 7.601955079017511162e+04
1.280397199999999902e+00 7.606659802970243618e+04
1.289143499999999998e+00 7.605810658722756489e+04
1.297820600000000102e+00 7.606483175611056504e+04
1.306429000000000062e+00 7.608561106885250774e+04
1.314969300000000008e+00 7.612557142579670472e+04
1.323442100000000066e+00 7.617631389099372609e+04
1.331847800000000026e+00 7.618273624007667240e+04
1.340187000000000017e+00 7.621620311810319254e+04
1.348460299999999945e+00 7.624220185335687711e+04
1.356668200000000102e+00 7.627684643644803145e+04
1.364811299999999950e+00 7.629478980235931522e+04
1.372889999999999944e+00 7.634684056592202978e+04
1.380905000000000049e+00 7.640708875841611007e+04
1.388856599999999997e+00 7.643625585313379997e+04
1.396745499999999973e+00 7.647506119787001808e+04
1.404572200000000048e+00 7.652399261352591566e+04
1.412337100000000012e+00 7.656919519981894700e+04
1.420040699999999934e+00 7.659358130638366856e+04
1.427683700000000000e+00 7.662686196848994587e+04
1.435266399999999942e+00 7.668144719770387746e+04
1.442789400000000111e+00 7.670823482090543257e+04
1.450253100000000073e+00 7.675964858400661615e+04
1.457658099999999957e+00 7.682484262959900661e+04
1.465004699999999938e+00 7.684194620130164549e+04
1.472293599999999980e+00 7.687960609165526694e+04
1.479525100000000037e+00 7.691682044484403741e+04
1.486699800000000016e+00 7.695908916503192449e+04
1.493818099999999927e+00 7.699312465983105358e+04
1.500880500000000062e+00 7.703914248128466716e+04
1.507887399999999989e+00 7.707603252436054754e+04
1.514839199999999941e+00 7.709792694425575610e+04
1.521736600000000106e+00 7.715306044549269427e+04
1.528579799999999933e+00 7.718363646275340579e+04
1.535369299999999937e+00 7.718889544680023391e+04
1.542105599999999965e+00 7.719920228094694903e+04
1.548789100000000030e+00 7.721881732701149303e+04
1.555420299999999978e+00 7.724500805307998962e+04
1.561999600000000044e+00 7.726658799548764364e+04
1.568527400000000016e+00 7.731812642892387521e+04
1.575004099999999907e+00 7.733489884234026249e+04
1.581430099999999950e+00 7.733419310976483393e+04
1.587806000000000051e+00 7.735542436097572499e+04
1.594132000000000104e+00 7.734305434638193401e+04
1.600408599999999959e+00 7.735686549787499825e+04
1.606636200000000070e+00 7.736256310255604330e+04
1.612815300000000063e+00 7.735303307879414933e+04
1.618946100000000055e+00 7.736285057810945727e+04
1.625029199999999951e+00 7.736465650537333568e+04
1.631064899999999929e+00 7.736759644294742611e+04
1.637053599999999998e+00 7.736953815329467761e+04
1.642995699999999948e+00 7.736392140356493474e+04
1.648891600000000013e+00 7.737328403161036840e+04
1.654741599999999924e+00 7.735821544393181102e+04
1.660546199999999972e+00 7.732392354461272771e+04
1.666305699999999890e+00 7.732806186544611410e+04
1.672020499999999910e+00 7.731656488351248845e+04
1.677691000000000043e+00 7.728449289274278271e+04
1.683317500000000022e+00 7.728251636378213880e+04
1.688900400000000079e+00 7.725557834717954393e+04
1.694440100000000005e+00 7.723759881498114555e+04
1.699936899999999973e+00 7.721260007141645474e+04
1.705391199999999996e+00 7.718511169196337869e+04
1.710803400000000085e+00 7.715424984367565776e+04
1.716173699999999913e+00 7.713051996784709627e+04
1.721502599999999994e+00 7.710536598903498088e+04
1.726790400000000059e+00 7.707647931319019699e+04
1.732037400000000060e+00 7.703612831467825163e+04
1.737244000000000010e+00 7.700148453896364663e+04
1.742410500000000084e+00 7.696435214333198383e+04
1.747537300000000071e+00 7.692486393041547853e+04
1.752624600000000088e+00 7.687893746676325100e+04
1.757672899999999983e+00 7.683649210949681583e+04
1.762682400000000094e+00 7.679541201295380597e+04
1.767653499999999989e+00 7.676031351939309388e+04
1.772586500000000065e+00 7.669928465865518956e+04
1.777481700000000053e+00 7.665675475202851521e+04
1.782339399999999907e+00 7.661477156825645943e+04
1.787160000000000082e+00 7.657318634917517193e+04
1.791943800000000087e+00 7.653344737707749300e+04
1.796691000000000038e+00 7.646351564523592242e+04
1.801401999999999948e+00 7.640537203198613133e+04
1.806077099999999991e+00 7.634432285063521704e+04
1.810716599999999898e+00 7.628341976980929030e+04
1.815320800000000068e+00 7.622260510729905218e+04
1.819890000000000008e+00 7.616993453992405557e+04
1.824424499999999894e+00 7.611438913641530962e+04
1.828924599999999900e+00 7.607949515423041885e+04
1.833390499999999923e+00 7.600926248461331124e+04
1.837822700000000031e+00 7.596170293080044212e+04
1.842221300000000062e+00 7.590163118432098418e+04
1.846586599999999967e+00 7.582300506470726395e+04
1.850918999999999981e+00 7.574953866672342701e+04
1.855218699999999998e+00 7.568304375667986460e+04
1.859485999999999972e+00 7.561956297304228065e+04
1.863721200000000078e+00 7.556397766986275383e+04
1.867924499999999988e+00 7.546628483133674308e+04
1.872096200000000099e+00 7.540437543284894491e+04
1.876236699999999979e+00 7.535837098497552506e+04
1.880346099999999909e+00 7.528697790460853139e+04
1.884424700000000064e+00 7.517641539662169816e+04
1.888472799999999951e+00 7.511346232305212470e+04
1.892490699999999970e+00 7.502362420258864586e+04
1.896478600000000014e+00 7.495687998724853969e+04
1.900436800000000037e+00 7.487120834562540404e+04
1.904365499999999933e+00 7.480785197612609772e+04
1.908265000000000100e+00 7.472687262159158126e+04
1.912135600000000046e+00 7.463729043488547904e+04
1.915977499999999889e+00 7.457887187210370030e+04
1.919790899999999967e+00 7.447735225384429214e+04
1.923576100000000011e+00 7.438499610166440834e+04
1.927333299999999916e+00 7.430374216326717578e+04
1.931062899999999916e+00 7.422627795491446159e+04
1.934765000000000068e+00 7.413071891521941870e+04
1.938439800000000046e+00 7.405507721366392798e+04
1.942087700000000083e+00 7.396240194338749279e+04
1.945708800000000016e+00 7.388571391381823923e+04
1.949303400000000019e+00 7.379979862735775532e+04
1.952871699999999988e+00 7.370395302297607122e+04
1.956414000000000097e+00 7.362049192915228195e+04
1.959930500000000020e+00 7.354665748867433285e+04
1.963421300000000036e+00 7.344741535069682868e+04
1.966886799999999935e+00 7.334742757791501936e+04
1.970327200000000056e+00 7.324121176565333735e+04
1.973742600000000014e+00 7.315082005278416909e+04
1.977133400000000041e+00 7.305937853196790093e+04
1.980499699999999974e+00 7.295582717071664229e+04
1.983841699999999930e+00 7.285276880774086749e+04
1.987159799999999921e+00 7.277575481680501252e+04
1.990453999999999946e+00 7.268892867802148976e+04
1.993724499999999900e+00 7.258188311883169808e+04
1.996971800000000075e+00 7.248795750728245184e+04
2.000195800000000190e+00 7.236091621974296868e+04
2.003396799999999978e+00 7.225304291417905188e+04
2.006575100000000056e+00 7.215197880389762577e+04
2.009730900000000098e+00 7.203324988131163991e+04
2.012864299999999940e+00 7.193524577593382855e+04
2.015975500000000142e+00 7.183488142717750452e+04
2.019064800000000215e+00 7.172961893045422039e+04
2.022132399999999830e+00 7.163113346353314409e+04
2.025178499999999993e+00 7.153309406857348222e+04
2.028203099999999814e+00 7.141176240779212094e+04
2.031206699999999810e+00 7.128660222352815617e+04
2.034189299999999978e+00 7.117421579146683507e+04
2.037151099999999992e+00 7.106891995427943766e+04
2.040092399999999806e+00 7.096062478610542894e+04
2.043013300000000143e+00 7.085022769076761324e+04
2.045913999999999788e+00 7.072880857789164293e+04
2.048794800000000027e+00 7.060824036930696457e+04
2.051655699999999971e+00 7.050940565668714407e+04
2.054497000000000018e+00 7.039885496642750513e+04
2.057318899999999839e+00 7.026594971134878870e+04
2.060121500000000161e+00 7.016031157158834685e+04
2.062905100000000047e+00 7.002875795836556063e+04
2.065669799999999778e+00 6.994071785482121049e+04
2.068415700000000079e+00 6.981767377214279259e+04
2.071143199999999851e+00 6.970246206517776591e+04
2.073852299999999982e+00 6.959672620693114004e+04
2.076543200000000144e+00 6.946890386100389878e+04
2.079216100000000012e+00 6.932918018603161909e+04
2.081871200000000144e+00 6.920127916790029849e+04
2.084508599999999934e+00 6.908341534203542687e+04
2.087128599999999778e+00 6.893938518529798603e+04
2.089731200000000122e+00 6.882684148779035604e+04
2.092316700000000029e+00 6.870592057501664385e+04
2.094885300000000061e+00 6.857862660621356918e+04
2.097437000000000218e+00 6.847495614396531892e+04
2.099972100000000008e+00 6.834938552393560531e+04
2.102490700000000157e+00 6.822376670335797826e+04
2.104993100000000172e+00 6.810888778499429463e+04
2.107479200000000219e+00 6.797713259670720436e+04
2.109949400000000086e+00 6.784959106647755834e+04
2.112403800000000054e+00 6.773417997163253312e+04
2.114842499999999959e+00 6.761430052123316273e+04
2.117265600000000081e+00 6.747784197389092878e+04
2.119673500000000210e+00 6.733089473037874268e+04
2.122066100000000066e+00 6.721152414067905920e+04
2.124443700000000046e+00 6.708435179607804457e+04
2.126806499999999822e+00 6.694580871161834511e+04
2.129154499999999839e+00 6.681750909800874069e+04
2.131487900000000213e+00 6.670130410151297110e+04
2.133806900000000173e+00 6.657062787302372453e+04
2.136111699999999836e+00 6.644901701833249535e+04
2.138402300000000089e+00 6.630718595518522488e+04
2.140678900000000162e+00 6.618828879348371993e+04
2.142941800000000008e+00 6.607424455826234771e+04
2.145190899999999790e+00 6.594580116668214032e+04
2.147426499999999905e+00 6.580913518648192985e+04
2.149648700000000190e+00 6.567109418313890637e+04
2.151857699999999873e+00 6.553394709531935951e+04
2.154053600000000124e+00 6.540979288821342197e+04
2.156236600000000170e+00 6.530220428709266707e+04
2.158406700000000011e+00 6.517963625763521122e+04
2.160564200000000046e+00 6.505759291503342683e+04
2.162709099999999829e+00 6.491189723288241657e+04
2.164841599999999922e+00 6.478413401196053746e+04
2.166961899999999996e+00 6.466032508878916269e+04
2.169070099999999890e+00 6.451726014067784126e+04
2.171166299999999882e+00 6.439720592503075750e+04
2.173250700000000091e+00 6.429081523341369029e+04
2.175323300000000071e+00 6.416527478929481731e+04
2.177384400000000220e+00 6.403654943625847227e+04
2.179434099999999930e+00 6.391782666406159115e+04
2.181472400000000089e+00 6.379244297136420209e+04
2.183499600000000207e+00 6.364867822762382275e+04
2.185515699999999839e+00 6.353480971065494668e+04
2.187520999999999827e+00 6.340430247772749135e+04
2.189515399999999890e+00 6.329431909659080702e+04
2.191499299999999817e+00 6.318568177804863080e+04
2.193472600000000217e+00 6.307068407107458916e+04
2.195435499999999873e+00 6.292445167650389340e+04
2.197388099999999955e+00 6.281058924035802920e+04
2.199330699999999972e+00 6.269696084473889641e+04
2.201263200000000086e+00 6.256349031513161026e+04
2.203185799999999972e+00 6.244652595679004298e+04
2.205098700000000189e+00 6.233158525420720252e+04
2.207002000000000130e+00 6.221933952537122968e+04
2.208895699999999795e+00 6.209867626735611702e+04
2.210780100000000026e+00 6.196965055353337084e+04
2.212655199999999933e+00 6.185282668886349711e+04
2.214521099999999798e+00 6.174313718297712330e+04
2.216378100000000018e+00 6.161468034672074282e+04
2.218226099999999867e+00 6.151240280615862866e+04
2.220065400000000189e+00 6.140116673825647013e+04
2.221896000000000093e+00 6.128453608076014643e+04
2.223718100000000142e+00 6.117883907570668816e+04
2.225531800000000171e+00 6.107684086661991751e+04
2.227337100000000181e+00 6.096194000608027272e+04
2.229134300000000124e+00 6.085175683062842290e+04
2.230923400000000001e+00 6.074099470053789264e+04
2.232704599999999928e+00 6.062564212232403224e+04
2.234477899999999906e+00 6.052757260769081768e+04
2.236243500000000051e+00 6.042073555265633331e+04
2.238001500000000199e+00 6.031378222431727772e+04
2.239752000000000187e+00 6.020817977696834714e+04
2.241495200000000132e+00 6.010797797144510696e+04
2.243231100000000033e+00 6.001873615179419721e+04
2.244959800000000172e+00 5.991473554083982890e+04
2.246681500000000220e+00 5.981033042337599909e+04
2.248396200000000178e+00 5.971283949873493111e+04
2.250104199999999999e+00 5.961540255093807355e+04
2.251805500000000126e+00 5.952815257073321845e+04
2.253500100000000117e+00 5.942651534119356802e+04
2.255188299999999924e+00 5.933110412507975707e+04
2.256870099999999990e+00 5.922988774779610685e+04
2.258545699999999989e+00 5.913753029436632642e+04
2.260215099999999921e+00 5.904570888190183905e+04
2.261878400000000067e+00 5.895967768564538710e+04
2.263535899999999934e+00 5.886944202201071312e+04
2.265187500000000131e+00 5.880048230685559247e+04
2.266833399999999887e+00 5.871637899065267993e+04
2.268473600000000090e+00 5.862909012493876071e+04
2.270108399999999804e+00 5.853013274441988324e+04
2.271737700000000082e+00 5.845034069247562729e+04
2.273361799999999988e+00 5.837008140018241102e+04
2.274980699999999967e+00 5.828445043042372708e+04
2.276594499999999854e+00 5.820466698477327009e+04
2.278203299999999931e+00 5.814432275169994682e+04
2.279807299999999870e+00 5.807093437480286229e+04
2.281406399999999834e+00 5.800046264982633147e+04
2.283001000000000058e+00 5.792899642881415639e+04
2.284590899999999980e+00 5.785076886510450277e+04
2.286176399999999997e+00 5.777823040557558124e+04
2.287757599999999947e+00 5.771359447134860238e+04
2.289334499999999828e+00 5.764778795276289748e+04
2.290907199999999921e+00 5.757363659678660770e+04
2.292475899999999900e+00 5.749953468428210181e+04
2.294040700000000044e+00 5.742619245733950811e+04
2.295601599999999909e+00 5.737220354084952851e+04
2.297158800000000056e+00 5.730251279921649984e+04
2.298712300000000042e+00 5.725247230077894346e+04
2.300262299999999982e+00 5.719685415045685659e+04
2.301808900000000158e+00 5.713776074954694195e+04
2.303352100000000124e+00 5.707266152584987867e+04
2.304892099999999999e+00 5.701934522158849722e+04
2.306429000000000062e+00 5.695957204829207330e+04
2.307962799999999870e+00 5.691989746232384641e+04
2.309493699999999983e+00 5.687043178356881981e+04
2.311021799999999793e+00 5.681385451600921078e+04
2.312547100000000189e+00 5.677433490135822649e+04
2.314069799999999955e+00 5.672720896446905681e+04
2.315589899999999979e+00 5.669072946201021114e+04
2.317107599999999934e+00 5.664262690166004904e+04
2.318623000000000101e+00 5.661091978254314017e+04
2.320136100000000035e+00 5.656658142895164929e+04
2.321647099999999853e+00 5.652540698840867844e+04
2.323155999999999999e+00 5.648541325987831806e+04
2.324663000000000146e+00 5.644868639880672708e+04
2.326168200000000130e+00 5.641672348484348186e+04
2.327671599999999952e+00 5.638972041345418256e+04
2.329173299999999891e+00 5.637297040157837910e+04
2.330673500000000065e+00 5.634495559526213765e+04
2.332172200000000029e+00 5.631528935436846223e+04
2.333669599999999900e+00 5.629504543451788049e+04
2.335165700000000122e+00 5.627134130498509330e+04
2.336660699999999924e+00 5.625177252557494648e+04
2.338154499999999913e+00 5.623608569266813720e+04
2.339647499999999880e+00 5.621972033601362637e+04
2.341139500000000151e+00 5.619653715512803319e+04
2.342630799999999791e+00 5.619129100915572053e+04
2.344121299999999852e+00 5.617119807531438710e+04
2.345611299999999844e+00 5.615109984749912837e+04
2.347100800000000209e+00 5.613724977396916074e+04
2.348590000000000177e+00 5.612593733516109205e+04
2.350078799999999912e+00 5.626333124373759347e+04
2.351567199999999858e+00 6.188099786809938087e+04
2.353056000000000036e+00 8.676573862015029590e+04
2.354205100000000161e+00 1.905080320079656085e+05
2.355351100000000031e+00 2.259048745143559063e+05
2.356494200000000205e+00 2.514550555599027139e+05
2.357634399999999797e+00 2.732942714695376926e+05
2.358771599999999857e+00 2.944759400292785140e+05
2.359905899999999779e+00 3.157763974182130187e+05
2.361037399999999842e+00 3.357094085069929133e+05
2.362166100000000046e+00 3.541557346986780176e+05
2.363291999999999948e+00 3.721431196981252870e+05
2.364415099999999992e+00 3.893309786425224156e+05
2.365535400000000177e+00 4.068498408776237047e+05
2.366653100000000176e+00 4.210885457045556977e+05
2.367768100000000153e+00 4.335288589832282742e+05
2.368880400000000108e+00 4.471206733776663896e+05
2.369990099999999877e+00 4.584971429855952738e+05
2.371097199999999905e+00 4.693669040896103834e+05
2.372201800000000027e+00 4.770333065544359270e+05
2.373303700000000127e+00 4.883353017752136220e+05
2.374403200000000158e+00 4.961473205566515098e+05
2.375500199999999840e+00 5.040975568199122790e+05
2.376594700000000060e+00 5.112346991926279152e+05
2.377686800000000211e+00 5.179890374161952059e+05
2.378776499999999849e+00 5.240500677459266735e+05
2.379863799999999863e+00 5.295787733397036791e+05
2.380948800000000087e+00 5.329370223958896240e+05
2.382031399999999799e+00 5.376147193504513707e+05
2.383111700000000166e+00 5.418345707924984163e+05
2.384189699999999856e+00 5.462970355038121343e+05
2.385265500000000038e+00 5.494213781146885594e+05
2.386338999999999988e+00 5.531466246074339142e+05
2.387410299999999985e+00 5.576956792190992273e+05
2.388479499999999867e+00 5.577426100181151414e+05
2.389546399999999959e+00 5.628531872884499608e+05
2.390611300000000217e+00 5.621295724506301340e+05
2.391674000000000078e+00 5.661848535467479378e+05
2.392734700000000103e+00 5.672367647730080644e+05
2.393793300000000013e+00 5.672944878221062245e+05
2.394849900000000087e+00 5.680776092150042532e+05
2.395904400000000045e+00 5.693810617142128758e+05
2.396957000000000004e+00 5.697035408356798580e+05
2.398007499999999848e+00 5.728944924196667271e+05
2.399056199999999972e+00 5.716062645380331669e+05
2.400102899999999817e+00 5.720597889348218450e+05
2.401147700000000107e+00 5.728498372022010153e+05
2.402190599999999954e+00 5.747335989611302502e+05
2.403231700000000082e+00 5.748265205737603828e+05
2.404271000000000047e+00 5.727564460624720668e+05
2.405308400000000013e+00 5.733655690712762298e+05
2.406343999999999816e+00 5.754947329284418374e+05
2.407377900000000182e+00 5.752122145531969145e+05
2.408410100000000220e+00 5.729525310201335233e+05
2.409440500000000096e+00 5.733767055284583475e+05
2.410469200000000090e+00 5.729767254876396619e+05
2.411496200000000201e+00 5.734981877653639531e+05
2.412521499999999985e+00 5.756008521099905483e+05
2.413545300000000005e+00 5.725429564355538459e+05
2.414567400000000141e+00 5.729124023036687868e+05
2.415587899999999788e+00 5.724797112249345519e+05
2.416606799999999833e+00 5.743815305463030236e+05
2.417624200000000112e+00 5.718171939681224758e+05
2.418639999999999901e+00 5.737602888896884397e+05
2.419654299999999925e+00 5.734180362856532447e+05
2.420667200000000019e+00 5.704701839990444714e+05
2.421678500000000067e+00 5.712231049691322260e+05
2.422688400000000186e+00 5.709416411270564422e+05
2.423696800000000096e+00 5.723994439895782853e+05
2.424703899999999912e+00 5.701674664979348890e+05
2.425709499999999963e+00 5.717607253667907789e+05
2.426713799999999921e+00 5.695790769135189475e+05
2.427716699999999950e+00 5.695542925515617244e+05
2.428718299999999886e+00 5.689322813436547294e+05
2.429718499999999892e+00 5.708793197556445375e+05
2.430717500000000086e+00 5.681031710640173405e+05
2.431715099999999907e+00 5.699341214078511111e+05
2.432711499999999916e+00 5.698487755407404620e+05
2.433706700000000112e+00 5.692289096000690479e+05
2.434700700000000051e+00 5.668350542765518185e+05
2.435693399999999897e+00 5.670063310912593734e+05
2.436684899999999931e+00 5.686305303179585608e+05
2.437675299999999989e+00 5.682543483747952851e+05
2.438664600000000071e+00 5.658438224016109016e+05
2.439652699999999896e+00 5.654059962772062281e+05
2.440639599999999909e+00 5.676447593647408066e+05
2.441625499999999782e+00 5.674622352700608317e+05
2.442610399999999959e+00 5.646888141744609457e+05
2.443594099999999880e+00 5.666547306243979838e+05
2.444576800000000105e+00 5.663915688271461986e+05
2.445558500000000191e+00 5.660439560561922844e+05
2.446539200000000136e+00 5.656303498243684880e+05
2.447518899999999942e+00 5.659484456932761241e+05
2.448497699999999888e+00 5.633436694643399678e+05
2.449475500000000139e+00 5.633726001673440915e+05
2.450452299999999806e+00 5.650871701071878197e+05
2.451428299999999894e+00 5.623743466073657619e+05
2.452403299999999842e+00 5.633139644218269968e+05
2.453377500000000211e+00 5.619484398747027153e+05
2.454350699999999996e+00 5.644259368031345075e+05
2.455323200000000039e+00 5.620592647663220996e+05
2.456294799999999778e+00 5.638852615891019814e+05
2.457265599999999939e+00 5.633325565096662613e+05
2.458235600000000076e+00 5.635521182886237511e+05
2.459204900000000027e+00 5.610120928039178252e+05
2.460173300000000118e+00 5.631392925305321114e+05
2.461141099999999859e+00 5.605619396305150585e+05
2.462108100000000022e+00 5.606678647068747086e+05
2.463074399999999997e+00 5.606903025100262603e+05
2.464039999999999786e+00 5.602090695916877594e+05
2.465004899999999832e+00 5.605786567711249227e+05
2.465969100000000136e+00 5.624706711986226728e+05
2.466932799999999926e+00 5.593703714876070153e+05
2.467895700000000136e+00 5.617638932351593394e+05
2.468858099999999833e+00 5.614010036402685801e+05
2.469819900000000068e+00 5.610022774369256804e+05
2.470781099999999952e+00 5.613349402713818708e+05
2.471741800000000211e+00 5.592090486271249829e+05
2.472701900000000119e+00 5.591195431806381093e+05
2.473661499999999958e+00 5.588302361805646215e+05
2.474620499999999890e+00 5.607043229966131039e+05
2.475579100000000032e+00 5.604288981055131881e+05
2.476537200000000105e+00 5.584724893413702957e+05
2.477494800000000108e+00 5.601184265195704065e+05
2.478451999999999877e+00 5.602351053005381254e+05
2.479408799999999857e+00 5.578670167367167305e+05
2.480365100000000211e+00 5.602525390290556243e+05
2.481321100000000168e+00 5.575210337845637696e+05
2.482276600000000055e+00 5.596872050442210166e+05
2.483231799999999989e+00 5.596921705261715688e+05
2.484186699999999970e+00 5.573933134923509788e+05
2.485141200000000161e+00 5.576108670917444397e+05
2.486095399999999955e+00 5.577813358731834451e+05
2.487049299999999796e+00 5.574837762797147734e+05
2.488002900000000128e+00 5.572539444171743235e+05
2.488956200000000063e+00 5.590856243113189703e+05
2.489909299999999881e+00 5.591145972877225140e+05
2.490862200000000026e+00 5.564533856659013545e+05
2.491814800000000218e+00 5.569708301253918326e+05
2.492767199999999850e+00 5.587360821994106518e+05
2.493719399999999808e+00 5.586046620776688214e+05
2.494671499999999931e+00 5.567409764487908687e+05
2.495623399999999936e+00 5.570044087938893354e+05
2.496575200000000105e+00 5.562326653846061090e+05
2.497526800000000158e+00 5.566072056083603529e+05
2.498478299999999930e+00 5.585941268551774556e+05
2.499429699999999865e+00 5.584088770222350722e+05
2.500381099999999801e+00 5.562500832450297894e+05
2.501332399999999900e+00 5.560914318600579863e+05
2.502283600000000163e+00 5.560938617286932422e+05
2.503234799999999982e+00 5.029042085272534750e+05
2.504185999999999801e+00 6.503105772911752574e+05
