0	3347.733398
0.00132113	3202.653809
0.00264226	3057.574463
0.003963391	2912.496582
0.005284521	2767.416016
0.006605651	2622.338623
0.007926782	2477.258789
0.009247911	2332.178955
0.010569041	2245.667236
0.011890172	2224.62207
0.013211303	2203.576904
0.014532432	2182.531494
0.015853564	2161.486084
0.017174694	2140.44043
0.018495821	2119.39502
0.019816953	2098.349854
0.021138083	2094.087891
0.022459212	2091.380371
0.023780344	2088.672607
0.025101474	2085.9646
0.026422605	2083.257324
0.027743735	2080.549561
0.029064865	2077.841797
0.030385996	2075.705322
0.031707128	2074.730225
0.033028256	2073.755371
0.034349387	2072.780029
0.035670515	2071.805176
0.036991643	2070.830078
0.038312774	2069.85498
0.039633906	2068.880127
0.040955037	2067.982178
0.042276165	2067.114746
0.043597297	2066.247559
0.044918425	2065.380615
0.04623956	2064.513428
0.047560688	2063.64624
0.048881819	2062.778809
0.050202947	2061.913086
0.051524075	2061.066895
0.05284521	2060.220703
0.054166338	2059.374268
0.05548747	2058.528076
0.056808598	2057.681641
0.058129729	2056.835449
0.059450857	2055.989014
0.060771992	2055.178955
0.06209312	2054.422119
0.063414255	2053.665527
0.06473538	2052.908936
0.066056511	2052.1521
0.067377643	2051.395264
0.068698774	2050.638428
0.070019898	2049.881592
0.07134103	2049.252197
0.072662161	2048.675781
0.073983286	2048.099365
0.075304417	2047.522949
0.076625549	2046.946533
0.077946688	2046.370361
0.079267812	2045.793823
0.080588943	2045.217407
0.081910075	2044.80188
0.083231207	2044.389648
0.084552331	2043.977295
0.085873462	2043.564941
0.087194594	2043.152588
0.088515718	2042.740479
0.089836849	2042.328125
0.091157981	2041.931152
0.09247912	2041.585693
0.093800244	2041.23999
0.095121376	2040.894409
0.096442507	2040.548706
0.097763639	2040.203125
0.099084763	2039.857422
0.100405895	2039.511841
0.101727026	2039.180298
0.10304815	2038.865601
0.104369282	2038.550903
0.105690421	2038.236328
0.107011552	2037.921631
0.108332676	2037.606812
0.109653808	2037.292114
0.11097494	2036.977417
0.112296064	2036.67395
0.113617195	2036.376465
0.114938327	2036.079102
0.116259458	2035.781738
0.117580583	2035.484253
0.118901714	2035.186768
0.120222853	2034.889526
0.121543985	2034.592041
0.122865109	2034.315552
0.12418624	2034.043701
0.125507364	2033.771729
0.126828511	2033.5
0.128149628	2033.228149
0.129470759	2032.956299
0.130791891	2032.684326
0.132113022	2032.412598
0.133434154	2032.157227
0.134755285	2031.90271
0.136076402	2031.647949
0.137397548	2031.393433
0.138718665	2031.138794
0.140039797	2030.884155
0.141360943	2030.629639
0.14268206	2030.375977
0.144003191	2030.132813
0.145324323	2029.889404
0.146645455	2029.646118
0.147966571	2029.40271
0.149287718	2029.159668
0.150608834	2028.91626
0.151929981	2028.672974
0.153251097	2028.432617
0.154572229	2028.206421
0.155893375	2027.980103
0.157214492	2027.753662
0.158535624	2027.527466
0.159856755	2027.301025
0.161177887	2027.074707
0.162499004	2026.848267
0.16382015	2026.626343
0.165141267	2026.417114
0.166462413	2026.20813
0.16778353	2025.998779
0.169104661	2025.789795
0.170425808	2025.580688
0.171746924	2025.37146
0.173068056	2025.162354
0.174389188	2024.95752
0.175710319	2024.762939
0.177031436	2024.567993
0.178352582	2024.373291
0.179673699	2024.178345
0.180994845	2023.983643
0.182315962	2023.788696
0.183637094	2023.593994
0.18495824	2023.402466
0.186279357	2023.217529
0.187600488	2023.032837
0.18892162	2022.8479
0.190242751	2022.663086
0.191563868	2022.478271
0.192885015	2022.293457
0.194206131	2022.108521
0.195527278	2021.92749
0.196848394	2021.753906
0.198169526	2021.580322
0.199490672	2021.40686
0.200811789	2021.233276
0.202132921	2021.059692
0.203454052	2020.88623
0.204775184	2020.712769
0.2060963	2020.542847
0.207417447	2020.381348
0.208738564	2020.219727
0.210059695	2020.058228
0.211380842	2019.896729
0.212701958	2019.735107
0.214023105	2019.573608
0.215344221	2019.411987
0.216665353	2019.253418
0.217986484	2019.102417
0.219307616	2018.951538
0.220628733	2018.800537
0.221949879	2018.649658
0.223270996	2018.498779
0.224592127	2018.347778
0.225913274	2018.196899
0.227234391	2018.047974
0.228555537	2017.906494
0.229876654	2017.765015
0.231197785	2017.623657
0.232518917	2017.482056
0.233840048	2017.340576
0.235161165	2017.199097
0.236482311	2017.057617
0.237803428	2016.917236
0.23912456	2016.784668
0.240445706	2016.652222
0.241766823	2016.519653
0.243087969	2016.387207
0.244409086	2016.254639
0.245730218	2016.12207
0.247051349	2015.989502
0.248372481	2015.8573
0.249693597	2015.734253
0.251014729	2015.61145
0.25233589	2015.488525
0.253657022	2015.365601
0.254978124	2015.242554
0.256299255	2015.119751
0.257620387	2014.996826
0.258941518	2014.873901
0.26026265	2014.755615
0.261583781	2014.638062
0.262904913	2014.520386
0.264226044	2014.40271
0.265547146	2014.285034
0.266868308	2014.167358
0.268189439	2014.049683
0.269510571	2013.932129
0.270831702	2013.818848
0.272152804	2013.706787
0.273473936	2013.594971
0.274795097	2013.483154
0.276116228	2013.371338
0.27743733	2013.259399
0.278758462	2013.147583
0.280079594	2013.035645
0.281400755	2012.926514
0.282721886	2012.819336
0.284042988	2012.712036
0.28536412	2012.604858
0.286685251	2012.497559
0.288006383	2012.390381
0.289327514	2012.283081
0.290648646	2012.175781
0.291969778	2012.069824
0.293290909	2011.965576
0.294612011	2011.861206
0.295933143	2011.756958
0.297254304	2011.65271
0.298575435	2011.548462
0.299896567	2011.444214
0.301217669	2011.339844
0.3025388	2011.236084
0.303859962	2011.134277
0.305181093	2011.032471
0.306502195	2010.930542
0.307823327	2010.828735
0.309144458	2010.726929
0.31046559	2010.625122
0.311786751	2010.523315
0.313107853	2010.421509
0.314428984	2010.32251
0.315750116	2010.223511
0.317071247	2010.124634
0.318392379	2010.025513
0.319713511	2009.926636
0.321034642	2009.827637
0.322355774	2009.72876
0.323676876	2009.629639
0.324998007	2009.534424
0.326319168	2009.440308
0.3276403	2009.346313
0.328961431	2009.252197
0.330282533	2009.158081
0.331603665	2009.063965
0.332924826	2008.969971
0.334245958	2008.875854
0.33556706	2008.785034
0.336888191	2008.697632
0.338209323	2008.610229
0.339530454	2008.522949
0.340851615	2008.435547
0.342172717	2008.348022
0.343493849	2008.26062
0.34481498	2008.173218
0.346136112	2008.08728
0.347457244	2008.005981
0.348778375	2007.924805
0.350099507	2007.843506
0.351420638	2007.762451
0.35274177	2007.681274
0.354062872	2007.599976
0.355384033	2007.518799
0.356705164	2007.4375
0.358026296	2007.359375
0.359347398	2007.281372
0.36066853	2007.203369
0.361989691	2007.125366
0.363310822	2007.047363
0.364631924	2006.969238
0.365953056	2006.891357
0.367274187	2006.813354
0.368595319	2006.735474
0.36991648	2006.657593
0.371237582	2006.57959
0.372558714	2006.501709
0.373879845	2006.42395
0.375200977	2006.346069
0.376522108	2006.268066
0.37784324	2006.190308
0.379164371	2006.112183
0.380485503	2006.033447
0.381806634	2005.954712
0.383127736	2005.875977
0.384448898	2005.797241
0.385770029	2005.718628
0.387091161	2005.639893
0.388412263	2005.561157
0.389733394	2005.482422
0.391054555	2005.404785
0.392375687	2005.327148
0.393696789	2005.24939
0.39501792	2005.171753
0.396339052	2005.094116
0.397660183	2005.016357
0.398981345	2004.938721
0.400302447	2004.860962
0.401623578	2004.78479
0.40294471	2004.709229
0.404265841	2004.633789
0.405586943	2004.558228
0.406908104	2004.482788
0.408229236	2004.407227
0.409550367	2004.331787
0.410871499	2004.256226
0.412192601	2004.181763
0.413513762	2004.109741
0.414834894	2004.037842
0.416156025	2003.965942
0.417477127	2003.893921
0.418798259	2003.822021
0.42011939	2003.75
0.421440551	2003.678101
0.422761683	2003.606201
0.424082785	2003.537842
0.425403916	2003.469727
0.426725048	2003.401733
0.428046209	2003.333618
0.429367311	2003.265503
0.430688443	2003.19751
0.432009574	2003.129517
0.433330706	2003.061401
0.434651808	2002.995117
0.435972969	2002.930176
0.437294101	2002.865356
0.438615232	2002.800537
0.439936364	2002.735718
0.441257466	2002.670898
0.442578627	2002.605957
0.443899758	2002.541138
0.44522089	2002.476685
0.446541992	2002.413574
0.447863123	2002.350586
0.449184255	2002.28772
0.450505416	2002.224731
0.451826548	2002.161743
0.45314765	2002.098755
0.454468781	2002.035767
0.455789913	2001.972778
0.457111074	2001.9104
0.458432176	2001.848145
0.459753307	2001.786011
0.461074439	2001.723877
0.46239557	2001.661621
0.463716672	2001.599365
0.465037834	2001.537231
0.466358965	2001.474976
0.467680097	2001.412964
0.469001228	2001.351196
0.47032233	2001.289429
0.471643491	2001.227783
0.472964623	2001.166016
0.474285754	2001.10437
0.475606856	2001.042603
0.476927988	2000.980835
0.478249119	2000.919189
0.479570281	2000.858398
0.480891412	2000.797729
0.482212514	2000.737061
0.483533646	2000.676392
0.484854777	2000.615845
0.486175938	2000.555176
0.48749704	2000.494507
0.488818172	2000.433838
0.490139303	2000.374023
0.491460435	2000.315186
0.492781567	2000.256348
0.494102698	2000.19751
0.49542383	2000.138672
0.496744961	2000.079834
0.498066122	2000.020996
0.499387195	1999.962036
0.500708326	1999.90332
0.502029458	1999.846802
0.503350589	1999.790283
0.50467178	1999.733765
0.505992912	1999.677246
0.507314043	1999.620728
0.508635116	1999.564087
0.509956247	1999.507568
0.511277379	1999.45105
0.51259851	1999.395874
0.513919642	1999.341675
0.515240773	1999.287476
0.516561905	1999.233154
0.517883037	1999.178955
0.519204168	1999.124634
0.5205253	1999.070313
0.521846431	1999.016113
0.523167563	1998.962036
0.524488694	1998.909912
0.525809826	1998.857666
0.527130957	1998.80542
0.528452089	1998.753174
0.529773221	1998.700928
0.531094293	1998.648682
0.532415424	1998.596436
0.533736615	1998.544189
0.535057747	1998.493164
0.536378878	1998.442749
0.53770001	1998.392334
0.539021141	1998.341919
0.540342273	1998.291382
0.541663405	1998.240967
0.542984477	1998.190552
0.544305608	1998.140137
0.54562674	1998.089966
0.546947871	1998.041016
0.548269062	1997.992188
0.549590194	1997.943359
0.550911325	1997.894409
0.552232457	1997.845581
0.553553589	1997.796753
0.554874661	1997.747803
0.556195792	1997.698975
0.557516924	1997.650757
0.558838055	1997.603027
0.560159187	1997.555176
0.561480319	1997.507446
0.562801509	1997.459595
0.564122641	1997.411865
0.565443773	1997.364014
0.566764845	1997.316284
0.568085976	1997.268555
0.569407108	1997.221191
0.570728239	1997.173828
0.572049371	1997.126343
0.573370503	1997.078979
0.574691634	1997.031616
0.576012766	1996.984253
0.577333897	1996.93689
0.578655029	1996.889404
0.57997616	1996.842041
0.581297292	1996.794678
0.582618423	1996.747314
0.583939555	1996.699951
0.585260687	1996.652588
0.586581818	1996.605225
0.58790295	1996.557861
0.589224022	1996.510498
0.590545154	1996.463257
0.591866285	1996.41626
0.593187476	1996.369263
0.594508607	1996.322388
0.595829739	1996.275391
0.597150871	1996.228516
0.598472002	1996.181519
0.599793134	1996.134521
0.601114206	1996.087524
0.602435338	1996.041504
0.603756469	1995.99585
0.605077601	1995.950195
0.606398732	1995.904663
0.607719923	1995.859009
0.609041055	1995.813354
0.610362186	1995.7677
0.611683318	1995.722046
0.61300439	1995.67688
0.614325522	1995.633911
0.615646653	1995.59082
0.616967785	1995.547852
0.618288916	1995.504761
0.619610048	1995.461792
0.620931179	1995.418701
0.62225237	1995.375732
0.623573502	1995.332642
0.624894574	1995.29187
0.626215706	1995.252197
0.627536837	1995.212524
0.628857969	1995.172852
0.6301791	1995.133057
0.631500232	1995.093384
0.632821363	1995.053711
0.634142495	1995.014038
0.635463626	1994.974854
0.636784758	1994.937988
0.63810589	1994.901123
0.639427021	1994.864258
0.640748153	1994.827393
0.642069284	1994.790649
0.643390416	1994.753784
0.644711547	1994.716919
0.646032679	1994.680054
0.647353751	1994.644165
0.648674883	1994.608887
0.649996014	1994.573486
0.651317205	1994.538208
0.652638337	1994.50293
0.653959468	1994.467529
0.6552806	1994.432251
0.656601731	1994.396973
0.657922863	1994.361694
0.659243935	1994.326538
0.660565067	1994.291504
0.661886198	1994.25647
0.66320733	1994.221436
0.664528461	1994.186401
0.665849652	1994.151367
0.667170784	1994.116333
0.668491915	1994.081299
0.669813047	1994.046021
0.671134119	1994.01062
0.672455251	1993.975342
0.673776382	1993.939941
0.675097514	1993.904663
0.676418645	1993.869263
0.677739777	1993.833984
0.679060909	1993.798584
0.680382099	1993.763306
0.681703231	1993.727661
0.683024303	1993.692017
0.684345435	1993.656494
0.685666566	1993.62085
0.686987698	1993.585327
0.688308829	1993.549683
0.689629961	1993.514038
0.690951093	1993.478516
0.692272224	1993.442871
0.693593356	1993.407349
0.694914487	1993.371826
0.696235619	1993.336182
0.69755675	1993.300659
0.698877882	1993.265137
0.700199013	1993.229614
0.701520145	1993.194092
0.702841277	1993.158569
0.704162408	1993.123291
0.70548354	1993.088013
0.706804612	1993.052734
0.708125743	1993.017456
0.709446934	1992.982178
0.710768066	1992.946899
0.712089197	1992.911621
0.713410329	1992.876343
0.714731461	1992.841431
0.716052592	1992.806641
0.717373664	1992.771851
0.718694796	1992.737061
0.720015927	1992.702271
0.721337059	1992.66748
0.722658191	1992.63269
0.723979381	1992.5979
0.725300513	1992.56311
0.726621645	1992.529175
0.727942776	1992.495239
0.729263848	1992.461304
0.73058498	1992.427368
0.731906111	1992.393433
0.733227243	1992.359497
0.734548375	1992.325562
0.735869506	1992.291626
0.737190638	1992.258423
0.738511829	1992.225952
0.73983296	1992.193481
0.741154032	1992.161011
0.742475164	1992.12854
0.743796296	1992.096069
0.745117427	1992.063599
0.746438559	1992.031128
0.74775969	1991.998779
0.749080822	1991.968506
0.750401953	1991.938354
0.751723085	1991.908203
0.753044216	1991.87793
0.754365348	1991.847778
0.75568648	1991.817505
0.757007611	1991.787354
0.758328743	1991.75708
0.759649874	1991.728516
0.760971006	1991.701538
0.762292137	1991.674561
0.763613269	1991.647461
0.764934341	1991.620483
0.766255473	1991.593384
0.767576664	1991.566406
0.768897795	1991.539429
0.770218927	1991.512451
0.771540058	1991.488525
0.77286119	1991.464722
0.774182321	1991.440796
0.775503453	1991.416992
0.776824525	1991.393066
0.778145657	1991.369263
0.779466788	1991.345337
0.78078792	1991.321533
0.782109111	1991.298584
0.783430242	1991.276733
0.784751374	1991.254761
0.786072505	1991.23291
0.787393578	1991.210938
0.788714709	1991.189087
0.790035841	1991.167114
0.791356972	1991.145264
0.792678104	1991.123291
0.793999235	1991.101563
0.795320367	1991.079956
0.796641558	1991.058228
0.797962689	1991.036499
0.799283762	1991.014648
0.800604893	1990.99292
0.801926025	1990.971313
0.803247156	1990.949585
0.804568288	1990.927124
0.805889419	1990.903931
0.807210551	1990.880737
0.808531682	1990.857666
0.809852814	1990.834595
0.811173886	1990.811401
0.812495077	1990.788208
0.813816209	1990.765015
0.81513734	1990.741821
0.816458472	1990.71582
0.817779603	1990.689819
0.819100735	1990.663818
0.820421866	1990.637817
0.821742998	1990.611816
0.82306407	1990.585815
0.824385202	1990.559814
0.825706333	1990.533813
0.827027524	1990.506104
0.828348656	1990.477295
0.829669787	1990.448364
0.830990919	1990.419556
0.83231205	1990.390747
0.833633182	1990.361816
0.834954254	1990.332886
0.836275386	1990.304077
0.837596517	1990.275024
0.838917649	1990.244751
0.840238781	1990.214478
0.841559971	1990.184204
0.842881103	1990.153809
0.844202234	1990.123535
0.845523366	1990.093262
0.846844438	1990.062866
0.84816557	1990.032593
0.849486701	1990.002686
0.850807833	1989.9729
0.852128965	1989.943115
0.853450096	1989.91333
0.854771228	1989.883545
0.856092418	1989.853882
0.857413491	1989.823975
0.858734622	1989.794312
0.860055754	1989.765015
0.861376885	1989.737427
0.862698017	1989.709839
0.864019149	1989.682373
0.86534028	1989.654785
0.866661412	1989.627197
0.867982543	1989.599731
0.869303616	1989.572144
0.870624806	1989.544556
0.871945938	1989.519531
0.873267069	1989.495361
0.874588201	1989.471191
0.875909333	1989.447021
0.877230464	1989.422852
0.878551596	1989.398682
0.879872727	1989.374512
0.8811938	1989.35022
0.882514931	1989.327148
0.883836063	1989.306396
0.885157253	1989.285645
0.886478385	1989.264771
0.887799517	1989.244019
0.889120648	1989.223267
0.89044178	1989.202393
0.891762911	1989.181641
0.893083984	1989.160889
0.894405115	1989.141968
0.895726247	1989.123291
0.897047378	1989.104614
0.89836851	1989.08606
0.899689701	1989.067383
0.901010832	1989.048706
0.902331964	1989.030029
0.903653095	1989.011353
0.904974168	1988.99292
0.906295299	1988.974609
0.907616431	1988.956299
0.908937562	1988.937988
0.910258694	1988.9198
0.911579825	1988.901489
0.912900957	1988.883179
0.914222148	1988.86499
0.915543279	1988.846558
0.916864352	1988.827026
0.918185483	1988.807739
0.919506615	1988.78833
0.920827746	1988.768921
0.922148878	1988.749512
0.923470009	1988.730103
0.924791141	1988.710571
0.926112272	1988.691162
0.927433345	1988.670776
0.928754536	1988.649902
0.930075667	1988.62915
0.931396799	1988.608398
0.93271793	1988.587524
0.934039062	1988.566772
0.935360193	1988.545898
0.936681325	1988.525146
0.938002456	1988.50415
0.939323529	1988.482788
0.94064466	1988.461548
0.941965792	1988.440186
0.943286983	1988.418945
0.944608114	1988.397583
0.945929246	1988.376343
0.947250377	1988.355103
0.948571509	1988.33374
0.94989264	1988.31311
0.951213713	1988.29248
0.952534844	1988.271851
0.953855976	1988.251221
0.955177107	1988.230591
0.956498239	1988.209961
0.95781943	1988.189331
0.959140561	1988.168701
0.960461693	1988.148926
0.961782824	1988.129517
0.963103897	1988.110229
0.964425028	1988.09082
0.96574616	1988.071533
0.967067291	1988.052124
0.968388423	1988.032837
0.969709554	1988.01355
0.971030686	1987.994507
0.972351877	1987.976318
0.973673008	1987.95813
0.974994081	1987.939819
0.976315212	1987.921631
0.977636344	1987.903442
0.978957475	1987.885254
0.980278607	1987.867065
0.981599738	1987.848877
0.98292087	1987.831299
0.984242002	1987.813721
0.985563133	1987.796265
0.986884265	1987.778687
0.988205396	1987.761108
0.989526528	1987.74353
0.990847659	1987.725952
0.992168791	1987.708496
0.993489923	1987.69104
0.994811054	1987.673706
0.996132245	1987.65625
0.997453317	1987.638794
0.998774389	1987.62146
1.00009558	1987.604126
1.001416653	1987.586792
1.002737843	1987.569458
1.004058916	1987.552002
1.005379988	1987.534424
1.006701179	1987.51709
1.008022251	1987.499512
1.00934356	1987.482178
1.010664633	1987.4646
1.011985824	1987.447266
1.013306896	1987.429688
1.014628087	1987.412354
1.015949159	1987.394897
1.017270231	1987.377441
1.018591422	1987.359985
1.019912494	1987.342529
1.021233685	1987.325195
1.022554757	1987.307617
1.023875948	1987.290283
1.025197021	1987.272827
1.026518093	1987.255615
1.027839284	1987.238403
1.029160356	1987.221191
1.030481547	1987.203979
1.031802619	1987.186768
1.03312381	1987.169678
1.034444882	1987.152344
1.035766073	1987.135254
1.037087145	1987.118286
1.038408336	1987.10144
1.039729527	1987.084717
1.041050599	1987.067993
1.04237179	1987.05127
1.043692862	1987.034424
1.045014053	1987.017822
1.046335125	1987.000977
1.047656316	1986.984497
1.048977389	1986.968262
1.050298461	1986.952026
1.051619652	1986.935791
1.052940724	1986.919556
1.054261915	1986.903442
1.055582987	1986.887207
1.056904178	1986.870972
1.05822525	1986.854858
1.059546441	1986.839233
1.060867513	1986.823608
1.062188586	1986.807983
1.063509776	1986.79248
1.064830849	1986.776855
1.06615204	1986.76123
1.06747323	1986.745605
1.068794421	1986.730103
1.070115493	1986.714966
1.071436684	1986.699951
1.072757757	1986.684937
1.074078829	1986.669922
1.07540002	1986.654907
1.076721092	1986.639771
1.078042283	1986.624878
1.079363355	1986.609741
1.080684546	1986.595215
1.082005618	1986.580566
1.083326809	1986.566162
1.084647881	1986.551514
1.085968954	1986.536987
1.087290144	1986.522583
1.088611217	1986.507935
1.089932408	1986.49353
1.09125348	1986.479126
1.092574671	1986.465088
1.093895743	1986.45105
1.095216934	1986.43689
1.096538125	1986.422852
1.097859197	1986.408691
1.099180388	1986.394653
1.10050146	1986.380493
1.101822651	1986.366577
1.103143723	1986.352783
1.104464914	1986.339111
1.105785986	1986.325195
1.107107177	1986.311523
1.108428249	1986.297729
1.109749322	1986.283936
1.111070512	1986.270142
1.112391585	1986.25647
1.113712776	1986.243164
1.115033848	1986.229614
1.116355039	1986.216309
1.117676111	1986.202759
1.118997302	1986.189453
1.120318374	1986.175903
1.121639446	1986.162476
1.122960637	1986.14917
1.124281709	1986.135986
1.125603019	1986.122925
1.126924091	1986.109741
1.128245282	1986.096558
1.129566354	1986.083374
1.130887545	1986.070313
1.132208617	1986.057129
1.13352969	1986.044067
1.13485088	1986.031128
1.136171953	1986.018188
1.137493144	1986.005371
1.138814216	1985.992432
1.140135407	1985.979614
1.141456479	1985.966675
1.14277767	1985.953857
1.144098742	1985.940918
1.145419814	1985.927979
1.146741005	1985.915161
1.148062077	1985.902344
1.149383268	1985.889526
1.150704341	1985.876587
1.152025531	1985.86377
1.153346604	1985.85083
1.154667795	1985.838013
1.155988985	1985.825073
1.157310058	1985.812012
1.158631248	1985.79895
1.159952321	1985.785889
1.161273512	1985.772949
1.162594584	1985.759888
1.163915775	1985.746948
1.165236847	1985.733887
1.166557919	1985.720581
1.16787911	1985.707397
1.169200182	1985.694092
1.170521373	1985.680786
1.171842445	1985.66748
1.173163636	1985.654297
1.174484709	1985.640991
1.175805899	1985.627808
1.177126972	1985.614502
1.178448044	1985.601196
1.179769235	1985.587891
1.181090307	1985.574585
1.182411498	1985.561279
1.18373257	1985.547974
1.18505388	1985.53479
1.186374952	1985.521484
1.187696143	1985.508667
1.189017215	1985.495728
1.190338287	1985.482788
1.191659478	1985.469971
1.19298055	1985.457031
1.194301741	1985.444214
1.195622813	1985.431274
1.196944004	1985.418701
1.198265077	1985.406616
1.199586267	1985.394653
1.20090734	1985.382446
1.202228412	1985.370483
1.203549603	1985.358398
1.204870675	1985.346436
1.206191866	1985.334351
1.207512938	1985.322632
1.208834129	1985.311768
1.210155201	1985.300781
1.211476392	1985.289917
1.212797464	1985.279053
1.214118655	1985.268066
1.215439846	1985.257202
1.216760918	1985.246216
1.218082109	1985.23584
1.219403181	1985.22583
1.220724372	1985.215942
1.222045445	1985.205811
1.223366635	1985.195923
1.224687708	1985.185913
1.22600878	1985.175903
1.227329971	1985.166016
1.228651043	1985.15625
1.229972234	1985.146729
1.231293306	1985.137329
1.232614497	1985.127808
1.233935569	1985.118286
1.23525676	1985.108765
1.236577832	1985.099365
1.237898905	1985.089722
1.239220096	1985.080322
1.240541168	1985.070679
1.241862359	1985.061279
1.24318355	1985.051758
1.24450474	1985.042358
1.245825813	1985.032715
1.247147003	1985.023315
1.248468076	1985.013672
1.249789148	1985.003906
1.251110339	1984.993896
1.252431411	1984.984009
1.253752602	1984.974121
1.255073674	1984.964233
1.256394865	1984.954346
1.257715937	1984.944458
1.259037128	1984.93457
1.2603582	1984.924194
1.261679273	1984.913696
1.263000464	1984.903442
1.264321536	1984.893066
1.265642727	1984.882813
1.266963799	1984.872314
1.26828499	1984.862061
1.269606062	1984.85144
1.270927253	1984.840942
1.272248444	1984.8302
1.273569516	1984.81958
1.274890707	1984.80896
1.276211779	1984.79834
1.27753297	1984.78772
1.278854042	1984.7771
1.280175233	1984.766479
1.281496305	1984.755859
1.282817496	1984.745239
1.284138568	1984.734619
1.285459641	1984.723999
1.286780832	1984.713501
1.288101904	1984.702759
1.289423095	1984.692261
1.290744167	1984.681763
1.292065358	1984.671387
1.29338643	1984.660889
1.294707502	1984.650513
1.296028693	1984.640137
1.297349765	1984.629639
1.298670956	1984.619385
1.299992029	1984.608887
1.301313338	1984.598999
1.30263441	1984.588867
1.303955601	1984.578857
1.305276673	1984.568726
1.306597746	1984.558716
1.307918936	1984.548584
1.309240009	1984.538574
1.3105612	1984.528687
1.311882272	1984.519043
1.313203463	1984.509277
1.314524535	1984.499634
1.315845726	1984.48999
1.317166798	1984.480225
1.31848787	1984.470459
1.319809061	1984.460938
1.321130133	1984.451416
1.322451324	1984.442139
1.323772397	1984.432739
1.325093587	1984.423462
1.32641466	1984.414063
1.327735851	1984.404785
1.329056923	1984.395386
1.330378114	1984.386108
1.331699304	1984.376953
1.333020377	1984.36792
1.334341568	1984.358765
1.33566264	1984.349731
1.336983831	1984.340576
1.338304903	1984.331543
1.339626094	1984.322388
1.340947166	1984.313477
1.342268238	1984.304565
1.343589429	1984.295776
1.344910501	1984.286865
1.346231692	1984.278076
1.347552765	1984.269165
1.348873955	1984.260376
1.350195028	1984.251587
1.351516219	1984.243042
1.352837291	1984.234497
1.354158363	1984.225952
1.355479554	1984.217407
1.356800626	1984.208862
1.358121817	1984.200317
1.359443008	1984.191772
1.360764199	1984.183472
1.362085271	1984.175293
1.363406462	1984.167114
1.364727534	1984.158813
1.366048606	1984.150513
1.367369797	1984.142456
1.36869087	1984.134155
1.37001206	1984.126099
1.371333133	1984.118164
1.372654323	1984.110474
1.373975396	1984.102539
1.375296587	1984.094849
1.376617659	1984.086914
1.377938731	1984.079102
1.379259922	1984.071289
1.380580994	1984.063843
1.381902185	1984.056641
1.383223257	1984.049316
1.384544448	1984.041992
1.38586552	1984.034668
1.387186711	1984.027344
1.388507902	1984.02002
1.389828974	1984.012817
1.391150165	1984.006104
1.392471238	1983.999146
1.393792428	1983.992432
1.395113501	1983.985596
1.396434691	1983.978882
1.397755764	1983.972046
1.399076955	1983.965332
1.400398027	1983.95874
1.401719099	1983.952393
1.40304029	1983.946167
1.404361362	1983.939697
1.405682553	1983.933472
1.407003625	1983.927002
1.408324816	1983.920776
1.409645888	1983.914429
1.410967079	1983.908325
1.412288152	1983.9021
1.413609224	1983.895996
1.414930415	1983.889893
1.416251487	1983.883667
1.417572678	1983.877563
1.418893869	1983.87146
1.420215059	1983.865234
1.421536132	1983.859131
1.422857323	1983.852905
1.424178395	1983.846802
1.425499467	1983.840454
1.426820658	1983.834473
1.42814173	1983.828247
1.429462921	1983.821899
1.430783993	1983.815186
1.432105184	1983.808838
1.433426256	1983.802246
1.434747329	1983.795776
1.43606852	1983.789185
1.437389592	1983.782715
1.438710783	1983.775879
1.440031855	1983.768921
1.441353046	1983.761841
1.442674118	1983.754761
1.443995309	1983.747681
1.445316381	1983.740723
1.446637453	1983.733521
1.447958763	1983.72644
1.449279835	1983.718628
1.450601026	1983.711182
1.451922098	1983.703369
1.453243289	1983.695801
1.454564361	1983.68811
1.455885552	1983.680542
1.457206624	1983.672729
1.458527697	1983.664673
1.459848888	1983.656616
1.46116996	1983.648438
1.462491151	1983.640381
1.463812223	1983.632324
1.465133414	1983.624268
1.466454486	1983.616089
1.467775677	1983.60791
1.469096749	1983.599609
1.470417821	1983.591187
1.471739012	1983.583008
1.473060085	1983.574707
1.474381275	1983.566528
1.475702348	1983.558105
1.477023657	1983.550171
1.478344729	1983.54187
1.47966592	1983.533936
1.480986992	1983.525757
1.482308065	1983.5177
1.483629256	1983.509521
1.484950328	1983.501465
1.486271519	1983.493652
1.487592591	1983.486084
1.488913782	1983.478516
1.490234854	1983.470825
1.491556045	1983.463257
1.492877117	1983.455688
1.49419819	1983.447998
1.49551938	1983.440918
1.496840453	1983.433838
1.498161643	1983.42688
1.499482716	1983.419922
1.500803907	1983.412964
1.502124979	1983.405884
1.50344617	1983.399048
1.504767242	1983.392456
1.506088433	1983.386108
1.507409624	1983.379883
1.508730696	1983.373535
1.510051887	1983.36731
1.511372959	1983.360962
1.51269415	1983.354736
1.514015222	1983.348755
1.515336413	1983.34314
1.516657485	1983.33728
1.517978558	1983.331543
1.519299748	1983.325928
1.520620821	1983.32019
1.521942011	1983.314453
1.523263084	1983.30896
1.524584275	1983.303589
1.525905347	1983.29834
1.527226538	1983.292969
1.52854761	1983.287598
1.529868682	1983.282227
1.531189873	1983.276978
1.532510945	1983.271729
1.533832136	1983.266724
1.535153327	1983.261475
1.536474518	1983.25647
1.53779559	1983.251221
1.539116781	1983.246216
1.540437853	1983.241089
1.541758926	1983.235962
1.543080116	1983.230957
1.544401189	1983.225952
1.545722379	1983.220825
1.547043452	1983.21582
1.548364643	1983.210815
1.549685715	1983.205811
1.551006906	1983.200806
1.552327978	1983.195801
1.55364905	1983.190674
1.554970241	1983.185669
1.556291313	1983.180542
1.557612504	1983.175659
1.558933576	1983.170532
1.560254767	1983.165527
1.56157584	1983.1604
1.56289703	1983.155518
1.564218221	1983.150269
1.565539294	1983.145264
1.566860484	1983.140259
1.568181557	1983.135132
1.569502747	1983.130005
1.57082382	1983.124878
1.572145011	1983.119751
1.573466083	1983.114624
1.574787155	1983.109375
1.576108346	1983.10437
1.577429418	1983.099121
1.578750609	1983.093994
1.580071681	1983.088623
1.581392872	1983.083496
1.582713944	1983.078125
1.584035135	1983.07312
1.585356208	1983.067749
1.58667728	1983.062378
1.587998471	1983.057129
1.589319543	1983.051758
1.590640734	1983.046387
1.591961806	1983.041138
1.593283115	1983.035767
1.594604188	1983.030518
1.595925379	1983.025024
1.597246451	1983.019653
1.598567523	1983.01416
1.599888714	1983.008911
1.601209786	1983.003418
1.602530977	1982.998169
1.603852049	1982.992676
1.60517324	1982.987549
1.606494313	1982.982178
1.607815503	1982.976929
1.609136576	1982.971558
1.610457648	1982.966309
1.611778839	1982.960938
1.613099911	1982.955811
1.614421102	1982.950684
1.615742174	1982.945557
1.617063365	1982.94043
1.618384437	1982.935303
1.619705628	1982.930176
1.6210267	1982.925049
1.622347773	1982.920166
1.623669082	1982.915161
1.624990154	1982.910278
1.626311345	1982.905396
1.627632417	1982.900513
1.628953608	1982.89563
1.630274681	1982.890869
1.631595871	1982.88623
1.632916944	1982.881714
1.634238016	1982.876953
1.635559207	1982.872437
1.636880279	1982.867798
1.63820147	1982.863281
1.639522542	1982.858765
1.640843733	1982.854492
1.642164805	1982.850098
1.643485996	1982.845825
1.644807068	1982.841309
1.646128141	1982.837036
1.647449331	1982.832764
1.648770404	1982.828613
1.650091595	1982.824463
1.651412667	1982.820313
1.652733976	1982.81604
1.654055049	1982.81189
1.655376239	1982.807739
1.656697312	1982.803711
1.658018384	1982.799438
1.659339575	1982.795532
1.660660647	1982.79126
1.661981838	1982.787354
1.66330291	1982.783081
1.664624101	1982.779175
1.665945173	1982.774902
1.667266364	1982.770874
1.668587436	1982.766724
1.669908509	1982.762573
1.671229699	1982.758423
1.672550772	1982.754272
1.673871963	1982.75
1.675193035	1982.74585
1.676514226	1982.741577
1.677835298	1982.737427
1.679156489	1982.733154
1.680477561	1982.729004
1.681798752	1982.724487
1.683119943	1982.720337
1.684441015	1982.71582
1.685762206	1982.71167
1.687083278	1982.707275
1.688404469	1982.703003
1.689725541	1982.698486
1.691046732	1982.694214
1.692367804	1982.689697
1.693688877	1982.685303
1.695010067	1982.680908
1.69633114	1982.676514
1.697652331	1982.672119
1.698973403	1982.667725
1.700294594	1982.66333
1.701615666	1982.658936
1.702936738	1982.654297
1.704257929	1982.650024
1.705579001	1982.645508
1.706900192	1982.641235
1.708221264	1982.636719
1.709542455	1982.632446
1.710863646	1982.62793
1.712184837	1982.623657
1.713505909	1982.619263
1.714826982	1982.61499
1.716148172	1982.610718
1.717469245	1982.606445
1.718790435	1982.602173
1.720111508	1982.5979
1.721432699	1982.593628
1.722753771	1982.5896
1.724074962	1982.585449
1.725396034	1982.581421
1.726717106	1982.577271
1.728038297	1982.573242
1.729359369	1982.569092
1.73068056	1982.565186
1.732001633	1982.561279
1.733322823	1982.557373
1.734643896	1982.553589
1.735965086	1982.549683
1.737286159	1982.545776
1.738607231	1982.541992
1.73992854	1982.53833
1.741249613	1982.534546
1.742570804	1982.530884
1.743891876	1982.5271
1.745213067	1982.52356
1.746534139	1982.519897
1.74785533	1982.516479
1.749176402	1982.512939
1.750497474	1982.509521
1.751818665	1982.506104
1.753139737	1982.502563
1.754460928	1982.499268
1.755782001	1982.495972
1.757103191	1982.492676
1.758424264	1982.48938
1.759745454	1982.486084
1.761066527	1982.48291
1.762387599	1982.479614
1.76370879	1982.476685
1.765029862	1982.473511
1.766351053	1982.470581
1.767672125	1982.467407
1.768993435	1982.464355
1.770314507	1982.461426
1.771635698	1982.458618
1.77295677	1982.455566
1.774277842	1982.452637
1.775599033	1982.449707
1.776920105	1982.446899
1.778241296	1982.444092
1.779562369	1982.441406
1.780883559	1982.438599
1.782204632	1982.435913
1.783525822	1982.433228
1.784846895	1982.43042
1.786167967	1982.427734
1.787489158	1982.425171
1.78881023	1982.422363
1.790131421	1982.4198
1.791452493	1982.417114
1.792773684	1982.414551
1.794094756	1982.411865
1.795415947	1982.409424
1.796737019	1982.406738
1.79805821	1982.404175
1.799379401	1982.401611
1.800700473	1982.399048
1.802021664	1982.396484
1.803342737	1982.394043
1.804663927	1982.391479
1.805985	1982.389038
1.80730619	1982.386597
1.808627263	1982.384155
1.809948335	1982.381592
1.811269526	1982.379272
1.812590598	1982.376709
1.813911789	1982.37439
1.815232861	1982.371948
1.816554052	1982.369629
1.817875124	1982.367188
1.819196315	1982.36499
1.820517387	1982.362549
1.82183846	1982.360107
1.823159651	1982.357788
1.824480723	1982.355591
1.825801914	1982.353394
1.827123105	1982.351074
1.828444295	1982.348877
1.829765368	1982.34668
1.831086558	1982.344482
1.832407631	1982.342407
1.833728703	1982.34021
1.835049894	1982.338135
1.836370966	1982.33606
1.837692157	1982.333862
1.839013229	1982.331909
1.84033442	1982.329834
1.841655492	1982.327881
1.842976565	1982.325684
1.844297755	1982.323853
1.845618828	1982.321655
1.846940019	1982.319702
1.848261091	1982.317627
1.849582282	1982.315674
1.850903354	1982.313477
1.852224545	1982.311646
1.853545617	1982.309448
1.854866689	1982.307373
1.856187999	1982.305298
1.857509071	1982.303223
1.858830262	1982.301147
1.860151334	1982.29895
1.861472525	1982.296753
1.862793597	1982.294556
1.864114788	1982.292358
1.86543586	1982.290161
1.866756933	1982.287842
1.868078124	1982.285522
1.869399196	1982.283081
1.870720387	1982.280762
1.872041459	1982.27832
1.87336265	1982.276001
1.874683722	1982.273438
1.876004913	1982.271118
1.877325985	1982.268677
1.878647057	1982.266235
1.879968248	1982.263794
1.881289321	1982.261353
1.882610511	1982.258911
1.883931584	1982.256592
1.885252774	1982.25415
1.886573965	1982.251831
1.887895156	1982.24939
1.889216228	1982.247192
1.890537301	1982.244873
1.891858492	1982.242676
1.893179564	1982.240356
1.894500755	1982.238281
1.895821827	1982.236084
1.897143018	1982.234375
1.89846409	1982.2323
1.899785281	1982.230469
1.901106353	1982.228516
1.902427425	1982.226807
1.903748616	1982.22522
1.905069689	1982.223633
1.906390879	1982.222046
1.907711952	1982.220459
1.909033142	1982.218994
1.910354215	1982.217651
1.911675406	1982.216431
1.912996478	1982.215088
1.91431755	1982.213745
1.91563886	1982.212524
1.916959932	1982.211304
1.918281123	1982.210327
1.919602195	1982.209229
1.920923386	1982.208252
1.922244458	1982.207031
1.923565649	1982.206177
1.924886721	1982.205078
1.926207793	1982.204102
1.927528984	1982.203125
1.928850057	1982.202148
1.930171247	1982.201172
1.93149232	1982.200073
1.93281351	1982.199097
1.934134583	1982.19812
1.935455774	1982.197021
1.936776846	1982.196045
1.938097918	1982.194946
1.939419109	1982.194092
1.940740181	1982.192993
1.942061372	1982.192139
1.943382444	1982.191284
1.944703754	1982.19043
1.946024826	1982.189575
1.947346017	1982.188721
1.948667089	1982.187866
1.949988161	1982.187134
1.951309352	1982.186768
1.952630425	1982.186035
1.953951615	1982.185669
1.955272688	1982.184937
1.956593878	1982.184937
1.957914951	1982.184692
1.959236142	1982.184814
1.960557214	1982.18457
1.961878286	1982.18457
1.963199477	1982.184937
1.964520549	1982.185425
1.96584174	1982.185913
1.967162812	1982.186401
1.968484003	1982.18689
1.969805075	1982.187866
1.971126266	1982.188843
1.972447339	1982.189819
1.973768529	1982.190674
1.97508972	1982.191772
1.976410793	1982.192627
1.977731983	1982.193848
1.979053056	1982.194824
1.980374247	1982.196045
1.981695319	1982.197021
1.983016391	1982.197754
1.984337582	1982.198608
1.985658654	1982.199341
1.986979845	1982.200195
1.988300917	1982.200562
1.989622108	1982.200439
1.990943299	1982.200317
1.99226449	1982.200195
1.993585444	1982.200073
1.994906634	1982.19873
1.996227825	1982.197266
1.997548779	1982.195557
1.99886997	1982.194092
2.000191161	1982.192505
2.001512351	1982.189087
2.002833305	1982.185547
2.004154496	1982.182129
2.005475687	1982.178833
2.006796878	1982.174927
2.008117831	1982.1698
2.009439022	1982.164673
2.010759976	1982.159424
2.012081404	1982.154663
2.013402358	1982.14856
2.014723548	1982.142334
2.016044502	1982.135864
2.01736593	1982.129883
2.018687121	1982.123413
2.020008075	1982.116821
2.021329265	1982.110229
2.022650219	1982.103638
2.023971647	1982.097168
2.025292601	1982.090942
2.026613792	1982.085083
2.027934745	1982.079224
2.029256173	1982.073486
2.030577127	1982.067749
2.031898318	1982.063721
2.033219272	1982.059814
2.034540462	1982.055786
2.035861653	1982.052124
2.037182844	1982.049561
2.038503798	1982.048584
2.039824989	1982.047607
2.041145942	1982.046631
2.04246737	1982.045776
2.043788324	1982.048462
2.045109515	1982.051025
2.046430706	1982.053589
2.047751897	1982.056396
2.049073087	1982.061157
2.050394041	1982.067505
2.051715232	1982.07373
2.053036186	1982.080078
2.054357614	1982.087158
2.055678567	1982.09668
2.056999758	1982.106079
2.058320712	1982.115601
2.05964214	1982.125122
2.060963094	1982.136475
2.062284284	1982.147949
2.063605238	1982.159546
2.064926429	1982.171021
2.06624762	1982.183228
2.067568811	1982.195313
2.068889764	1982.207642
2.070210955	1982.219727
2.071532146	1982.232178
2.072853337	1982.243164
2.074174291	1982.254272
2.075495481	1982.265259
2.076816672	1982.276489
2.078137863	1982.285034
2.079459054	1982.293457
2.080780008	1982.301636
2.082101198	1982.310059
2.083422389	1982.315186
2.08474358	1982.319092
2.086064534	1982.322754
2.087385725	1982.32666
2.088706678	1982.327148
2.090028106	1982.32605
2.09134906	1982.324219
2.092670251	1982.322632
2.093991205	1982.318115
2.095312633	1982.310669
2.096633586	1982.302612
2.097954777	1982.2948
2.099275731	1982.284912
2.100596922	1982.271118
2.101918113	1982.25769
2.103239303	1982.243896
2.104560494	1982.22876
2.105881448	1982.209717
2.107202876	1982.190918
2.10852383	1982.171875
2.10984502	1982.151855
2.111165974	1982.128784
2.112487165	1982.105591
2.113808356	1982.082886
2.115129547	1982.059204
2.1164505	1982.033813
2.117771691	1982.008301
2.119092882	1981.983154
2.120414073	1981.95752
2.121735027	1981.931519
2.123056217	1981.905518
2.124377171	1981.879517
2.125698599	1981.854004
2.127019553	1981.829468
2.128340744	1981.80481
2.129661697	1981.780273
2.130983125	1981.756836
2.132304079	1981.735596
2.13362527	1981.714233
2.134946461	1981.692993
2.136267414	1981.67395
2.137588842	1981.657715
2.138909796	1981.641602
2.140230987	1981.625366
2.141551941	1981.612915
2.142873369	1981.603149
2.144194322	1981.593506
2.145515513	1981.583862
2.146836467	1981.5802
2.148157658	1981.578247
2.149478849	1981.576294
2.150800039	1981.574463
2.152120993	1981.581055
2.153442184	1981.587646
2.154763375	1981.594238
2.156084566	1981.602905
2.157405519	1981.618286
2.15872671	1981.633545
2.160047664	1981.648804
2.161369092	1981.668213
2.162690046	1981.691772
2.164011236	1981.715454
2.165332427	1981.739014
2.166653618	1981.768433
2.167974809	1981.799316
2.169295763	1981.8302
2.170616953	1981.861938
2.171937907	1981.89856
2.173259335	1981.935181
2.174580289	1981.971802
2.17590148	1982.01062
2.177222433	1982.05127
2.178543861	1982.092163
2.179864815	1982.132813
2.181186006	1982.175415
2.18250696	1982.218018
2.18382815	1982.260742
2.185149341	1982.303589
2.186470532	1982.346313
2.187791486	1982.388916
2.189112677	1982.431641
2.190433868	1982.4729
2.191755058	1982.513672
2.193076249	1982.554077
2.194397203	1982.593628
2.195718394	1982.630371
2.197039585	1982.668091
2.198360775	1982.704834
2.199681729	1982.737549
2.20100292	1982.769165
2.202324111	1982.801758
2.203645302	1982.830811
2.204966255	1982.856445
2.206287446	1982.881714
2.2076084	1982.907471
2.208929828	1982.926636
2.210250782	1982.945435
2.211571972	1982.963745
2.212892926	1982.978271
2.214214354	1982.990356
2.215535308	1983.002075
2.216856499	1983.011353
2.218177452	1983.015625
2.219498643	1983.019165
2.220819834	1983.024292
2.222141025	1983.021362
2.223462216	1983.018555
2.224783169	1983.015137
2.227425551	1982.998291
2.228746742	1982.988525
2.230067696	1982.97583
2.231388887	1982.960083
2.232710077	1982.944702
2.234031268	1982.928223
2.235352222	1982.906372
2.236673413	1982.885132
2.237994604	1982.864258
2.239315794	1982.838867
2.240636748	1982.812866
2.241957939	1982.787231
2.243278893	1982.758301
2.244600321	1982.729614
2.245921274	1982.699829
2.247242465	1982.668823
2.248563419	1982.636353
2.249884847	1982.605103
2.251206038	1982.571777
2.252526991	1982.538086
2.253848182	1982.503906
2.255169136	1982.469849
2.256490564	1982.435669
2.257811518	1982.401245
2.259132708	1982.366455
2.260453662	1982.331909
2.26177509	1982.297607
2.263096044	1982.263306
2.264417235	1982.229492
2.265738188	1982.195801
2.267059379	1982.162598
2.26838057	1982.130615
2.269701761	1982.098389
2.271022715	1982.066772
2.272343905	1982.036865
2.273665096	1982.006836
2.276307241	1981.950317
2.277628432	1981.922852
2.278949385	1981.896729
2.280270813	1981.872437
2.281592004	1981.848145
2.282912958	1981.825562
2.284234149	1981.804688
2.28555534	1981.783569
2.28687653	1981.765015
2.288197484	1981.747437
2.289518675	1981.730103
2.290839629	1981.715454
2.292161057	1981.701538
2.29348201	1981.687622
2.294803201	1981.677368
2.296124155	1981.666992
2.297445583	1981.657227
2.298766537	1981.650269
2.300087727	1981.643555
2.301408681	1981.637939
2.302729872	1981.634277
2.304051063	1981.630127
2.305372254	1981.62854
2.306693207	1981.627686
2.308014398	1981.626953
2.309335589	1981.628418
2.31065678	1981.630371
2.311977971	1981.632813
2.313298924	1981.636719
2.314620115	1981.640625
2.315941306	1981.645508
2.317262497	1981.651367
2.318583451	1981.657349
2.319904641	1981.664429
2.321225595	1981.671753
2.322547023	1981.679077
2.323867977	1981.687744
2.325189168	1981.696167
2.326510121	1981.705322
2.327831549	1981.714233
2.329152503	1981.723633
2.330473694	1981.733521
2.331794648	1981.743408
2.333115838	1981.75354
2.334437029	1981.763672
2.33575822	1981.773926
2.337079174	1981.784546
2.338400365	1981.795044
2.339721793	1981.80542
2.341042746	1981.81604
2.342363937	1981.826904
2.343684891	1981.837646
2.345006082	1981.848755
2.346327273	1981.859253
2.347648463	1981.870239
2.348969417	1981.881104
2.350290608	1981.892212
2.351611799	1981.902832
2.35293299	1981.914063
2.354253943	1981.925171
2.355575134	1981.936646
2.356896088	1981.947998
2.358217516	1981.959229
2.35953847	1981.970947
2.36085966	1981.982666
2.362180614	1981.994751
2.363502042	1982.006714
2.364822996	1982.019165
2.366144187	1982.031982
2.36746514	1982.0448
2.368786331	1982.05835
2.370107759	1982.071533
2.371428713	1982.085938
2.372749904	1982.100098
2.374070857	1982.114746
2.375392285	1982.129517
2.376713239	1982.145142
2.37803443	1982.161377
2.379355384	1982.177856
2.380676575	1982.194946
2.381997765	1982.211914
2.383318956	1982.230103
2.38463991	1982.248657
2.385961101	1982.268188
2.387282292	1982.287476
2.388603482	1982.308228
2.389924436	1982.32959
2.391245627	1982.351563
2.392566581	1982.373779
2.393888009	1982.396729
2.395208962	1982.420532
2.396530153	1982.44519
2.397851344	1982.470337
2.399172535	1982.496094
2.400493726	1982.522705
2.401814679	1982.550049
2.40313587	1982.578247
2.404456824	1982.607056
2.405778252	1982.636475
2.407099206	1982.666504
2.408420396	1982.697266
2.40974135	1982.72876
2.411062778	1982.760742
2.412383732	1982.793457
2.413704923	1982.82666
2.415025876	1982.860596
2.416347067	1982.894897
2.417668258	1982.92981
2.418989449	1982.964966
2.420310403	1983.000854
2.421631593	1983.036743
2.422952784	1983.073242
2.424273975	1983.109741
2.425594929	1983.146729
2.42691612	1983.183716
2.428237311	1983.220703
2.429558501	1983.257935
2.430879692	1983.295288
2.432200646	1983.332153
2.433521837	1983.369141
2.434843028	1983.406128
2.437485172	1983.47876
2.438806363	1983.514648
2.44E+00	1983.550293
2.441448745	1983.585693
2.442769698	1983.620483
2.444090889	1983.654419
2.445411843	1983.687988
2.446733271	1983.721313
2.448054225	1983.753174
2.449375415	1983.78479
2.450696369	1983.81543
2.45201756	1983.845703
2.453338751	1983.874756
2.454659942	1983.903198
2.455981132	1983.931152
2.457302086	1983.957886
2.458623514	1983.984131
2.459944468	1984.009888
2.461265659	1984.034058
2.462586612	1984.057739
2.463907803	1984.079712
2.465228994	1984.101807
2.466550185	1984.122803
2.467871139	1984.142944
2.469192329	1984.161743
2.47051352	1984.181396
2.471834711	1984.200073
2.473155665	1984.219238
2.474476856	1984.241333
2.475797809	1984.272461
2.477119237	1984.353271
2.478440191	1984.563232
2.479761382	1984.956055
2.481082336	1986.876953
2.483724717	2012.388306
2.485045908	2069.29834
2.486367099	2290.626709
2.487688053	2763.755371
2.489009481	3517.94043
2.490330434	4372.063965
2.491651625	4889.248047
2.492972579	5220.742676
2.494294007	5444.93457
2.495614961	5608.161621
2.496936151	5724.897949
2.498257105	5814.087891
2.499578296	5882.768555
2.502220678	5978.154785
2.503541631	6013.820801
2.504862822	6044.838379
2.506184013	6072.251953
2.507505204	6096.983887
2.508826158	6119.382813
2.510147348	6139.746094
2.511468302	6158.756348
2.51278973	6176.47168
2.514110921	6192.628418
2.515431875	6207.437988
2.516753066	6221.658691
2.518074256	6235.330078
2.519395447	6246.992188
2.520716401	6258.425781
2.522037592	6268.72998
2.523358545	6278.029785
2.524679973	6287.029297
2.526000927	6294.632813
2.527322118	6301.854492
2.528643072	6308.092773
2.5299645	6313.558594
2.531285453	6318.334961
2.532606644	6322.097168
2.533927598	6325.507324
2.535248789	6327.982422
2.53656998	6329.912598
2.53789117	6331.253906
2.539212124	6331.725098
2.540533315	6331.869629
2.541854506	6331.244629
2.543175697	6329.857422
2.544496887	6328.090332
2.545817841	6325.827637
2.547139032	6322.618652
2.548460223	6318.942871
2.549781414	6314.806152
2.551102367	6309.770996
2.552423558	6303.9375
2.553744749	6297.431152
2.55506594	6290.253906
2.556386894	6282.135742
2.557708084	6273.092285
2.559029038	6263.133789
2.560350466	6252.414063
2.56167142	6240.895996
2.562992611	6228.270996
2.564313564	6214.510742
2.565634992	6199.545898
2.566955946	6182.74707
2.568277137	6164.030762
2.569598091	6142.644531
2.570919281	6118.361816
2.572240472	6091.146484
2.573561663	6061.308594
2.574882854	6029.972656
2.576203808	5998.54248
2.577525236	5969.060547
2.578846189	5942.812012
2.58016738	5921.496582
2.581488334	5904.854492
2.582809525	5891.44043
2.584130716	5877.201172
2.585451906	5853.904785
2.58677286	5810.812012
2.588094051	5735.032227
2.589415005	5614.491699
2.590736433	5444.721191
2.592057386	5237.085449
2.593378577	5019.981445
2.594699531	4831.791992
2.596020959	4707.599609
2.598663103	4676.262695
2.599984057	4723.644531
2.601305248	4776.843262
2.602626676	4815.726563
2.60394763	4824.996094
2.605268821	4788.693848
2.606589774	4690.731934
2.609232156	4293.82666
2.610553347	4032.342285
2.6118743	3775.518799
2.613195491	3574.635254
2.614516682	3490.139893
2.615837873	3550.793213
2.617158827	3710.614502
2.618480018	3883.981689
2.619801208	4024.553711
2.621122399	4135.936523
2.622443353	4211.795898
2.623764544	4222.806152
2.625085497	4181.37207
2.626406925	4103.621582
2.627727879	4006.92334
2.62904907	3906.919678
2.630370024	3602.87207
2.631691452	2544.467773
2.633012642	2294.898438
2.634333596	3119.203857
2.635654787	4442.231445
2.636975741	6334.405273
2.638297169	7637.115234
2.639618122	8215.505859
2.640939313	7335.760254
2.642260267	5999.226563
2.64E+00	5999.226563
2.642470252	5904.150391
2.642680283	5673.060059
2.642785226	5596
2.642995257	5474.999512
2.643205288	5300.254395
2.643415319	5026.529785
2.643520262	4850.874023
2.643625336	4640.414063
2.643730293	4399.6875
2.643940324	3859.531738
2.644045266	3583.314941
2.644150355	3338.71167
2.644255298	3153.085449
2.644465329	2982.772217
2.64467536	3004.267822
2.644780303	3047.19751
2.644990334	3152.310791
2.645200365	3271.020752
2.645305308	3332.927246
2.645515339	3461.324219
2.645620428	3527.521973
2.64572537	3595.308105
2.645935401	3735.249023
2.646040344	3807.381836
2.646250375	3955.236816
2.646460406	4108.849609
2.646565349	4188.091797
2.646670437	4268.015625
2.64677538	4349.338867
2.646985411	4515.6875
2.647195442	4687.676758
2.647300384	4776.208984
2.647405473	4864.524414
2.647510416	4955.279297
2.647720447	5139.428711
2.64782539	5233.277344
2.647930478	5328.344238
2.648035421	5424.260742
2.64814051	5521.990234
2.648245452	5620.365234
2.648350541	5720.01416
2.648455483	5820.399902
2.648560426	5922.521484
2.648770457	6128.538574
2.648980488	6339.095703
2.649085445	6446.745605
2.649190519	6553.32666
2.649295461	6662.91748
2.64940055	6771.956543
2.649505493	6882.870605
2.649820482	7221.320801
2.650030498	7451.885742
2.650240529	7687.766113
2.650345486	7808.919434
2.650555517	8051.522461
2.651080522	8690.874023
2.651290553	8961.993164
2.65150057	9240.623047
2.651605527	9384.946289
2.651815559	9679.498047
2.652235606	10305.6084
2.652340563	10468.48145
2.652445637	10637.64844
2.652550595	10810.5
2.652865568	11347.19922
2.653075599	11720.95898
2.653285631	12115.21387
2.653600604	12736.81934
2.653810635	13169.97852
2.654020666	13623.17285
2.654125609	13854.32227
2.654230684	14096.41895
2.65433564	14340.90625
2.654440715	14582.98633
2.654545672	14838.48047
2.654755703	15358.58105
2.654860646	15619.49805
2.655070677	16178.37793
2.655280708	16742.8125
2.655385651	17044.83203
2.655490739	17345.04297
2.655595682	17647.07422
2.655805713	18280.45898
2.656015744	18926.52344
2.656120685	19262.23633
2.656225775	19608.21094
2.656330718	19955.99805
2.656435791	20301.55078
2.656540749	20662.52148
2.656645691	21037.41602
2.65675078	21410.55078
2.656855722	21785.44141
2.657065753	22570.79297
2.657275785	23374.07813
2.657380727	23780.7793
2.657590758	24648.33789
2.658115763	26892.76563
2.658640768	29301.22266
2.658745856	29792.36719
2.658850799	30310.93555
2.658955887	30832.89844
2.65906083	31355.66602
2.659270861	32407.73633
2.659375804	32962.94141
2.659480893	33517.66797
2.659585835	34072.83594
2.659795867	35198.65625
2.659900809	35786.78906
2.660110841	36963.00391
2.660635846	40022.75
2.660845877	41287.12109
2.661160865	43252.6875
2.661370882	44582.97656
2.661580913	45963.62109
2.661790944	47344.25781
2.661895901	48044.93359
2.662000975	48768.83203
2.662105917	49490.49609
2.662211006	50214.46484
2.662315949	50936.03906
2.662420906	51658.16016
2.66252598	52416.92969
2.662630937	53172.58594
2.662840953	54687.41016
2.663050984	56221.77734
2.663155942	57011.37109
2.663365973	58594.5625
2.663575989	60178.16016
2.663680947	60995.90234
2.663890978	62636.68359
2.664101009	64277.64063
2.664415983	66802.65625
2.664626015	68501.375
2.664940987	71078.4375
2.665151018	72821.00781
2.665361051	74563.625
2.665571067	76329.85938
2.665676023	77212.59375
2.665781099	78103.47656
2.665886056	78986.05469
2.665991129	79877.07813
2.666096086	80765.25781
2.666201029	81663.88281
2.666306102	82570.71094
2.666411061	83468.42188
2.666621091	85273.15625
2.666831123	87067.82813
2.666936066	87957.13281
2.667146096	89743.94531
2.667461068	92414.82813
2.667671101	94187.70313
2.667881133	95960.58594
2.668091163	97726.625
2.668196106	98575.90625
2.668301196	99434.80469
2.668406136	100284.0234
2.668511212	101144.2656
2.668616168	101992.1563
2.668721111	102841.2656
2.668826201	103685.6406
2.668931141	104507.3281
2.66903623	105339.1406
2.669141173	106160.7578
2.669246246	106994.1172
2.669351203	107814.2734
2.669456146	108635.7188
2.669561236	109432.5234
2.669666178	110204.4063
2.669771268	110987.1016
2.669876208	111758.9531
2.669981151	112530.7656
2.670086241	113313.6094
2.670191184	114085.3984
2.670401213	115544.7266
2.670716189	117706.6797
2.670926218	119151.7422
2.671136251	120479.8203
2.671241194	121124.1563
2.671451224	122424.0547
2.671661256	123723.9531
2.671871286	124940.1484
2.671976229	125521.5625
2.672081318	126114.0078
2.672186261	126695.4297
2.672291348	127287.8672
2.672396291	127869.2891
2.672501248	128449.1641
2.672606323	128983.7109
2.672711263	129498.0938
2.672816353	130023.3516
2.672921296	130537.7422
2.673131328	131577.3594
2.673236285	132090.2188
2.673446301	133044.625
2.673656331	133948.9844
2.67376129	134394.3125
2.673866363	134853.3281
2.67397132	135298.6875
2.674076396	135757.6563
2.674181336	136173.125
2.674391368	136955.4844
2.674496325	137339.9844
2.674601398	137737.8281
2.674706358	138122.3594
2.674811431	138520.1563
2.674916373	138906.2188
2.67502133	139257
2.675126403	139596.625
2.675231363	139923.1875
2.675336436	140262.7344
2.675441392	140589.3438
2.675651408	141256.9219
2.675756365	141583.5938
2.675861441	141898.0625
2.675966398	142172.9688
2.67617643	142735.4219
2.67628137	143011.8594
2.676386446	143299.3125
2.676491403	143574.3281
2.676596476	143861.7344
2.676701432	144128.0469
2.676806508	144373.1875
2.676911451	144607.5
2.677016408	144840.3594
2.677121481	145085.5156
2.677226437	145318.375
2.677331513	145563.5625
2.67743647	145796.4063
2.677541413	146030.6875
2.677646486	146241.1719
2.677751443	146428.4219
2.677961475	146815.2031
2.678171505	147201.9688
2.678276448	147390.6719
2.678381523	147590.1875
2.67848648	147772.0781
2.67869651	148080.2813
2.678801453	148229.75
2.678906542	148388.4844
2.679011485	148537.9531
2.679116558	148698.1094
2.679221515	148846.1563
2.679326591	149006.2969
2.679431548	149142.6875
2.67953649	149257.2969
2.679641577	149381.0469
2.67974652	149495.6563
2.679956553	149734.0156
2.680061493	149848.6406
2.680166582	149972.3594
2.680271525	150086.9844
2.680481558	150276.2344
2.680691587	150441.9063
2.68079653	150520.2656
2.68090162	150607.5625
2.68100656	150685.9375
2.68111165	150773.2188
2.681216593	150851.6094
2.681321535	150923.9688
2.681426625	150978.0938
2.681531565	151023.4063
2.681636655	151077.5156
2.681741598	151122.8281
2.681951627	151222.2344
2.68205657	151267.5625
2.682266603	151366.9531
2.682476632	151401.125
2.682686665	151429.2188
2.682791608	151438.9844
2.682896695	151457.3125
2.683001638	151467.0938
2.68321167	151495.1875
2.683316613	151494.2031
2.6834217	151474.75
2.683526643	151446.9219
2.683736675	151399.5938
2.684051648	151324.4375
2.68426168	151277.0469
2.684576667	151078.25
2.684786685	150936.25
2.684996715	150792.9063
2.685311704	150573.2188
2.68552172	150353.5469
2.685731753	150114.9375
2.685836709	149991.625
2.686046739	149753.1094
2.686256758	149515.3906
2.686466788	149254.2656
2.686571744	149087.5156
2.68667682	148927.1406
2.686781777	148760.5313
2.686991793	148434.2188
2.687096749	148267.875
2.687201825	148107.0781
2.687306782	147940.8594
2.687411855	147779.8594
2.687516812	147604.9063
2.687726827	147183.2656
2.687831787	146969.875
2.68793686	146760.9063
2.688041817	146547.6094
2.688146892	146338.4844
2.688251849	146125.2969
2.688356792	145912.75
2.688461865	145703.4219
2.688566822	145490.4375
2.688671895	145250.5625
2.688776854	144992.1406
2.688986884	144478.5781
2.689091824	144220.7188
2.689301859	143707.0625
2.689616829	142935.5469
2.689826865	142382.2813
2.690036894	141785.125
2.69035187	140888.875
2.690561899	140291.75
2.690771929	139694.5938
2.690876875	139395.0156
2.690981959	139063.5625
2.691086904	138731.625
2.691296934	138068.1563
2.69161191	137072.8125
2.691821939	136409.2344
2.692136915	135392.2188
2.692346944	134679.8281
2.692871949	132899.0938
2.693081979	132186.625
2.693396955	131099.9219
2.693606984	130363.4766
2.694131989	128523
2.694657011	126682.1563
2.694867024	125944.8438
2.69507706	125207.7109
2.695287089	124470.5781
2.695392029	124103.2109
2.695497119	123733.4453
2.695602065	123366.1328
2.695707154	122998.875
2.695812094	122642.1406
2.695917051	122285.7266
2.696022124	121926.1016
2.69612707	121569.4219
2.696232159	121210.0234
2.696337099	120853.375
2.696442189	120493.9141
2.696547129	120137.2891
2.696652086	119781.0469
2.696757159	119421.1719
2.696862105	119064.6094
2.697072134	118376.8516
2.697177091	118043.0547
2.697282164	117705.3828
2.697387121	117371.6094
2.697597139	116699.7344
2.697912126	115694.5156
2.698122161	115022.9844
2.698437131	114081.3359
2.698647166	113471.2188
2.698857196	112861.1016
2.699172171	111947.6641
2.699382201	111337.5391
2.699592231	110751.6328
2.699697176	110484.0156
2.699907206	109945.25
2.700117236	109406.4922
2.700327266	108867.7344
2.700432211	108600.1172
2.700642241	108061.3594
2.700852271	107524.7891
2.700957216	107295.5547
2.701062306	107062.8594
2.701167246	106833.6172
2.701272319	106600.4766
2.701377276	106371.6953
2.701587311	105909.7734
2.701692251	105680.5078
2.701797324	105447.4063
2.701902281	105218.5938
2.702112316	104756.6797
2.702217256	104535.7813
2.702322346	104341.9766
2.702427286	104151.4297
2.702532359	103957.2031
2.702637321	103767.0859
2.702847351	103382.7578
2.702952291	103192.1719
2.703057381	102998.4375
2.703162321	102807.8281
2.703267399	102613.6953
2.703372356	102423.5
2.703477296	102232.8672
2.703582386	102045
2.703687326	101891.3438
2.703792416	101734.7344
2.703897361	101581.0703
2.704002434	101424.0781
2.704107391	101270.8047
2.704212331	101117.1016
2.704317421	100960.5547
2.704422366	100806.8438
2.704527456	100650.3203
2.704632396	100496.5938
2.704737336	100342.8516
2.704842426	100186.3672
2.704947371	100032.6016
2.705052456	99905.71875
2.705157401	99785.65625
2.705262491	99662.99219
2.705367431	99542.92188
2.705472377	99422.83594
2.705577461	99300.21094
2.705682406	99180.11719
2.705892436	98937.42188
2.705997393	98817.64844
2.706207411	98574.63281
2.706732428	98070.07031
2.706942446	97886.72656
2.707257433	97613.59375
2.707467468	97430.57813
2.707677481	97247.28125
2.707992473	97013.47656
2.708202486	96878.02344
2.708412516	96742.85938
2.708727508	96541.3125
2.708937521	96405.89844
2.709252513	96204.3125
2.709462543	96103.09375
2.709672561	96007.60938
2.709987548	95865.79688
2.710197578	95770.5625
2.710407596	95675.11719
2.710512553	95628.47656
2.710722583	95533.25
2.710932618	95461.55469
2.711247588	95365.61719
2.711457617	95301.21094
2.711772593	95205.27344
2.711982623	95140.88281
2.712507628	95005.25
2.712717663	94964.03906
2.712927693	94922.82813
2.713032633	94902.79688
2.713242668	94861.57813
2.713452698	94820.36719
2.713662727	94779.15625
2.713767673	94759.07813
2.713872746	94741.92188
2.713977703	94730.09375
2.714187733	94705.07813
2.714292678	94693.07031
2.714397762	94680.07031
2.714502708	94668.0625
2.714712738	94643.0625
2.714922767	94618.0625
2.715027713	94606.03125
2.715132803	94593.07813
2.715237743	94581.03906
2.715447773	94559.67188
2.715552718	94553.0625
2.715657808	94545.57813
2.715762748	94538.96094
2.715972778	94524.86719
2.716182813	94510.78125
2.716287753	94504.14844
2.716497783	94490.0625
2.716707812	94475.98438
2.716812758	94469.33594
2.717022788	94457.21875
2.717232818	94449.75
2.717442853	94442.28906
2.717547793	94438.92188
2.717757823	94431.46094
2.717967858	94424
2.718072815	94420.71875
2.718282828	94413.15625
2.718492863	94405.69531
2.718702893	94400.10156
2.718807849	94398.22656
2.719017868	94393.53125
2.719332855	94387.04688
2.719542884	94382.46094
2.720067889	94371.28906
2.720592895	94360.86719
2.720802924	94356.6875
2.721327929	94346.49219
2.721537965	94342.32031
2.721852934	94336.26563
2.72206297	94330.63281
2.722272999	94325
2.722587975	94316.77344
2.722798005	94311.14063
2.723008034	94305.51563
2.72311298	94302.91406
2.72332301	94297.28125
2.723533039	94291.54688
2.723743069	94283.17188
2.723848015	94279.17969
2.724058044	94270.80469
2.724268074	94262.4375
2.72437302	94258.4375
2.72458305	94250.07031
2.725108055	94229.33594
2.72563306	94202.03906
2.72584309	94190.30469
2.726053119	94178.57031
2.726368095	94161.13281
2.726578124	94149.39844
2.72678816	94137.66406
2.7268931	94131.96094
2.726998189	94125.02344
2.727103129	94117.4375
2.727313165	94101.95313
2.727523194	94086.46875
2.727628135	94078.88281
2.72783817	94063.39844
2.7280482	94047.92188
2.72815314	94040.32813
2.728363175	94024.84375
2.728573205	94009.36719
2.728888175	93982.85938
2.72909821	93963.6875
2.729413196	93935.11719
2.729623215	93915.90625
2.730148231	93868.15625
2.73035825	93848.95313
2.730673236	93816.92188
2.730883271	93794.32813
2.731093285	93771.69531
2.731303314	93749.10938
2.731408277	93737.96875
2.73151335	93726.51563
2.731618306	93715.375
2.731723379	93703.92188
2.731828319	93692.75
2.731933276	93681.60938
2.732038355	93670.15625
2.732143311	93659.01563
2.732248384	93647.5625
2.732353324	93634.89844
2.732458414	93621.92188
2.73256336	93609.1875
2.732668316	93596.48438
2.732773389	93583.47656
2.732878346	93570.77344
2.732983419	93557.76563
2.733088365	93545.03125
2.733298395	93519.32031
2.733403351	93506.61719
2.733613381	93480.90625
2.7338234	93455.15625
2.733928356	93442.46094
2.734138386	93416.02344
2.734348416	93388.1875
2.734663391	93346.5625
2.734873421	93318.72656
2.735188396	93277.10156
2.735398432	93249.26563
2.735608456	93221.42969
2.735923437	93179.58594
2.736133461	93149.55469
2.736343496	93119.52344
2.736448442	93104.64063
2.736658466	93074.60938
2.736868501	93044.57031
2.737078537	93014.53906
2.737183471	92999.66406
2.737393506	92969.625
2.737603542	92939.59375
2.737708476	92924.71875
2.737813566	92909.14844
2.737918511	92893.46875
2.738023601	92877.5
2.738128536	92861.8125
2.738338571	92830.16406
2.738443517	92814.48438
2.738548606	92798.5
2.738653541	92782.82813
2.738863576	92751.17188
2.738968522	92735.49219
2.739073611	92719.51563
2.739178546	92703.83594
2.739388581	92672.17969
2.739598616	92640.52344
2.739703551	92624.50781
2.739913586	92591.6875
2.740123621	92558.875
2.740228556	92542.625
2.740333646	92526.05469
2.740438591	92509.8125
2.740648627	92476.99219
2.740858651	92444.17188
2.740963596	92427.92969
2.741173632	92395.11719
2.741383656	92362.29688
2.741488613	92346.10156
2.741698637	92312.60938
2.741908661	92278.94531
2.742223653	92228.67969
2.742433666	92194.96875
2.742748658	92144.69531
2.742958693	92111.03125
2.743483698	92026.99219
2.743693723	91992.66406
2.744008704	91941.35156
2.744218728	91907.02344
2.744743733	91821.38281
2.744953768	91787.05469
2.745268738	91735.74219
2.745478773	91701.17969
2.745688797	91666.13281
2.746003778	91613.75
2.746213803	91578.70313
2.746423838	91543.66406
2.746528783	91526.32813
2.746738808	91491.28125
2.746948843	91456.23438
2.747158878	91421.1875
2.747263813	91403.85938
2.747473848	91368.40625
2.747683883	91332.53125
2.747788818	91314.78125
2.747893907	91296.64844
2.747998853	91278.89844
2.748208888	91243.01563
2.748418913	91207.14063
2.748523858	91189.39063
2.748628948	91171.25781
2.748733893	91153.50781
2.748943918	91117.625
2.749048863	91099.875
2.749153953	91081.75
2.749258899	91064
2.749363977	91045.82813
2.749468923	91027.52344
2.749678958	90990.52344
2.749783904	90972.21094
2.749888982	90953.52344
2.749993928	90935.21875
2.750203963	90898.21875
2.750308898	90879.90625
2.750518933	90842.91406
2.750728968	90805.91406
2.751043938	90750.60938
2.751568943	90657.01563
2.752303984	90523.16406
2.752829	90427.66406
2.753039013	90389.3125
2.75356404	90292.42969
2.753774053	90252.46875
2.754089045	90192.85156
2.754299069	90152.9375
2.754509094	90112.97656
2.754719118	90073.07031
2.754824074	90053.35156
2.754929153	90033.15625
2.75503411	90013.44531
2.755244123	89973.48438
2.75534908	89953.76563
2.755454158	89933.3125
2.755559115	89912.58594
2.755664182	89891.38281
2.755769139	89870.65625
2.755979163	89828.67969
2.75608412	89807.95313
2.756189187	89786.75
2.756294144	89766.02344
2.756399223	89744.82813
2.756504179	89724.10156
2.756609125	89703.32031
2.756714193	89682.125
2.756819149	89661.39063
2.756924228	89640.19531
2.757029185	89619.46875
2.757239198	89577.49219
2.757344154	89556.75781
2.757449233	89535.57031
2.75755419	89514.05469
2.757764225	89469.67969
2.757974238	89425.25
2.758079195	89403.28906
2.75828923	89358.91406
2.758499254	89314.53906
2.7586042	89292.52344
2.758814235	89248.14844
2.759024259	89203.77344
2.75933924	89137.38281
2.759864245	89022.53125
2.760074269	88975.26563
2.760284305	88928.00781
2.76049434	88880.74219
2.760599275	88857.28125
2.760704364	88833.48438
2.76080931	88810.02344
2.761019334	88762.75781
2.76112428	88739.29688
2.761229369	88715.5
2.761334315	88692.03125
2.761439405	88668.24219
2.761544339	88644.77344
2.761649418	88620.9375
2.761754374	88595.94531
2.76185932	88570.6875
2.76196441	88545.10156
2.762069344	88519.83594
2.762174434	88494.25
2.76227938	88468.98438
2.762384325	88443.71875
2.762489415	88418.14063
2.762594349	88392.86719
2.762699439	88367.28906
2.762804385	88342.02344
2.76301442	88291.17969
2.763119354	88265.90625
2.763224444	88240.32813
2.76332939	88215.0625
2.763539425	88164.21875
2.76364436	88138.94531
2.763749449	88113.375
2.763854395	88086.55469
2.76406443	88031.53906
2.764274454	87976.52344
2.7643794	87949.16406
2.76448449	87921.51563
2.764589435	87894.14844
2.764799459	87839.14063
2.764904416	87811.8125
2.765009495	87784.125
2.76511444	87756.75781
2.76521953	87729.11719
2.765324465	87701.75
2.765429554	87674.10156
2.7655345	87646.73438
2.765639456	87619.39844
2.765744535	87591.72656
2.76584947	87564.35156
2.765954559	87535.58594
2.766059505	87505.76563
2.766164462	87475.97656
2.766269529	87445.85156
2.766374497	87416.05469
2.766479564	87385.92969
2.76658451	87356.10938
2.766794534	87296.19531
2.766899502	87266.39844
2.767004569	87236.28125
2.767109526	87206.48438
2.767319539	87146.53906
2.767424496	87116.73438
2.767529575	87086.625
2.767634531	87056.82031
2.767844567	86996.91406
2.76805458	86936.90625
2.768159536	86904.33594
2.768369572	86838.89844
2.768579596	86773.45313
2.768684541	86740.85156
2.768894577	86675.41406
2.769104601	86609.96875
2.769314625	86544.50781
2.769419582	86511.92969
2.769629606	86446.48438
2.769839641	86381.04688
2.769944587	86348.4375
2.770049654	86315.58594
2.770154611	86283
2.770364646	86213.14063
2.770574682	86141.55469
2.770679616	86105.875
2.770784695	86069.95313
2.770889651	86034.29688
2.771099687	85962.71094
2.771204621	85927.02344
2.771309711	85891.13281
2.771414657	85855.44531
2.771519724	85819.53906
2.771624692	85783.86719
2.771834716	85712.28906
2.771939662	85676.59375
2.772044751	85640.71094
2.772149697	85605.01563
2.772254764	85569.11719
2.772359721	85533.4375
2.772464667	85495.36719
2.772569756	85456.16406
2.772674691	85417.15625
2.772779781	85377.95313
2.772884726	85338.94531
2.772989805	85299.72656
2.773094762	85260.73438
2.773199696	85221.71875
2.773304786	85182.51563
2.773409731	85143.50781
2.773514821	85104.3125
2.773619767	85065.29688
2.773724701	85026.28125
2.773829791	84987.08594
2.773934736	84948.07031
2.774039826	84908.875
2.774144772	84869.85938
2.774249861	84830.66406
2.774354796	84791.64844
2.774459742	84752.625
2.774564831	84713.4375
2.774669777	84671.42188
2.774774866	84628.74219
2.774879801	84586.23438
2.774984747	84543.72656
2.775089836	84501.04688
2.775194782	84458.53906
2.775299872	84415.85938
2.775404806	84373.35156
2.775614841	84288.17188
2.775719787	84245.65625
2.775929811	84160.47656
2.776139847	84075.28906
2.776244803	84032.78906
2.776454816	83947.59375
2.776979844	83728.07031
2.777504849	83497.42188
2.777714873	83405.125
2.777924886	83312.82813
2.778239878	83174.47656
2.778449913	83082.1875
2.778659926	82989.89063
2.778764883	82943.82813
2.778974918	82851.53125
2.779184943	82752.98438
2.779394967	82653.59375
2.779499923	82603.97656
2.779709948	82504.59375
2.779919983	82405.20313
2.780024929	82355.58594
2.780129996	82305.8125
2.780234953	82256.20313
2.780444988	82156.8125
2.780655023	82057.42969
2.780759958	82007.8125
2.780969993	81908.42188
2.781180028	81809.03906
2.781284963	81757.57031
2.781390042	81704.36719
2.781494998	81651.32031
2.781705034	81545.07031
2.781915058	81438.82031
2.782020003	81385.77344
2.782230039	81279.52344
2.782440063	81173.27344
2.782650098	81067.02344
2.782755044	81013.97656
2.782965068	80907.72656
2.783175103	80801.47656
2.783280049	80748.42969
2.783385127	80695.22656
2.783490073	80641.52344
2.783700108	80528.85156
2.783910132	80416.17188
2.784015078	80359.91406
2.784120168	80303.5
2.784225113	80247.24219
2.784435138	80134.57031
2.784540083	80078.3125
2.784645173	80021.89063
2.784750118	79965.64063
2.784855208	79909.21875
2.784960143	79852.96094
2.785170178	79740.28906
2.785275124	79684.03906
2.785380213	79627.61719
2.785485148	79571.35938
2.785590237	79514.9375
2.785695183	79458.6875
2.785800129	79400.20313
2.785905218	79340.86719
2.786010153	79281.70313
2.786115242	79222.36719
2.786220188	79163.20313
2.786325278	79103.85938
2.786430223	79044.70313
2.786535158	78985.53906
2.786640248	78926.20313
2.786745193	78867.03906
2.786850283	78807.69531
2.786955229	78748.53906
2.787060185	78689.39063
2.787165253	78630.03906
2.787270198	78570.88281
2.787375288	78511.53906
2.787480234	78452.38281
2.787585323	78393.03125
2.787690258	78333.875
2.787795203	78274.71875
2.787900293	78215.375
2.788005239	78155.63281
2.788110328	78093.75781
2.788215263	78032.07813
2.78832022	77970.41406
2.788425298	77908.52344
2.788530244	77846.85156
2.788635322	77784.96875
2.788740268	77723.29688
2.788950303	77599.73438
2.78905526	77538.07813
2.789265273	77414.50781
2.789475308	77290.95313
2.789580265	77229.28906
2.789790289	77105.73438
2.790000313	76982.16406
2.790315294	76795.69531
2.79052533	76668.02344
2.7908403	76476.64063
2.791050335	76348.96875
2.79126037	76221.29688
2.791470383	76093.60938
2.79157534	76029.91406
2.791785375	75902.24219
2.791995399	75774.57031
2.792100345	75710.85938
2.792205424	75646.875
2.79231038	75583.1875
2.792520404	75455.51563
2.79273044	75324.875
2.792835385	75259.61719
2.79304541	75128.82813
2.793255445	74998.04688
2.79336039	74932.78906
2.793465458	74867.23438
2.793570415	74802
2.79378045	74671.21094
2.793990485	74540.42188
2.79409542	74475.16406
2.794305455	74344.375
2.79451549	74213.58594
2.794620425	74148.33594
2.794725514	74082.79688
2.79483046	74017.42188
2.795040484	73884.60938
2.79525052	73751.78906
2.795355465	73685.53906
2.795460555	73618.97656
2.795565489	73552.71875
2.795775525	73419.89844
2.79588047	73353.64844
2.79598556	73287.08594
2.796090495	73220.83594
2.79630053	73088.01563
2.796510565	72955.19531
2.7966155	72888.94531
2.796825535	72756.125
2.79703557	72623.30469
2.797140505	72556.9375
2.797245594	72489.90625
2.79735054	72423.21094
2.797560575	72289.48438
2.797770599	72155.75781
2.797875545	72089.07031
2.797980635	72022.03125
2.79808558	71955.34375
2.798295605	71821.61719
2.798400561	71754.96094
2.79850564	71687.88281
2.798610585	71621.20313
2.798715675	71554.15625
2.79882061	71487.47656
2.799030645	71353.74219
2.799135602	71287.10156
2.79924068	71220.01563
2.799345615	71153.33594
2.799450704	71086.3125
2.79955565	71019.70313
2.799660607	70953.14063
2.799765685	70886.125
2.79987062	70819.52344
2.799975709	70752.54688
2.800080655	70685.94531
2.800290679	70552.35938
2.800395647	70485.80469
2.800500715	70418.78125
2.80060566	70352.17969
2.800815684	70218.59375
2.800920652	70152.03906
2.80102572	70085.00781
2.801130676	70018.46094
2.80134069	69884.82813
2.801655682	69684.69531
2.801865717	69551.96875
2.80207573	69419.57813
2.802180687	69353.64844
2.802390722	69221.29688
2.802600746	69088.94531
2.80281077	68956.54688
2.802915727	68890.625
2.803020794	68824.19531
2.803125751	68758.27344
2.803335786	68625.92188
2.803440732	68559.96094
2.8035458	68493.52344
2.803650756	68427.60938
2.803755835	68361.16406
2.803860792	68295.25
2.804070827	68163.30469
2.804175761	68098.39844
2.80428084	68033.00781
2.804385797	67968.15625
2.804595832	67837.90625
2.804700766	67773.00781
2.804805856	67707.65625
2.804910802	67642.75781
2.805120837	67512.50781
2.805330861	67382.25781
2.805435807	67317.35938
2.805540896	67252
2.805645842	67187.10938
2.805855866	67056.85156
2.805960812	66991.96094
2.806170847	66861.70313
2.806380871	66731.96094
2.806695852	66541.34375
2.806905877	66414.10938
2.807115912	66286.86719
2.807430882	66096.25
2.807640917	65969.01563
2.807955887	65778.39844
2.808165922	65651.15625
2.808690927	65333.79688
2.808900951	65210.34375
2.809215932	65025.41406
2.809425956	64901.96094
2.809635992	64778.50781
2.809846027	64655.05078
2.809950961	64593.58203
2.810160997	64470.125
2.810371032	64346.67188
2.810475989	64285.26563
2.810581056	64223.21484
2.810686002	64161.75
2.810791091	64099.76172
2.810896037	64038.29297
2.811001116	63976.64453
2.811106061	63917.35547
2.811211018	63858.12891
2.811316097	63798.25
2.811421042	63738.96094
2.811526121	63679.14844
2.811631066	63619.85938
2.811736023	63560.63672
2.811841102	63500.75391
2.811946047	63441.46875
2.812051126	63381.65234
2.812156072	63322.36328
2.812366107	63203.25781
2.812471064	63144.03906
2.812681077	63024.87109
2.812891112	62905.76172
2.812996069	62846.54688
2.813206093	62727.44141
2.813416117	62610.85938
2.813626141	62496.75
2.813731098	62440.03516
2.813941133	62325.92578
2.814151146	62211.75
2.814256103	62155.03906
2.814361182	62097.64063
2.814466138	62040.92969
2.814676174	61926.82031
2.814886187	61812.64453
2.814991143	61755.93359
2.815096222	61698.53125
2.815201179	61641.82422
2.815306246	61584.42188
2.815411203	61527.71484
2.815516148	61470.9375
2.815621227	61413.53516
2.815726184	61359.30078
2.815831251	61304.60938
2.815936208	61250.61719
2.816041286	61195.92578
2.816146243	61141.93359
2.816251189	61087.87109
2.816356256	61033.17578
2.816461213	60979.1875
2.816566292	60924.49219
2.816671248	60870.5
2.816776194	60816.44141
2.816881284	60761.81641
2.816986218	60707.75391
2.817091297	60653.05859
2.817196253	60599.07031
2.817301321	60544.37109
2.817406278	60490.38281
2.817511223	60436.32422
2.817616313	60381.69922
2.817721259	60327.64063
2.817826326	60272.94141
2.817931283	60218.95313
2.818036228	60167.16797
2.818141318	60115.44141
2.818246264	60064.28125
2.818351331	60012.48047
2.818456288	59961.39453
2.818666323	59858.50781
2.818771269	59807.34766
2.818876358	59755.61719
2.818981293	59704.46094
2.819191328	59601.57031
2.819296274	59550.41406
2.819401363	59498.67969
2.819506298	59447.52344
2.819716333	59344.63281
2.819926369	59241.74219
2.820031303	59190.58984
2.820241338	59087.69531
2.820451374	58989.96875
2.820556308	58941.91406
2.820766343	58845.22266
2.820976379	58748.53125
2.821291349	58603.78516
2.821501384	58507.09375
2.821711408	58410.40234
2.821816365	58362.42578
2.822026389	58265.65625
2.822236413	58168.96484
2.822446448	58072.26953
2.822551405	58024.29688
2.822761418	57932.51563
2.822971454	57842.20313
2.82307641	57797.42188
2.823181478	57751.89453
2.823286446	57707.11328
2.823496459	57616.72266
2.823706483	57526.41406
2.82381144	57481.63672
2.824021464	57391.24609
2.824231488	57300.93359
2.824336445	57256.15625
2.824441523	57210.625
2.82454648	57165.84766
2.824756493	57075.45703
2.824966528	56986.71094
2.825071485	56945.18359
2.82528152	56861.37891
2.825491533	56777.49219
2.82559649	56735.96875
2.825806525	56652.16016
2.82601655	56568.35547
2.82633153	56442.94141
2.826541555	56359.13672
2.826856536	56233.72656
2.82706656	56149.91797
2.827591565	55952.08984
2.8278016	55874.92578
2.82811657	55759.47656
2.828326594	55682.3125
2.828536641	55605.14453
2.828851599	55489.69922
2.829061646	55412.53125
2.82927167	55335.36719
2.829376604	55297.08594
2.829481694	55258.19922
2.829586651	55221.28906
2.829796675	55150.67969
2.830006699	55080.06641
2.830111656	55045.0625
2.830216745	55009.45703
2.83032168	54974.45313
2.830531704	54903.84375
2.830636661	54868.83984
2.830741751	54833.23047
2.830846685	54798.23047
2.830951775	54762.62109
2.831056709	54727.61719
2.831266756	54657.00781
2.83137169	54622.00391
2.83147678	54586.39844
2.831581714	54551.39453
2.831686804	54515.78516
2.831791761	54480.78516
2.832001785	54414.80078
2.83210672	54382.98828
2.832211809	54350.57422
2.832316766	54318.75781
2.83252679	54254.53125
2.832631725	54222.71875
2.832736814	54190.30078
2.832841771	54158.48828
2.833051795	54094.25781
2.833261819	54030.03125
2.833366776	53998.21484
2.8335768	53933.98828
2.833786824	53869.75781
2.833891781	53838.03125
2.834101805	53773.71484
2.83431183	53714.28125
2.834626833	53627.67969
2.834836835	53569.60156
2.835046881	53511.60938
2.835151838	53483
2.835361862	53425.00781
2.835571886	53366.92969
2.83578191	53308.9375
2.835886867	53280.32813
2.835991934	53250.94922
2.836096891	53222.33594
2.836306915	53164.26172
2.836411872	53135.64844
2.83651694	53108.25781
2.836621896	53082.55859
2.83683192	53030.30469
2.837041945	52978.13672
2.837146901	52952.43359
2.837251969	52925.97266
2.837356948	52900.26953
2.83756695	52848.01563
2.837671907	52822.3125
2.837776974	52795.85156
2.837881931	52770.14453
2.838091977	52717.98047
2.838301979	52665.73047
2.838406936	52640.02344
2.838512025	52613.5625
2.838616982	52587.85547
2.838827006	52538.05859
2.838931941	52514.90625
2.839037031	52491.09375
2.839141987	52468.02344
2.839247055	52444.21484
2.839352011	52421.14453
2.839562036	52374.26172
2.839666992	52351.10156
2.83977206	52327.30078
2.839877017	52304.22266
2.840087041	52257.34375
2.840191997	52234.17969
2.840297087	52210.46484
2.840402022	52187.30078
2.840507089	52163.51172
2.840612046	52140.42188
2.840822092	52093.54688
2.840927027	52070.375
2.841032116	52047.06641
2.841137051	52026.01953
2.841242141	52004.37109
2.841347097	51983.39453
2.841452032	51962.33594
2.841557121	51940.77344
2.841662056	51919.71094
2.841767146	51898.15625
2.841872102	51877.08984
2.84197717	51855.46875
2.842082127	51834.47266
2.842187061	51813.39844
2.842292151	51791.85547
2.842397107	51770.78125
2.842502175	51749.17969
2.842607132	51728.16406
2.842712066	51707.08203
2.842817156	51685.55469
2.842922113	51664.46484
2.843027202	51642.94531
2.843132137	51621.85156
2.843237204	51600.28125
2.843342161	51579.91406
2.843447118	51560.00391
2.843552207	51539.71484
2.843657142	51519.79688
2.843762232	51499.53125
2.843867166	51479.60547
2.843972123	51459.66406
2.844077212	51439.42969
2.844182147	51419.48047
2.844287237	51399.26953
2.844392171	51379.3125
2.844602218	51339.16016
2.844707152	51319.17578
2.844812242	51299.02344
2.844917176	51279.03125
2.845127223	51238.90234
2.845232179	51218.89453
2.845442181	51178.76563
2.845652228	51136.77734
2.845967209	51071.00781
2.846177233	51027.28906
2.846492214	50961.41406
2.846702238	50917.6875
2.847227243	50808.13672
2.847437289	50764.50781
2.847752248	50698.57813
2.847962294	50639.89063
2.848172319	50577.25
2.8484873	50482.30078
2.848697324	50419.83594
2.849012305	50324.60938
2.849222329	50262.31641
2.849747334	50104.69922
2.850272339	46230.04297
2.850482363	42836.73828
2.851007368	34352.78125
2.851532373	25869.36914
2.851742398	22474.95117
2.852267403	13991.72852
