1.598006715504179010e+05 1.598006715504179010e+05
1.594546290052749100e+05 1.594546290052749100e+05
1.590283852117935021e+05 1.590283852117935021e+05
1.588275984283217113e+05 1.588275984283217113e+05
1.585325223513566016e+05 1.585325223513566016e+05
1.583740215981088113e+05 1.583740215981088113e+05
1.580201774647124112e+05 1.580201774647124112e+05
1.577729770322538971e+05 1.577729770322538971e+05
1.576894318545442075e+05 1.576894318545442075e+05
1.573606004241263145e+05 1.573606004241263145e+05
1.572781482313598972e+05 1.572781482313598972e+05
1.570126986483180081e+05 1.570126986483180081e+05
1.569461465863065096e+05 1.569461465863065096e+05
1.567293718801891082e+05 1.567293718801891082e+05
1.566530084548373125e+05 1.566530084548373125e+05
1.565003282390024979e+05 1.565003282390024979e+05
1.562946429060577066e+05 1.562946429060577066e+05
1.562648652312300110e+05 1.562648652312300110e+05
1.560826255366418918e+05 1.560826255366418918e+05
1.559714018654940883e+05 1.559714018654940883e+05
1.559489210869125964e+05 1.559489210869125964e+05
1.558127358572939993e+05 1.558127358572939993e+05
1.556872226522495912e+05 1.556872226522495912e+05
1.556736847898064880e+05 1.556736847898064880e+05
1.555035488632144989e+05 1.555035488632144989e+05
1.554981061454036098e+05 1.554981061454036098e+05
1.553104030695015099e+05 1.553104030695015099e+05
1.553162221812442003e+05 1.553162221812442003e+05
1.552576623126261984e+05 1.552576623126261984e+05
1.551013736472653109e+05 1.551013736472653109e+05
1.551330088752484880e+05 1.551330088752484880e+05
1.550225523611399112e+05 1.550225523611399112e+05
1.548779219706029980e+05 1.548779219706029980e+05
1.548706928514977044e+05 1.548706928514977044e+05
1.547387436167665874e+05 1.547387436167665874e+05
1.547164179033538967e+05 1.547164179033538967e+05
1.546700921793591988e+05 1.546700921793591988e+05
1.544951537678599998e+05 1.544951537678599998e+05
1.545322367591898073e+05 1.545322367591898073e+05
1.544352258695134951e+05 1.544352258695134951e+05
1.542629665083884029e+05 1.542629665083884029e+05
1.543039578935356112e+05 1.543039578935356112e+05
1.541607270295369090e+05 1.541607270295369090e+05
1.541316335024212021e+05 1.541316335024212021e+05
1.540071591464407102e+05 1.540071591464407102e+05
1.539328234627417987e+05 1.539328234627417987e+05
1.538683123386185907e+05 1.538683123386185907e+05
1.538630464946441061e+05 1.538630464946441061e+05
1.537428845904131013e+05 1.537428845904131013e+05
1.536772864616819134e+05 1.536772864616819134e+05
1.537332358748395054e+05 1.537332358748395054e+05
1.535615308924285928e+05 1.535615308924285928e+05
1.535772000883207947e+05 1.535772000883207947e+05
1.534303831237014092e+05 1.534303831237014092e+05
1.533900682903314009e+05 1.533900682903314009e+05
1.533656080935453938e+05 1.533656080935453938e+05
1.532164400338862033e+05 1.532164400338862033e+05
1.531553334515379975e+05 1.531553334515379975e+05
1.532205152878428053e+05 1.532205152878428053e+05
1.530724972861013084e+05 1.530724972861013084e+05
1.530897431710968958e+05 1.530897431710968958e+05
1.529624813156723103e+05 1.529624813156723103e+05
1.530115630153056991e+05 1.530115630153056991e+05
1.528394677696553117e+05 1.528394677696553117e+05
1.528189496645946929e+05 1.528189496645946929e+05
1.527224423677771119e+05 1.527224423677771119e+05
1.527440907403235033e+05 1.527440907403235033e+05
1.526655454695346998e+05 1.526655454695346998e+05
1.525126153544209956e+05 1.525126153544209956e+05
1.525466914536579861e+05 1.525466914536579861e+05
1.524981135349078104e+05 1.524981135349078104e+05
1.523321524572916096e+05 1.523321524572916096e+05
1.523445009408598125e+05 1.523445009408598125e+05
1.522943453331259079e+05 1.522943453331259079e+05
1.521380393681719142e+05 1.521380393681719142e+05
1.520792256707948982e+05 1.520792256707948982e+05
1.521150509076280869e+05 1.521150509076280869e+05
1.520925257816136873e+05 1.520925257816136873e+05
1.519647781959633867e+05 1.519647781959633867e+05
1.519014892276115133e+05 1.519014892276115133e+05
1.519522057685827895e+05 1.519522057685827895e+05
1.517981503884406120e+05 1.517981503884406120e+05
1.518226061088202987e+05 1.518226061088202987e+05
1.516588086226290907e+05 1.516588086226290907e+05
1.516898845495771093e+05 1.516898845495771093e+05
1.515666195989649859e+05 1.515666195989649859e+05
1.515067558269776928e+05 1.515067558269776928e+05
1.514479808399250905e+05 1.514479808399250905e+05
1.514904763848989969e+05 1.514904763848989969e+05
1.513452130127965065e+05 1.513452130127965065e+05
1.513623141277238901e+05 1.513623141277238901e+05
1.513217474239174044e+05 1.513217474239174044e+05
1.511682079455153143e+05 1.511682079455153143e+05
1.511811888990814914e+05 1.511811888990814914e+05
1.510862490096974070e+05 1.510862490096974070e+05
1.511235505047859915e+05 1.511235505047859915e+05
1.509490158042999101e+05 1.509490158042999101e+05
1.509118870647267031e+05 1.509118870647267031e+05
1.508880288988252869e+05 1.508880288988252869e+05
1.508304055407083943e+05 1.508304055407083943e+05
1.506776333208266005e+05 1.506776333208266005e+05
1.507368500870288990e+05 1.507368500870288990e+05
1.506181141678086133e+05 1.506181141678086133e+05
1.506319726631795056e+05 1.506319726631795056e+05
1.505059295156252920e+05 1.505059295156252920e+05
1.504998843482127122e+05 1.504998843482127122e+05
1.504091971452056896e+05 1.504091971452056896e+05
1.504104362460515113e+05 1.504104362460515113e+05
1.502736768299046962e+05 1.502736768299046962e+05
1.502006659450216976e+05 1.502006659450216976e+05
1.501476315294266096e+05 1.501476315294266096e+05
1.501394661711289082e+05 1.501394661711289082e+05
1.500570226016138040e+05 1.500570226016138040e+05
1.501199353922219889e+05 1.501199353922219889e+05
1.499790691717815062e+05 1.499790691717815062e+05
1.500244656304609962e+05 1.500244656304609962e+05
1.498710062125771074e+05 1.498710062125771074e+05
1.498767439957241877e+05 1.498767439957241877e+05
1.498219316409803869e+05 1.498219316409803869e+05
1.496544846657514863e+05 1.496544846657514863e+05
1.496973167416990036e+05 1.496973167416990036e+05
1.495457082727419911e+05 1.495457082727419911e+05
1.495742046671753924e+05 1.495742046671753924e+05
1.494588619865757064e+05 1.494588619865757064e+05
1.494173219563050952e+05 1.494173219563050952e+05
1.494235535159969877e+05 1.494235535159969877e+05
1.493482343789103907e+05 1.493482343789103907e+05
1.493863773595126113e+05 1.493863773595126113e+05
1.493400630626619968e+05 1.493400630626619968e+05
1.491778937190219876e+05 1.491778937190219876e+05
1.491840855259296077e+05 1.491840855259296077e+05
1.490254347023559094e+05 1.490254347023559094e+05
1.489363310183796857e+05 1.489363310183796857e+05
1.489638424642042082e+05 1.489638424642042082e+05
1.488394761030242080e+05 1.488394761030242080e+05
1.488869313313633902e+05 1.488869313313633902e+05
1.488379714278969914e+05 1.488379714278969914e+05
1.487109913563801965e+05 1.487109913563801965e+05
1.486544114352061006e+05 1.486544114352061006e+05
1.486870566747203120e+05 1.486870566747203120e+05
1.487094049400138902e+05 1.487094049400138902e+05
1.485915072859778884e+05 1.485915072859778884e+05
1.484461032479194982e+05 1.484461032479194982e+05
1.485484670480040077e+05 1.485484670480040077e+05
1.484214389380046050e+05 1.484214389380046050e+05
1.483596988673348096e+05 1.483596988673348096e+05
1.481442695562664012e+05 1.481442695562664012e+05
1.481140812472651014e+05 1.481140812472651014e+05
1.480025293739518092e+05 1.480025293739518092e+05
1.478893359323200129e+05 1.478893359323200129e+05
1.480071969211678079e+05 1.480071969211678079e+05
1.479887919180860918e+05 1.479887919180860918e+05
1.480909105823148857e+05 1.480909105823148857e+05
1.480868907871725096e+05 1.480868907871725096e+05
1.480623602850355092e+05 1.480623602850355092e+05
1.477302305518382927e+05 1.477302305518382927e+05
1.475783902668057126e+05 1.475783902668057126e+05
1.474941607031052990e+05 1.474941607031052990e+05
1.475405023032749887e+05 1.475405023032749887e+05
1.477052481739126088e+05 1.477052481739126088e+05
1.475951585642349964e+05 1.475951585642349964e+05
1.476241239756965078e+05 1.476241239756965078e+05
1.476094441504750866e+05 1.476094441504750866e+05
1.474532040415137890e+05 1.474532040415137890e+05
1.472129926150609099e+05 1.472129926150609099e+05
1.471237844079035858e+05 1.471237844079035858e+05
1.468036792949619994e+05 1.468036792949619994e+05
1.466831237517468981e+05 1.466831237517468981e+05
1.466665841611530923e+05 1.466665841611530923e+05
1.469514591318627936e+05 1.469514591318627936e+05
1.469739612569326127e+05 1.469739612569326127e+05
1.470539699444189901e+05 1.470539699444189901e+05
1.470528349170132133e+05 1.470528349170132133e+05
1.470856883449766901e+05 1.470856883449766901e+05
1.468558638522227993e+05 1.468558638522227993e+05
1.466101967770631891e+05 1.466101967770631891e+05
1.465231942433177028e+05 1.465231942433177028e+05
1.462733303460112074e+05 1.462733303460112074e+05
1.461995933304911887e+05 1.461995933304911887e+05
1.461165330454710056e+05 1.461165330454710056e+05
1.463031785562257865e+05 1.463031785562257865e+05
1.465807666233284108e+05 1.465807666233284108e+05
1.467990279758638935e+05 1.467990279758638935e+05
1.469901023202158103e+05 1.469901023202158103e+05
1.469045073739411891e+05 1.469045073739411891e+05
1.468754697143895901e+05 1.468754697143895901e+05
1.463829650863026036e+05 1.463829650863026036e+05
1.460622831825590110e+05 1.460622831825590110e+05
1.456229262687553128e+05 1.456229262687553128e+05
1.452626535825279134e+05 1.452626535825279134e+05
1.450916156175436918e+05 1.450916156175436918e+05
1.449897493105372996e+05 1.449897493105372996e+05
1.451400148480788921e+05 1.451400148480788921e+05
1.452678797403993085e+05 1.452678797403993085e+05
1.456964566286350018e+05 1.456964566286350018e+05
1.458944919795076130e+05 1.458944919795076130e+05
1.461892649001635145e+05 1.461892649001635145e+05
1.464386734848463966e+05 1.464386734848463966e+05
1.463619920508778014e+05 1.463619920508778014e+05
1.462420120556222100e+05 1.462420120556222100e+05
1.457772866546057048e+05 1.457772866546057048e+05
1.454998043041942874e+05 1.454998043041942874e+05
1.451275107846471074e+05 1.451275107846471074e+05
1.447322062755794905e+05 1.447322062755794905e+05
1.443676612415050040e+05 1.443676612415050040e+05
1.440508951064652938e+05 1.440508951064652938e+05
1.441697707914990897e+05 1.441697707914990897e+05
1.444229599353932135e+05 1.444229599353932135e+05
1.444489667471066059e+05 1.444489667471066059e+05
1.448020401888949855e+05 1.448020401888949855e+05
1.451856375868289906e+05 1.451856375868289906e+05
1.456331559644154913e+05 1.456331559644154913e+05
1.459577093662697880e+05 1.459577093662697880e+05
1.458284348415946879e+05 1.458284348415946879e+05
1.457528882255057106e+05 1.457528882255057106e+05
1.457887171339757915e+05 1.457887171339757915e+05
1.453959954163084039e+05 1.453959954163084039e+05
1.449772345574366045e+05 1.449772345574366045e+05
1.445188026715879969e+05 1.445188026715879969e+05
1.440473467232974072e+05 1.440473467232974072e+05
1.434711625279780128e+05 1.434711625279780128e+05
1.430099922816326143e+05 1.430099922816326143e+05
1.427500468783522956e+05 1.427500468783522956e+05
1.425458840720058943e+05 1.425458840720058943e+05
1.424451325187874027e+05 1.424451325187874027e+05
1.424130871148075967e+05 1.424130871148075967e+05
1.426535194505703985e+05 1.426535194505703985e+05
1.429072549701117969e+05 1.429072549701117969e+05
1.433020526030762121e+05 1.433020526030762121e+05
1.437581619431189029e+05 1.437581619431189029e+05
1.441443659180978138e+05 1.441443659180978138e+05
1.446679919289757090e+05 1.446679919289757090e+05
1.447587276630105043e+05 1.447587276630105043e+05
1.449924831960487063e+05 1.449924831960487063e+05
1.448804312431305880e+05 1.448804312431305880e+05
1.447759946834649891e+05 1.447759946834649891e+05
1.445314802315765992e+05 1.445314802315765992e+05
1.442685014082367998e+05 1.442685014082367998e+05
1.439012460852412914e+05 1.439012460852412914e+05
1.434704130675928900e+05 1.434704130675928900e+05
1.431351743910149962e+05 1.431351743910149962e+05
1.427786931364676857e+05 1.427786931364676857e+05
1.424972964246720076e+05 1.424972964246720076e+05
1.420101107308464998e+05 1.420101107308464998e+05
1.417223435189269949e+05 1.417223435189269949e+05
1.414690963517996133e+05 1.414690963517996133e+05
1.412202646718132019e+05 1.412202646718132019e+05
1.409788040513936139e+05 1.409788040513936139e+05
1.410066312987997080e+05 1.410066312987997080e+05
1.409851657321187085e+05 1.409851657321187085e+05
1.410181240281974024e+05 1.410181240281974024e+05
1.413743285177779908e+05 1.413743285177779908e+05
1.414886890558475861e+05 1.414886890558475861e+05
1.418247911727112078e+05 1.418247911727112078e+05
1.419005469062739867e+05 1.419005469062739867e+05
1.422438997599153081e+05 1.422438997599153081e+05
1.427006188026267919e+05 1.427006188026267919e+05
1.428675349959736050e+05 1.428675349959736050e+05
1.433335763190037978e+05 1.433335763190037978e+05
1.435648804372244922e+05 1.435648804372244922e+05
1.434700336511197966e+05 1.434700336511197966e+05
1.436983257268819143e+05 1.436983257268819143e+05
1.434104897234525124e+05 1.434104897234525124e+05
1.433796805566361872e+05 1.433796805566361872e+05
1.434305927136891114e+05 1.434305927136891114e+05
1.431410610078982136e+05 1.431410610078982136e+05
1.427363004517281952e+05 1.427363004517281952e+05
1.424642785374755913e+05 1.424642785374755913e+05
1.421784116345026996e+05 1.421784116345026996e+05
1.418290915940027917e+05 1.418290915940027917e+05
1.416289268579462951e+05 1.416289268579462951e+05
1.412102884143147094e+05 1.412102884143147094e+05
1.409236287849115906e+05 1.409236287849115906e+05
1.405716339995180897e+05 1.405716339995180897e+05
1.404803882415650878e+05 1.404803882415650878e+05
1.400472326796783018e+05 1.400472326796783018e+05
1.397641558409309946e+05 1.397641558409309946e+05
1.395164918279190024e+05 1.395164918279190024e+05
1.395906990611334913e+05 1.395906990611334913e+05
1.394005231179764087e+05 1.394005231179764087e+05
1.393701314678511117e+05 1.393701314678511117e+05
1.392403766306948091e+05 1.392403766306948091e+05
1.393023091346769070e+05 1.393023091346769070e+05
1.392998770195067918e+05 1.392998770195067918e+05
1.393163760205789877e+05 1.393163760205789877e+05
1.394262832747839857e+05 1.394262832747839857e+05
1.393791481181789131e+05 1.393791481181789131e+05
1.393216309860107140e+05 1.393216309860107140e+05
1.393154629728406144e+05 1.393154629728406144e+05
1.392626923052365019e+05 1.392626923052365019e+05
1.391576136052951042e+05 1.391576136052951042e+05
1.391553869288291899e+05 1.391553869288291899e+05
1.391184391440910113e+05 1.391184391440910113e+05
1.391814065268517879e+05 1.391814065268517879e+05
1.390913689033279079e+05 1.390913689033279079e+05
1.392627787236359145e+05 1.392627787236359145e+05
1.393137173191297043e+05 1.393137173191297043e+05
1.393389615310847876e+05 1.393389615310847876e+05
1.395442243578803900e+05 1.395442243578803900e+05
1.398089062878531113e+05 1.398089062878531113e+05
1.399220975089948915e+05 1.399220975089948915e+05
1.399000937126558856e+05 1.399000937126558856e+05
1.400896483774558874e+05 1.400896483774558874e+05
1.402446460225773917e+05 1.402446460225773917e+05
1.403329366641436063e+05 1.403329366641436063e+05
1.404381716178407951e+05 1.404381716178407951e+05
1.403705166044154030e+05 1.403705166044154030e+05
1.403054869435032888e+05 1.403054869435032888e+05
1.402075209406302019e+05 1.402075209406302019e+05
1.402583569774354110e+05 1.402583569774354110e+05
1.399884331617756980e+05 1.399884331617756980e+05
1.399034637822211953e+05 1.399034637822211953e+05
1.396477933612425986e+05 1.396477933612425986e+05
1.394677764121044020e+05 1.394677764121044020e+05
1.393545078625832102e+05 1.393545078625832102e+05
1.392913992059383891e+05 1.392913992059383891e+05
1.389486331238560961e+05 1.389486331238560961e+05
1.388100188864463125e+05 1.388100188864463125e+05
1.386776162901491916e+05 1.386776162901491916e+05
1.387194776024011080e+05 1.387194776024011080e+05
1.383322408572506101e+05 1.383322408572506101e+05
1.381140192950199125e+05 1.381140192950199125e+05
1.379408610146298888e+05 1.379408610146298888e+05
1.378496679491742980e+05 1.378496679491742980e+05
1.377296183663530101e+05 1.377296183663530101e+05
1.375917414344552089e+05 1.375917414344552089e+05
1.374551622618960100e+05 1.374551622618960100e+05
1.374015725132855005e+05 1.374015725132855005e+05
1.374359830944022979e+05 1.374359830944022979e+05
1.372307849025533069e+05 1.372307849025533069e+05
1.372302278363424994e+05 1.372302278363424994e+05
1.370213144586728013e+05 1.370213144586728013e+05
1.370203382349585008e+05 1.370203382349585008e+05
1.368170121182310977e+05 1.368170121182310977e+05
1.367211505522963998e+05 1.367211505522963998e+05
1.367862212122378987e+05 1.367862212122378987e+05
1.367219756515675981e+05 1.367219756515675981e+05
1.365201125732953078e+05 1.365201125732953078e+05
1.366709631363007065e+05 1.366709631363007065e+05
1.364975183453237114e+05 1.364975183453237114e+05
1.365108852408078092e+05 1.365108852408078092e+05
1.364645342786452966e+05 1.364645342786452966e+05
1.363711090644233918e+05 1.363711090644233918e+05
1.362134812981653959e+05 1.362134812981653959e+05
1.362188594904413039e+05 1.362188594904413039e+05
1.363439757209242089e+05 1.363439757209242089e+05
1.360576056194468983e+05 1.360576056194468983e+05
1.360187220559977868e+05 1.360187220559977868e+05
1.361028979953374073e+05 1.361028979953374073e+05
1.360351906198539946e+05 1.360351906198539946e+05
1.359810466423883918e+05 1.359810466423883918e+05
1.357063498818638909e+05 1.357063498818638909e+05
1.355380080192862952e+05 1.355380080192862952e+05
1.355121603046366072e+05 1.355121603046366072e+05
1.352053736898564093e+05 1.352053736898564093e+05
1.349292821681277128e+05 1.349292821681277128e+05
1.349978170279778133e+05 1.349978170279778133e+05
1.350328091790855106e+05 1.350328091790855106e+05
1.353609673723122978e+05 1.353609673723122978e+05
1.354403767357591132e+05 1.354403767357591132e+05
1.356242435864883882e+05 1.356242435864883882e+05
1.354372329318301927e+05 1.354372329318301927e+05
1.355326556702023081e+05 1.355326556702023081e+05
1.354882512908074132e+05 1.354882512908074132e+05
1.353831157589693903e+05 1.353831157589693903e+05
1.353918937010974914e+05 1.353918937010974914e+05
1.353968592938183865e+05 1.353968592938183865e+05
1.353608340781312145e+05 1.353608340781312145e+05
1.351923154838347109e+05 1.351923154838347109e+05
1.352637474550032930e+05 1.352637474550032930e+05
1.351351673772798968e+05 1.351351673772798968e+05
1.349942308466628892e+05 1.349942308466628892e+05
1.348533367574083095e+05 1.348533367574083095e+05
1.350023517423681915e+05 1.350023517423681915e+05
1.349141686974599143e+05 1.349141686974599143e+05
1.347934591599593114e+05 1.347934591599593114e+05
1.347404499920893868e+05 1.347404499920893868e+05
1.347020932088941918e+05 1.347020932088941918e+05
1.346249494820249092e+05 1.346249494820249092e+05
1.345725201227691141e+05 1.345725201227691141e+05
1.345899490999742120e+05 1.345899490999742120e+05
1.345154478402092936e+05 1.345154478402092936e+05
1.343261516163324122e+05 1.343261516163324122e+05
1.344024295615442970e+05 1.344024295615442970e+05
1.342959269035726902e+05 1.342959269035726902e+05
1.342387162888467137e+05 1.342387162888467137e+05
1.341855473988924932e+05 1.341855473988924932e+05
1.341832380912865046e+05 1.341832380912865046e+05
1.340852309884461865e+05 1.340852309884461865e+05
1.339778206190083874e+05 1.339778206190083874e+05
1.339175295031641144e+05 1.339175295031641144e+05
1.337658156414600962e+05 1.337658156414600962e+05
1.337795286464173114e+05 1.337795286464173114e+05
1.337381963082810107e+05 1.337381963082810107e+05
1.338322717191237025e+05 1.338322717191237025e+05
1.337031450837524899e+05 1.337031450837524899e+05
1.335375449937520025e+05 1.335375449937520025e+05
1.334839147132610087e+05 1.334839147132610087e+05
1.334394796356947045e+05 1.334394796356947045e+05
1.333175725773912854e+05 1.333175725773912854e+05
1.332133253052746877e+05 1.332133253052746877e+05
1.330564781379922060e+05 1.330564781379922060e+05
1.330788413271153113e+05 1.330788413271153113e+05
1.329399271176345064e+05 1.329399271176345064e+05
1.327993774050450884e+05 1.327993774050450884e+05
1.326275220135670970e+05 1.326275220135670970e+05
1.326740357738019084e+05 1.326740357738019084e+05
1.325542229894071061e+05 1.325542229894071061e+05
1.323543382159303001e+05 1.323543382159303001e+05
1.322600944936528103e+05 1.322600944936528103e+05
1.323361378407317097e+05 1.323361378407317097e+05
1.321362950878498086e+05 1.321362950878498086e+05
1.319677144056666002e+05 1.319677144056666002e+05
1.317366539778501028e+05 1.317366539778501028e+05
1.316735034635356860e+05 1.316735034635356860e+05
1.315897486667073099e+05 1.315897486667073099e+05
1.313900603116200073e+05 1.313900603116200073e+05
1.313101351131437114e+05 1.313101351131437114e+05
1.311405137576643901e+05 1.311405137576643901e+05
1.311395623779282905e+05 1.311395623779282905e+05
1.309748643993574951e+05 1.309748643993574951e+05
1.308493782482919050e+05 1.308493782482919050e+05
1.307628500270648947e+05 1.307628500270648947e+05
1.306504012284796045e+05 1.306504012284796045e+05
1.305440231309664960e+05 1.305440231309664960e+05
1.305110773059031053e+05 1.305110773059031053e+05
1.303588678045723063e+05 1.303588678045723063e+05
1.302148733544363931e+05 1.302148733544363931e+05
1.300619661567565054e+05 1.300619661567565054e+05
1.301386506103967986e+05 1.301386506103967986e+05
1.299865451711289061e+05 1.299865451711289061e+05
1.299400246724659955e+05 1.299400246724659955e+05
1.297735495538761024e+05 1.297735495538761024e+05
1.297666641647387005e+05 1.297666641647387005e+05
1.296822680672254937e+05 1.296822680672254937e+05
1.295384101573205990e+05 1.295384101573205990e+05
1.296397424096954055e+05 1.296397424096954055e+05
1.295806980719491985e+05 1.295806980719491985e+05
1.294478579427530931e+05 1.294478579427530931e+05
1.294418213329856953e+05 1.294418213329856953e+05
1.292475289325985068e+05 1.292475289325985068e+05
1.291751748481693940e+05 1.291751748481693940e+05
1.291213345749332948e+05 1.291213345749332948e+05
1.289301524373978027e+05 1.289301524373978027e+05
1.289416078323544061e+05 1.289416078323544061e+05
1.287940107312797045e+05 1.287940107312797045e+05
1.288588552368522942e+05 1.288588552368522942e+05
1.287408924226639065e+05 1.287408924226639065e+05
1.287264750032384036e+05 1.287264750032384036e+05
1.287044367428655969e+05 1.287044367428655969e+05
1.286576452111177932e+05 1.286576452111177932e+05
1.284542342445899994e+05 1.284542342445899994e+05
1.283798519173540990e+05 1.283798519173540990e+05
1.284714068994419067e+05 1.284714068994419067e+05
1.282890315476974065e+05 1.282890315476974065e+05
1.283029918585912965e+05 1.283029918585912965e+05
1.281578334009862010e+05 1.281578334009862010e+05
1.281734393939291040e+05 1.281734393939291040e+05
1.280990338346064964e+05 1.280990338346064964e+05
1.280937844024512015e+05 1.280937844024512015e+05
1.279824663173630979e+05 1.279824663173630979e+05
1.278166311246403056e+05 1.278166311246403056e+05
1.279103124977578991e+05 1.279103124977578991e+05
1.278036124764840933e+05 1.278036124764840933e+05
1.276271191164342017e+05 1.276271191164342017e+05
1.277324657730829931e+05 1.277324657730829931e+05
1.276760891882435972e+05 1.276760891882435972e+05
1.275381360034547979e+05 1.275381360034547979e+05
1.275987719133667997e+05 1.275987719133667997e+05
1.275343777473147056e+05 1.275343777473147056e+05
1.274805305667070061e+05 1.274805305667070061e+05
1.274955146680158068e+05 1.274955146680158068e+05
1.273787616629944969e+05 1.273787616629944969e+05
1.273401835709153966e+05 1.273401835709153966e+05
1.273551049309341033e+05 1.273551049309341033e+05
1.271649418203724053e+05 1.271649418203724053e+05
1.272542843866151961e+05 1.272542843866151961e+05
1.272177323548218992e+05 1.272177323548218992e+05
1.271452188461537007e+05 1.271452188461537007e+05
1.271381882605887949e+05 1.271381882605887949e+05
1.271419933583142993e+05 1.271419933583142993e+05
1.270315393554089969e+05 1.270315393554089969e+05
1.269818075117340049e+05 1.269818075117340049e+05
1.269716279748030938e+05 1.269716279748030938e+05
1.269406904045449046e+05 1.269406904045449046e+05
1.267885927311444975e+05 1.267885927311444975e+05
1.268726766913898027e+05 1.268726766913898027e+05
1.268114033206552995e+05 1.268114033206552995e+05
1.267819931772202981e+05 1.267819931772202981e+05
1.267440303040220024e+05 1.267440303040220024e+05
1.265969401802361972e+05 1.265969401802361972e+05
1.266177198781080951e+05 1.266177198781080951e+05
1.266636826492349064e+05 1.266636826492349064e+05
1.265711255162598973e+05 1.265711255162598973e+05
1.265340455262511969e+05 1.265340455262511969e+05
1.265850017912485928e+05 1.265850017912485928e+05
1.263307579050165950e+05 1.263307579050165950e+05
1.262114523099602957e+05 1.262114523099602957e+05
1.261588051824263966e+05 1.261588051824263966e+05
1.262295043049585947e+05 1.262295043049585947e+05
1.261187677756813064e+05 1.261187677756813064e+05
1.259802146382943029e+05 1.259802146382943029e+05
1.259566370216584037e+05 1.259566370216584037e+05
1.257894147148999036e+05 1.257894147148999036e+05
1.257138503938104986e+05 1.257138503938104986e+05
1.256045181799308048e+05 1.256045181799308048e+05
1.256406370805579063e+05 1.256406370805579063e+05
1.255172528433256957e+05 1.255172528433256957e+05
1.253017228422743065e+05 1.253017228422743065e+05
1.252150925539253949e+05 1.252150925539253949e+05
1.252710299140649004e+05 1.252710299140649004e+05
1.251024510669784067e+05 1.251024510669784067e+05
1.249497811335380975e+05 1.249497811335380975e+05
1.248007346036922972e+05 1.248007346036922972e+05
1.247124378762746928e+05 1.247124378762746928e+05
1.245405537953434978e+05 1.245405537953434978e+05
1.245338407389440981e+05 1.245338407389440981e+05
1.243419070819449989e+05 1.243419070819449989e+05
1.242476352625402069e+05 1.242476352625402069e+05
1.241714265887408983e+05 1.241714265887408983e+05
1.240878861810419039e+05 1.240878861810419039e+05
1.239260626875173039e+05 1.239260626875173039e+05
1.237175227416028065e+05 1.237175227416028065e+05
1.237213276022310019e+05 1.237213276022310019e+05
1.235787174823845999e+05 1.235787174823845999e+05
1.233644291772089055e+05 1.233644291772089055e+05
1.233176606120411016e+05 1.233176606120411016e+05
1.231954113609695050e+05 1.231954113609695050e+05
1.229932876688863034e+05 1.229932876688863034e+05
1.229965388829346048e+05 1.229965388829346048e+05
1.228041914358522044e+05 1.228041914358522044e+05
1.227756520807156048e+05 1.227756520807156048e+05
1.226181402576054970e+05 1.226181402576054970e+05
1.224487868077688036e+05 1.224487868077688036e+05
1.224935595859650057e+05 1.224935595859650057e+05
1.223595594983290066e+05 1.223595594983290066e+05
1.222034603266444028e+05 1.222034603266444028e+05
1.220379941796581988e+05 1.220379941796581988e+05
1.220792543489192030e+05 1.220792543489192030e+05
1.219519034300654021e+05 1.219519034300654021e+05
1.218583047152476938e+05 1.218583047152476938e+05
1.218189306773226999e+05 1.218189306773226999e+05
1.216255964861594985e+05 1.216255964861594985e+05
1.216601942838779069e+05 1.216601942838779069e+05
1.216118815014222928e+05 1.216118815014222928e+05
1.214250446443488036e+05 1.214250446443488036e+05
1.213929502607736940e+05 1.213929502607736940e+05
1.213865321658042958e+05 1.213865321658042958e+05
1.212404764153307042e+05 1.212404764153307042e+05
1.212728124367072014e+05 1.212728124367072014e+05
1.211433953787101927e+05 1.211433953787101927e+05
1.211946134567904955e+05 1.211946134567904955e+05
1.211038674683706049e+05 1.211038674683706049e+05
1.211115099683578010e+05 1.211115099683578010e+05
1.210048082661832013e+05 1.210048082661832013e+05
1.210676360917147977e+05 1.210676360917147977e+05
1.210431914528627967e+05 1.210431914528627967e+05
1.209091550629799021e+05 1.209091550629799021e+05
1.209481386572321935e+05 1.209481386572321935e+05
1.209269008591187012e+05 1.209269008591187012e+05
1.208543685544342006e+05 1.208543685544342006e+05
1.208354936531299027e+05 1.208354936531299027e+05
1.207512315240255994e+05 1.207512315240255994e+05
1.207210680352208001e+05 1.207210680352208001e+05
1.206005538188328064e+05 1.206005538188328064e+05
1.206639281223457947e+05 1.206639281223457947e+05
1.205017406194220966e+05 1.205017406194220966e+05
1.205164502222213050e+05 1.205164502222213050e+05
1.203592040196469025e+05 1.203592040196469025e+05
1.204263684779070027e+05 1.204263684779070027e+05
1.203629240299544035e+05 1.203629240299544035e+05
1.202113038160647993e+05 1.202113038160647993e+05
1.202514475247215014e+05 1.202514475247215014e+05
1.201665403392389999e+05 1.201665403392389999e+05
1.200454511057815980e+05 1.200454511057815980e+05
1.198822754553395062e+05 1.198822754553395062e+05
1.199595050664754963e+05 1.199595050664754963e+05
1.199061304518316028e+05 1.199061304518316028e+05
1.197468276507554983e+05 1.197468276507554983e+05
1.197075245725638961e+05 1.197075245725638961e+05
1.195598367062050966e+05 1.195598367062050966e+05
1.193738535939022986e+05 1.193738535939022986e+05
1.194642783854228037e+05 1.194642783854228037e+05
1.193821166890776949e+05 1.193821166890776949e+05
1.192029595411561022e+05 1.192029595411561022e+05
1.191563341018565989e+05 1.191563341018565989e+05
1.189524152106227993e+05 1.189524152106227993e+05
1.189589703308994940e+05 1.189589703308994940e+05
1.188638898438197066e+05 1.188638898438197066e+05
1.186312861002786958e+05 1.186312861002786958e+05
1.186069058466231072e+05 1.186069058466231072e+05
1.184186657081816957e+05 1.184186657081816957e+05
1.184701597674812947e+05 1.184701597674812947e+05
1.183887171861937968e+05 1.183887171861937968e+05
1.181878937322087004e+05 1.181878937322087004e+05
1.180093094259061036e+05 1.180093094259061036e+05
1.180038096872228052e+05 1.180038096872228052e+05
1.178246771859486034e+05 1.178246771859486034e+05
1.178545844365412049e+05 1.178545844365412049e+05
1.177868940703161934e+05 1.177868940703161934e+05
1.176178366712877032e+05 1.176178366712877032e+05
1.175378979272589931e+05 1.175378979272589931e+05
1.174293071816076990e+05 1.174293071816076990e+05
1.173394986052942986e+05 1.173394986052942986e+05
1.172725970311884012e+05 1.172725970311884012e+05
1.171087083028485940e+05 1.171087083028485940e+05
1.169261673710221949e+05 1.169261673710221949e+05
1.169392018564931932e+05 1.169392018564931932e+05
1.167657221784735011e+05 1.167657221784735011e+05
1.167198962761497969e+05 1.167198962761497969e+05
1.165468296589169040e+05 1.165468296589169040e+05
1.166069472737339966e+05 1.166069472737339966e+05
1.164413063885739975e+05 1.164413063885739975e+05
1.162491244446205965e+05 1.162491244446205965e+05
1.162725547621737060e+05 1.162725547621737060e+05
1.162058262291319988e+05 1.162058262291319988e+05
1.161637557554792002e+05 1.161637557554792002e+05
1.160543038494500070e+05 1.160543038494500070e+05
1.159505880714458035e+05 1.159505880714458035e+05
1.158782355731412972e+05 1.158782355731412972e+05
1.158238461418356019e+05 1.158238461418356019e+05
1.157171384783513931e+05 1.157171384783513931e+05
1.156638051169890969e+05 1.156638051169890969e+05
1.155657313596330932e+05 1.155657313596330932e+05
1.154681472817164031e+05 1.154681472817164031e+05
1.153169282478707028e+05 1.153169282478707028e+05
1.153591634104344994e+05 1.153591634104344994e+05
1.152538084779889032e+05 1.152538084779889032e+05
1.151492427237509983e+05 1.151492427237509983e+05
1.151017516659639950e+05 1.151017516659639950e+05
1.150381915037649014e+05 1.150381915037649014e+05
1.149557894510651968e+05 1.149557894510651968e+05
1.149004311928745010e+05 1.149004311928745010e+05
1.148325067958119034e+05 1.148325067958119034e+05
1.147439711922053975e+05 1.147439711922053975e+05
1.146517330804413068e+05 1.146517330804413068e+05
1.144945660230229987e+05 1.144945660230229987e+05
1.145208521245547017e+05 1.145208521245547017e+05
1.144575583199424000e+05 1.144575583199424000e+05
1.143618937792716024e+05 1.143618937792716024e+05
1.141939964329328941e+05 1.141939964329328941e+05
1.142146557509840932e+05 1.142146557509840932e+05
1.141792335074649018e+05 1.141792335074649018e+05
1.140535089947486995e+05 1.140535089947486995e+05
1.139559133092658012e+05 1.139559133092658012e+05
1.139348247581247997e+05 1.139348247581247997e+05
1.138736786704281985e+05 1.138736786704281985e+05
1.138046888311346993e+05 1.138046888311346993e+05
1.136874570329840935e+05 1.136874570329840935e+05
1.135249131808606035e+05 1.135249131808606035e+05
1.135192412201346015e+05 1.135192412201346015e+05
1.134385051572947996e+05 1.134385051572947996e+05
1.134035299300131010e+05 1.134035299300131010e+05
1.132711292419430974e+05 1.132711292419430974e+05
1.131848893736640021e+05 1.131848893736640021e+05
1.131332037840083940e+05 1.131332037840083940e+05
1.130772029960375949e+05 1.130772029960375949e+05
1.129577438684428053e+05 1.129577438684428053e+05
1.127796425233639020e+05 1.127796425233639020e+05
1.127905989169417007e+05 1.127905989169417007e+05
1.127402370407041017e+05 1.127402370407041017e+05
1.125948136602602026e+05 1.125948136602602026e+05
1.124884883871892962e+05 1.124884883871892962e+05
1.125004426274375001e+05 1.125004426274375001e+05
1.124221312237318052e+05 1.124221312237318052e+05
1.122305279681263055e+05 1.122305279681263055e+05
1.122713850744622032e+05 1.122713850744622032e+05
1.121241482119019929e+05 1.121241482119019929e+05
1.120293320346864057e+05 1.120293320346864057e+05
1.119887812819327955e+05 1.119887812819327955e+05
1.118789524663859047e+05 1.118789524663859047e+05
1.118474528771176992e+05 1.118474528771176992e+05
1.117162977324925014e+05 1.117162977324925014e+05
1.116780294897941058e+05 1.116780294897941058e+05
1.115568807909252937e+05 1.115568807909252937e+05
1.114174907448774029e+05 1.114174907448774029e+05
1.114411321727612958e+05 1.114411321727612958e+05
1.113206950299196033e+05 1.113206950299196033e+05
1.112635573531565024e+05 1.112635573531565024e+05
1.111071825154444959e+05 1.111071825154444959e+05
1.110337956493529055e+05 1.110337956493529055e+05
1.109682940781164943e+05 1.109682940781164943e+05
1.108117533357303037e+05 1.108117533357303037e+05
1.107978499540085031e+05 1.107978499540085031e+05
1.106608035161599983e+05 1.106608035161599983e+05
1.106370961017711961e+05 1.106370961017711961e+05
1.105748198445106973e+05 1.105748198445106973e+05
1.104218546258526039e+05 1.104218546258526039e+05
1.103753690712481039e+05 1.103753690712481039e+05
1.103707475444612937e+05 1.103707475444612937e+05
1.102417536901810963e+05 1.102417536901810963e+05
1.100599999398713990e+05 1.100599999398713990e+05
1.099926869319771067e+05 1.099926869319771067e+05
1.099661973231784941e+05 1.099661973231784941e+05
1.098284008212782064e+05 1.098284008212782064e+05
1.098614992904362007e+05 1.098614992904362007e+05
1.097296657213778963e+05 1.097296657213778963e+05
1.095729102507565985e+05 1.095729102507565985e+05
1.095376431970720005e+05 1.095376431970720005e+05
1.093961491839541995e+05 1.093961491839541995e+05
1.093053080589480960e+05 1.093053080589480960e+05
1.093163522778156039e+05 1.093163522778156039e+05
1.092338913016392034e+05 1.092338913016392034e+05
1.091065604813241953e+05 1.091065604813241953e+05
1.089778153034085990e+05 1.089778153034085990e+05
1.089909402030787023e+05 1.089909402030787023e+05
1.088616634660248965e+05 1.088616634660248965e+05
1.086951916677655972e+05 1.086951916677655972e+05
1.086682546035831037e+05 1.086682546035831037e+05
1.085170838568799954e+05 1.085170838568799954e+05
1.085169493563386932e+05 1.085169493563386932e+05
1.083721596902293968e+05 1.083721596902293968e+05
1.083630833514990954e+05 1.083630833514990954e+05
1.082544327803243941e+05 1.082544327803243941e+05
1.081312691792811966e+05 1.081312691792811966e+05
1.081527274716550019e+05 1.081527274716550019e+05
1.080282333471505990e+05 1.080282333471505990e+05
1.078273605172332027e+05 1.078273605172332027e+05
1.078167206715706998e+05 1.078167206715706998e+05
1.076355732434449019e+05 1.076355732434449019e+05
1.076482384687969025e+05 1.076482384687969025e+05
1.075544357258285017e+05 1.075544357258285017e+05
1.075020804251730005e+05 1.075020804251730005e+05
1.073367667504179990e+05 1.073367667504179990e+05
1.073261271441785939e+05 1.073261271441785939e+05
1.071944645001733006e+05 1.071944645001733006e+05
1.071639042708409979e+05 1.071639042708409979e+05
1.070314531995137950e+05 1.070314531995137950e+05
1.070020629400236940e+05 1.070020629400236940e+05
1.068562284051536990e+05 1.068562284051536990e+05
1.068414761138709000e+05 1.068414761138709000e+05
1.066659830541302945e+05 1.066659830541302945e+05
1.066959174641387945e+05 1.066959174641387945e+05
1.066308640951872949e+05 1.066308640951872949e+05
1.065143327389818005e+05 1.065143327389818005e+05
1.063709472634705016e+05 1.063709472634705016e+05
1.063513788083690015e+05 1.063513788083690015e+05
1.062585872177960991e+05 1.062585872177960991e+05
1.062095107651489961e+05 1.062095107651489961e+05
1.060988400915470993e+05 1.060988400915470993e+05
1.059507249915980065e+05 1.059507249915980065e+05
1.059502271117656928e+05 1.059502271117656928e+05
1.058428124285789963e+05 1.058428124285789963e+05
1.057129164696805965e+05 1.057129164696805965e+05
1.057121026331221947e+05 1.057121026331221947e+05
1.056156474369374046e+05 1.056156474369374046e+05
1.054824011440650938e+05 1.054824011440650938e+05
1.054637298079288012e+05 1.054637298079288012e+05
1.053324419313127000e+05 1.053324419313127000e+05
1.053151996060937963e+05 1.053151996060937963e+05
1.052249376145949063e+05 1.052249376145949063e+05
1.051722657394818962e+05 1.051722657394818962e+05
1.050640384820650070e+05 1.050640384820650070e+05
1.049164334625048068e+05 1.049164334625048068e+05
1.049106642803629948e+05 1.049106642803629948e+05
1.047737046881879069e+05 1.047737046881879069e+05
1.047381871625444037e+05 1.047381871625444037e+05
1.046091636522946064e+05 1.046091636522946064e+05
1.046271770097828994e+05 1.046271770097828994e+05
1.045451757216436963e+05 1.045451757216436963e+05
1.044612886627403059e+05 1.044612886627403059e+05
1.043348318562930945e+05 1.043348318562930945e+05
1.042015136518923973e+05 1.042015136518923973e+05
1.041961482459051040e+05 1.041961482459051040e+05
1.040744652817952010e+05 1.040744652817952010e+05
1.040852267492169049e+05 1.040852267492169049e+05
1.040055057474714995e+05 1.040055057474714995e+05
1.038430425416145008e+05 1.038430425416145008e+05
1.038236811244699929e+05 1.038236811244699929e+05
1.037066920091244974e+05 1.037066920091244974e+05
1.037052597578483983e+05 1.037052597578483983e+05
1.036088129755263944e+05 1.036088129755263944e+05
1.035361206961143034e+05 1.035361206961143034e+05
1.034501015176873043e+05 1.034501015176873043e+05
1.033755470276637934e+05 1.033755470276637934e+05
1.033154161246767035e+05 1.033154161246767035e+05
1.032129465727291972e+05 1.032129465727291972e+05
1.030810612660041952e+05 1.030810612660041952e+05
1.030629689446467964e+05 1.030629689446467964e+05
1.029302615797960025e+05 1.029302615797960025e+05
1.029449627645158034e+05 1.029449627645158034e+05
1.028779783163276006e+05 1.028779783163276006e+05
1.028059422845852969e+05 1.028059422845852969e+05
1.026088841919151018e+05 1.026088841919151018e+05
1.026444951276929933e+05 1.026444951276929933e+05
1.026141973800429987e+05 1.026141973800429987e+05
1.024766856689294946e+05 1.024766856689294946e+05
1.023388595821859053e+05 1.023388595821859053e+05
1.023422947506404016e+05 1.023422947506404016e+05
1.022773172627849999e+05 1.022773172627849999e+05
1.022096191271152056e+05 1.022096191271152056e+05
1.021200928137672017e+05 1.021200928137672017e+05
1.019440928708157007e+05 1.019440928708157007e+05
1.019684449976402975e+05 1.019684449976402975e+05
1.018721893993479025e+05 1.018721893993479025e+05
1.017692383099743020e+05 1.017692383099743020e+05
1.017329926017778052e+05 1.017329926017778052e+05
1.017096904523456033e+05 1.017096904523456033e+05
1.015234693808477023e+05 1.015234693808477023e+05
1.015316678993600945e+05 1.015316678993600945e+05
1.014282327603143931e+05 1.014282327603143931e+05
1.012939744271694944e+05 1.012939744271694944e+05
1.013289072169877036e+05 1.013289072169877036e+05
1.012744277789276966e+05 1.012744277789276966e+05
1.011203209579138929e+05 1.011203209579138929e+05
1.009955427012777072e+05 1.009955427012777072e+05
1.009794088516819029e+05 1.009794088516819029e+05
1.008628432622932014e+05 1.008628432622932014e+05
1.008447385743156046e+05 1.008447385743156046e+05
1.008044091220569971e+05 1.008044091220569971e+05
1.006338418392729945e+05 1.006338418392729945e+05
1.006703799412101071e+05 1.006703799412101071e+05
1.005169805105651030e+05 1.005169805105651030e+05
1.003841858719978045e+05 1.003841858719978045e+05
1.004419986362806958e+05 1.004419986362806958e+05
1.003813683712198981e+05 1.003813683712198981e+05
1.002355188863220974e+05 1.002355188863220974e+05
1.000932597153140960e+05 1.000932597153140960e+05
1.000748248203663970e+05 1.000748248203663970e+05
9.994340390233053768e+04 9.994340390233053768e+04
9.998611068928020541e+04 9.998611068928020541e+04
9.988780696546929539e+04 9.988780696546929539e+04
9.977574406773799274e+04 9.977574406773799274e+04
9.963087386020692065e+04 9.963087386020692065e+04
9.960484150524644065e+04 9.960484150524644065e+04
9.950293329166923650e+04 9.950293329166923650e+04
9.948004357541557692e+04 9.948004357541557692e+04
9.935429432295115839e+04 9.935429432295115839e+04
9.933931402338978660e+04 9.933931402338978660e+04
9.930811758181071491e+04 9.930811758181071491e+04
9.922756392366220825e+04 9.922756392366220825e+04
9.915556608495826367e+04 9.915556608495826367e+04
9.909975560749880970e+04 9.909975560749880970e+04
9.902236491592954553e+04 9.902236491592954553e+04
9.888154790738038719e+04 9.888154790738038719e+04
9.884638392357654811e+04 9.884638392357654811e+04
9.877380319292527565e+04 9.877380319292527565e+04
9.871729669688567810e+04 9.871729669688567810e+04
9.859213697839858651e+04 9.859213697839858651e+04
9.844421011238486972e+04 9.844421011238486972e+04
9.848394220160003169e+04 9.848394220160003169e+04
9.834431656346438103e+04 9.834431656346438103e+04
9.821942550972886966e+04 9.821942550972886966e+04
9.821936249617258727e+04 9.821936249617258727e+04
9.813457050299928233e+04 9.813457050299928233e+04
9.799060834329176578e+04 9.799060834329176578e+04
9.797304317126194655e+04 9.797304317126194655e+04
9.794745899532437033e+04 9.794745899532437033e+04
9.787389283593502478e+04 9.787389283593502478e+04
9.781735416773184261e+04 9.781735416773184261e+04
9.769421073617078946e+04 9.769421073617078946e+04
9.763670647878538875e+04 9.763670647878538875e+04
9.747733543668144557e+04 9.747733543668144557e+04
9.746929508536546200e+04 9.746929508536546200e+04
9.741330983064456086e+04 9.741330983064456086e+04
9.727369802576169604e+04 9.727369802576169604e+04
9.725638586226824555e+04 9.725638586226824555e+04
9.724752365081646712e+04 9.724752365081646712e+04
9.711513869356915529e+04 9.711513869356915529e+04
9.696932714565690549e+04 9.696932714565690549e+04
9.698143130728378310e+04 9.698143130728378310e+04
9.690806035334242915e+04 9.690806035334242915e+04
9.680902669758746924e+04 9.680902669758746924e+04
9.674066531353320170e+04 9.674066531353320170e+04
9.661207442614535103e+04 9.661207442614535103e+04
9.660547916039140546e+04 9.660547916039140546e+04
9.653760605592789943e+04 9.653760605592789943e+04
9.648522520014467591e+04 9.648522520014467591e+04
9.637428267780240276e+04 9.637428267780240276e+04
9.634087110260696500e+04 9.634087110260696500e+04
9.623745508247353428e+04 9.623745508247353428e+04
9.616301183945219964e+04 9.616301183945219964e+04
9.603635970467480365e+04 9.603635970467480365e+04
9.604365907566261012e+04 9.604365907566261012e+04
9.594194362187736260e+04 9.594194362187736260e+04
9.582777365091559477e+04 9.582777365091559477e+04
9.580884863242153369e+04 9.580884863242153369e+04
9.572224753490327566e+04 9.572224753490327566e+04
9.560851879499845381e+04 9.560851879499845381e+04
9.558360392139550822e+04 9.558360392139550822e+04
9.554504177939858346e+04 9.554504177939858346e+04
9.545575967521872371e+04 9.545575967521872371e+04
9.533204331111545616e+04 9.533204331111545616e+04
9.531554994466475910e+04 9.531554994466475910e+04
9.527535834316760884e+04 9.527535834316760884e+04
9.516250476369935495e+04 9.516250476369935495e+04
9.503644861704797950e+04 9.503644861704797950e+04
9.501877727510393015e+04 9.501877727510393015e+04
9.486580489972536452e+04 9.486580489972536452e+04
9.488754850608562992e+04 9.488754850608562992e+04
9.476266910013700544e+04 9.476266910013700544e+04
9.476405864867918717e+04 9.476405864867918717e+04
9.464789482610482082e+04 9.464789482610482082e+04
9.462055486380406364e+04 9.462055486380406364e+04
9.456875198218537844e+04 9.456875198218537844e+04
9.447308577565010637e+04 9.447308577565010637e+04
9.433896806723883492e+04 9.433896806723883492e+04
9.435437196737094200e+04 9.435437196737094200e+04
9.428276440048324002e+04 9.428276440048324002e+04
9.424129797629483801e+04 9.424129797629483801e+04
9.413617743268646882e+04 9.413617743268646882e+04
9.405003899735567393e+04 9.405003899735567393e+04
9.402496103526701336e+04 9.402496103526701336e+04
9.394391882863330829e+04 9.394391882863330829e+04
9.387427111329193576e+04 9.387427111329193576e+04
9.383225668401016446e+04 9.383225668401016446e+04
9.376177916745124094e+04 9.376177916745124094e+04
9.370175146921438864e+04 9.370175146921438864e+04
9.360069230385711126e+04 9.360069230385711126e+04
9.347303297872896655e+04 9.347303297872896655e+04
9.347855387567596335e+04 9.347855387567596335e+04
9.340315935365977930e+04 9.340315935365977930e+04
9.333018032735039014e+04 9.333018032735039014e+04
9.326106521368183894e+04 9.326106521368183894e+04
9.313353577603721351e+04 9.313353577603721351e+04
9.312209944605048804e+04 9.312209944605048804e+04
9.300062746855085425e+04 9.300062746855085425e+04
9.300002189410934807e+04 9.300002189410934807e+04
9.296246949381503509e+04 9.296246949381503509e+04
9.290405379367708520e+04 9.290405379367708520e+04
9.280393825419349014e+04 9.280393825419349014e+04
9.268045537401427282e+04 9.268045537401427282e+04
9.266858677269129839e+04 9.266858677269129839e+04
9.262489362124764011e+04 9.262489362124764011e+04
9.253927555987959204e+04 9.253927555987959204e+04
9.248426673290203325e+04 9.248426673290203325e+04
9.242974904169542424e+04 9.242974904169542424e+04
9.236709663611948781e+04 9.236709663611948781e+04
9.231128910463940701e+04 9.231128910463940701e+04
9.222173772583501705e+04 9.222173772583501705e+04
9.211393691021234554e+04 9.211393691021234554e+04
9.210782247129679308e+04 9.210782247129679308e+04
9.202957852359868411e+04 9.202957852359868411e+04
9.191131233948310546e+04 9.191131233948310546e+04
9.192594945664412808e+04 9.192594945664412808e+04
9.185706196289219952e+04 9.185706196289219952e+04
9.178485922413722437e+04 9.178485922413722437e+04
9.173043209503014805e+04 9.173043209503014805e+04
9.166458274172501115e+04 9.166458274172501115e+04
9.159964495182478277e+04 9.159964495182478277e+04
9.154810201980036800e+04 9.154810201980036800e+04
9.147078272453587851e+04 9.147078272453587851e+04
9.137114080228008970e+04 9.137114080228008970e+04
9.130422816641670943e+04 9.130422816641670943e+04
9.128631930089792877e+04 9.128631930089792877e+04
9.117116719594174356e+04 9.117116719594174356e+04
9.115520764187452733e+04 9.115520764187452733e+04
9.106635971643246012e+04 9.106635971643246012e+04
9.104668371937514166e+04 9.104668371937514166e+04
9.101025212561027729e+04 9.101025212561027729e+04
9.091464914845203748e+04 9.091464914845203748e+04
9.089315442234744842e+04 9.089315442234744842e+04
9.081709040434099734e+04 9.081709040434099734e+04
9.073578524979508074e+04 9.073578524979508074e+04
9.068837308304152975e+04 9.068837308304152975e+04
9.062330502249341225e+04 9.062330502249341225e+04
9.053055253895753413e+04 9.053055253895753413e+04
9.050265458179889538e+04 9.050265458179889538e+04
9.044362154432349780e+04 9.044362154432349780e+04
9.040575469455441635e+04 9.040575469455441635e+04
9.033054337952478090e+04 9.033054337952478090e+04
9.020075192241840705e+04 9.020075192241840705e+04
9.019797663525403186e+04 9.019797663525403186e+04
9.011421249514748342e+04 9.011421249514748342e+04
9.003246463000834046e+04 9.003246463000834046e+04
9.005112164666864555e+04 9.005112164666864555e+04
8.998212578010819561e+04 8.998212578010819561e+04
8.991974933738018444e+04 8.991974933738018444e+04
8.986155014356585161e+04 8.986155014356585161e+04
8.974400362369972572e+04 8.974400362369972572e+04
8.975069922491555917e+04 8.975069922491555917e+04
8.969043391283439996e+04 8.969043391283439996e+04
8.956502020653265936e+04 8.956502020653265936e+04
8.955750137418399390e+04 8.955750137418399390e+04
8.950184063450233953e+04 8.950184063450233953e+04
8.946063343737579999e+04 8.946063343737579999e+04
8.942075103851297172e+04 8.942075103851297172e+04
8.933721164341430995e+04 8.933721164341430995e+04
8.929059336421756598e+04 8.929059336421756598e+04
8.923117393716581864e+04 8.923117393716581864e+04
8.915232982376289146e+04 8.915232982376289146e+04
8.911886989142640959e+04 8.911886989142640959e+04
8.908770998637619778e+04 8.908770998637619778e+04
8.900891255832488241e+04 8.900891255832488241e+04
8.895409157361535472e+04 8.895409157361535472e+04
8.891994183212975622e+04 8.891994183212975622e+04
8.885989956715366861e+04 8.885989956715366861e+04
8.871532788575437735e+04 8.871532788575437735e+04
8.872883502829441568e+04 8.872883502829441568e+04
8.866658804086278542e+04 8.866658804086278542e+04
8.862211849774126313e+04 8.862211849774126313e+04
8.857146085665556893e+04 8.857146085665556893e+04
8.847225080277478264e+04 8.847225080277478264e+04
8.848703561504438403e+04 8.848703561504438403e+04
8.840883764995701495e+04 8.840883764995701495e+04
8.831112810459130560e+04 8.831112810459130560e+04
8.832612218694693001e+04 8.832612218694693001e+04
8.824336917568286299e+04 8.824336917568286299e+04
8.818172999949482619e+04 8.818172999949482619e+04
8.814467241204401944e+04 8.814467241204401944e+04
8.809413717166165588e+04 8.809413717166165588e+04
8.804018444215481577e+04 8.804018444215481577e+04
8.794214492383273318e+04 8.794214492383273318e+04
8.793096498071924725e+04 8.793096498071924725e+04
8.786241543542916770e+04 8.786241543542916770e+04
8.783161549506220035e+04 8.783161549506220035e+04
8.778990196249767905e+04 8.778990196249767905e+04
8.769117544379056199e+04 8.769117544379056199e+04
8.769782502437962103e+04 8.769782502437962103e+04
8.763035125157500443e+04 8.763035125157500443e+04
8.752863672240739106e+04 8.752863672240739106e+04
8.750829703901235189e+04 8.750829703901235189e+04
8.744731735169008607e+04 8.744731735169008607e+04
8.741844968856775085e+04 8.741844968856775085e+04
8.739783374785594060e+04 8.739783374785594060e+04
8.732831030262383865e+04 8.732831030262383865e+04
8.726479358908886206e+04 8.726479358908886206e+04
8.722621938458670047e+04 8.722621938458670047e+04
8.714193239551302395e+04 8.714193239551302395e+04
8.711775519610896299e+04 8.711775519610896299e+04
8.708452583416976267e+04 8.708452583416976267e+04
8.702075556724895432e+04 8.702075556724895432e+04
8.700935845584742492e+04 8.700935845584742492e+04
8.693320015081096790e+04 8.693320015081096790e+04
8.684655456703144591e+04 8.684655456703144591e+04
8.684238797858500038e+04 8.684238797858500038e+04
8.677065735944607877e+04 8.677065735944607877e+04
8.673509846765585826e+04 8.673509846765585826e+04
8.671481403635363677e+04 8.671481403635363677e+04
8.664980721944695688e+04 8.664980721944695688e+04
8.658458290006237803e+04 8.658458290006237803e+04
8.655205104999232572e+04 8.655205104999232572e+04
8.649168363489479816e+04 8.649168363489479816e+04
8.645642056654185581e+04 8.645642056654185581e+04
8.643311167066545750e+04 8.643311167066545750e+04
8.636787342241597071e+04 8.636787342241597071e+04
8.630272516389633529e+04 8.630272516389633529e+04
8.626887672483471397e+04 8.626887672483471397e+04
8.618775427928689169e+04 8.618775427928689169e+04
8.616019240344339050e+04 8.616019240344339050e+04
8.613889421448475332e+04 8.613889421448475332e+04
8.608303749563160818e+04 8.608303749563160818e+04
8.605277283884680946e+04 8.605277283884680946e+04
8.600028904918003536e+04 8.600028904918003536e+04
8.596017054180607374e+04 8.596017054180607374e+04
8.587515721204580041e+04 8.587515721204580041e+04
8.587606441740161972e+04 8.587606441740161972e+04
8.580845529043707938e+04 8.580845529043707938e+04
8.579561209575427347e+04 8.579561209575427347e+04
8.572367171348557167e+04 8.572367171348557167e+04
8.569311774058923766e+04 8.569311774058923766e+04
8.563566393127953052e+04 8.563566393127953052e+04
8.563170506850042148e+04 8.563170506850042148e+04
8.558218445546420116e+04 8.558218445546420116e+04
8.550770428160364099e+04 8.550770428160364099e+04
8.548380379524386080e+04 8.548380379524386080e+04
8.543896009355619026e+04 8.543896009355619026e+04
8.538678582677579834e+04 8.538678582677579834e+04
8.530817404257184535e+04 8.530817404257184535e+04
8.530440769998611358e+04 8.530440769998611358e+04
8.521691044676915044e+04 8.521691044676915044e+04
8.517284318116531358e+04 8.517284318116531358e+04
8.517022403334805858e+04 8.517022403334805858e+04
8.510881335466291057e+04 8.510881335466291057e+04
8.509370892795863620e+04 8.509370892795863620e+04
8.509160454750084318e+04 8.509160454750084318e+04
8.502316063451684022e+04 8.502316063451684022e+04
8.494722720877254324e+04 8.494722720877254324e+04
8.493059922490078316e+04 8.493059922490078316e+04
8.490956816727419209e+04 8.490956816727419209e+04
8.482973613994027255e+04 8.482973613994027255e+04
8.483318238926443155e+04 8.483318238926443155e+04
8.477628653001760540e+04 8.477628653001760540e+04
8.474333450627615093e+04 8.474333450627615093e+04
8.468635600892946240e+04 8.468635600892946240e+04
8.468035903362584941e+04 8.468035903362584941e+04
8.461707778353139292e+04 8.461707778353139292e+04
8.458627581142864074e+04 8.458627581142864074e+04
8.452816344221669715e+04 8.452816344221669715e+04
8.451608510438202939e+04 8.451608510438202939e+04
8.444633291119785281e+04 8.444633291119785281e+04
8.444649041406027391e+04 8.444649041406027391e+04
8.436023137127225345e+04 8.436023137127225345e+04
8.434868803838951862e+04 8.434868803838951862e+04
8.428582350176737236e+04 8.428582350176737236e+04
8.426497205723365187e+04 8.426497205723365187e+04
8.425912453550432110e+04 8.425912453550432110e+04
8.418814135445383727e+04 8.418814135445383727e+04
8.420524695616400277e+04 8.420524695616400277e+04
8.415713037780729064e+04 8.415713037780729064e+04
8.406520826478353410e+04 8.406520826478353410e+04
8.407456573586598097e+04 8.407456573586598097e+04
8.400832649147507618e+04 8.400832649147507618e+04
8.402161479615804274e+04 8.402161479615804274e+04
8.399037478781376558e+04 8.399037478781376558e+04
8.393620865884544037e+04 8.393620865884544037e+04
8.387759505095230998e+04 8.387759505095230998e+04
8.387786601659511507e+04 8.387786601659511507e+04
8.384887174058741948e+04 8.384887174058741948e+04
8.382473859671887476e+04 8.382473859671887476e+04
8.375753148818171758e+04 8.375753148818171758e+04
8.369337661162864242e+04 8.369337661162864242e+04
8.370929139395494713e+04 8.370929139395494713e+04
8.366146376100159250e+04 8.366146376100159250e+04
8.358103643486449437e+04 8.358103643486449437e+04
8.356554904098196130e+04 8.356554904098196130e+04
8.355510566546059272e+04 8.355510566546059272e+04
8.348033332320293994e+04 8.348033332320293994e+04
8.349254299344876199e+04 8.349254299344876199e+04
8.345050655363594706e+04 8.345050655363594706e+04
8.343737729588737420e+04 8.343737729588737420e+04
8.336602144540721201e+04 8.336602144540721201e+04
8.339065134202220361e+04 8.339065134202220361e+04
8.336184540961573657e+04 8.336184540961573657e+04
8.329695257599328761e+04 8.329695257599328761e+04
8.330635908481771185e+04 8.330635908481771185e+04
8.328524437689485785e+04 8.328524437689485785e+04
8.324359034591942327e+04 8.324359034591942327e+04
8.321345630458294181e+04 8.321345630458294181e+04
8.317447621583106229e+04 8.317447621583106229e+04
8.310724734524812084e+04 8.310724734524812084e+04
8.310659673194248171e+04 8.310659673194248171e+04
8.303704237030835066e+04 8.303704237030835066e+04
8.304097495192184579e+04 8.304097495192184579e+04
8.298226421131200914e+04 8.298226421131200914e+04
8.298772880379408889e+04 8.298772880379408889e+04
8.293167857799344347e+04 8.293167857799344347e+04
8.295015127220474824e+04 8.295015127220474824e+04
8.292600044755350973e+04 8.292600044755350973e+04
8.284791857736112433e+04 8.284791857736112433e+04
8.284501084299142531e+04 8.284501084299142531e+04
8.278163812935876194e+04 8.278163812935876194e+04
8.276610299151050276e+04 8.276610299151050276e+04
8.277758202094412991e+04 8.277758202094412991e+04
8.272125999077431334e+04 8.272125999077431334e+04
8.271931069333542837e+04 8.271931069333542837e+04
8.272207747751282295e+04 8.272207747751282295e+04
8.266320777351447032e+04 8.266320777351447032e+04
8.268572865249004099e+04 8.268572865249004099e+04
8.263266090341217932e+04 8.263266090341217932e+04
8.258601292009001190e+04 8.258601292009001190e+04
8.260712139678261883e+04 8.260712139678261883e+04
8.256782148833759129e+04 8.256782148833759129e+04
8.250473102089695749e+04 8.250473102089695749e+04
8.252506105997455597e+04 8.252506105997455597e+04
8.250627855998917948e+04 8.250627855998917948e+04
8.246045313895989966e+04 8.246045313895989966e+04
8.240631254302464367e+04 8.240631254302464367e+04
8.241812069957562198e+04 8.241812069957562198e+04
8.236389188796434610e+04 8.236389188796434610e+04
8.238048414362006588e+04 8.238048414362006588e+04
8.236743674464692594e+04 8.236743674464692594e+04
8.223084223426305107e+04 8.223084223426305107e+04
8.236469444620794093e+04 8.236469444620794093e+04
1.135430165087274945e+05 1.135430165087274945e+05
2.168187090108488221e+06 2.168187090108488221e+06
1.889494718424967956e+06 1.889494718424967956e+06
1.116923309316657018e+06 1.116923309316657018e+06
8.033264160322769312e+05 8.033264160322769312e+05
7.073363604345542844e+05 7.073363604345542844e+05
6.100911209948351607e+05 6.100911209948351607e+05
5.536422983102455037e+05 5.536422983102455037e+05
5.264385506179656368e+05 5.264385506179656368e+05
5.162955002335992758e+05 5.162955002335992758e+05
5.171142281464458210e+05 5.171142281464458210e+05
5.223960845858955872e+05 5.223960845858955872e+05
5.362457419460067758e+05 5.362457419460067758e+05
5.547861790582154645e+05 5.547861790582154645e+05
5.818970113755244529e+05 5.818970113755244529e+05
6.204788123584369896e+05 6.204788123584369896e+05
6.558531751884892583e+05 6.558531751884892583e+05
6.508163769108600682e+05 6.508163769108600682e+05
5.530474193218878936e+05 5.530474193218878936e+05
4.250678428653200972e+05 4.250678428653200972e+05
3.495789925133303041e+05 3.495789925133303041e+05
3.121247014092192985e+05 3.121247014092192985e+05
2.915456374428506242e+05 2.915456374428506242e+05
2.729070873087139917e+05 2.729070873087139917e+05
2.405891875099448953e+05 2.405891875099448953e+05
1.864287913423115970e+05 1.864287913423115970e+05
1.569522102605891996e+05 1.569522102605891996e+05
1.714676169751512934e+05 1.714676169751512934e+05
2.026430846346825128e+05 2.026430846346825128e+05
2.365377096775163081e+05 2.365377096775163081e+05
2.860194858463447890e+05 2.860194858463447890e+05
3.303448469974041218e+05 3.303448469974041218e+05
3.654382891552004730e+05 3.654382891552004730e+05
3.974885760513456189e+05 3.974885760513456189e+05
3.760907527789645828e+05 3.760907527789645828e+05
1.844399494528502109e+05 1.844399494528502109e+05
2.312917476405584021e+05 2.312917476405584021e+05
1.876070809792281943e+05 1.876070809792281943e+05
1.638341708786684903e+05 1.638341708786684903e+05
1.483637160883297038e+05 1.483637160883297038e+05
1.482663024578593031e+05 1.482663024578593031e+05
1.510792341549842968e+05 1.510792341549842968e+05
1.548995862534492044e+05 1.548995862534492044e+05
1.608531568743150856e+05 1.608531568743150856e+05
1.675866941522567940e+05 1.675866941522567940e+05
1.753315063753827126e+05 1.753315063753827126e+05
1.836761742034693889e+05 1.836761742034693889e+05
1.929963449329391879e+05 1.929963449329391879e+05
2.028408049853669072e+05 2.028408049853669072e+05
2.133552636682458105e+05 2.133552636682458105e+05
2.244802126545339997e+05 2.244802126545339997e+05
2.367653279056950996e+05 2.367653279056950996e+05
2.502312430700321856e+05 2.502312430700321856e+05
2.653128998427793267e+05 2.653128998427793267e+05
2.830029835315883975e+05 2.830029835315883975e+05
3.034212859058732283e+05 3.034212859058732283e+05
3.277969332905518822e+05 3.277969332905518822e+05
3.564084563233709778e+05 3.564084563233709778e+05
3.908591112970617833e+05 3.908591112970617833e+05
4.308236458730266895e+05 4.308236458730266895e+05
4.782712497980946209e+05 4.782712497980946209e+05
5.345802081822388573e+05 5.345802081822388573e+05
6.069276405396782793e+05 6.069276405396782793e+05
7.038222315553145017e+05 7.038222315553145017e+05
8.258965879709242145e+05 8.258965879709242145e+05
9.698754435291066766e+05 9.698754435291066766e+05
1.125218778191742022e+06 1.125218778191742022e+06
1.291903218203963013e+06 1.291903218203963013e+06
1.459723571996615035e+06 1.459723571996615035e+06
1.630739073021556018e+06 1.630739073021556018e+06
1.786701041751401965e+06 1.786701041751401965e+06
1.923147016500381054e+06 1.923147016500381054e+06
2.033011690289685037e+06 2.033011690289685037e+06
2.122389795079309028e+06 2.122389795079309028e+06
2.179394452511487063e+06 2.179394452511487063e+06
2.210755480828824919e+06 2.210755480828824919e+06
2.224570655259700958e+06 2.224570655259700958e+06
2.215095073451211210e+06 2.215095073451211210e+06
2.199323105316662230e+06 2.199323105316662230e+06
2.213394363992439117e+06 2.213394363992439117e+06
2.232324366961018182e+06 2.232324366961018182e+06
2.250966576755483169e+06 2.250966576755483169e+06
2.315777411390868947e+06 2.315777411390868947e+06
2.384659302866805810e+06 2.384659302866805810e+06
2.435518092294950970e+06 2.435518092294950970e+06
2.484586443758795969e+06 2.484586443758795969e+06
2.497903250939522870e+06 2.497903250939522870e+06
2.403424793728874996e+06 2.403424793728874996e+06
2.226826519442686811e+06 2.226826519442686811e+06
1.998198603410605108e+06 1.998198603410605108e+06
1.766301490754714003e+06 1.766301490754714003e+06
1.571320775197471026e+06 1.571320775197471026e+06
1.453292411352219060e+06 1.453292411352219060e+06
1.381001918348798994e+06 1.381001918348798994e+06
1.336030519204169977e+06 1.336030519204169977e+06
1.296359263059755089e+06 1.296359263059755089e+06
1.262148622587584890e+06 1.262148622587584890e+06
1.232613606993062887e+06 1.232613606993062887e+06
1.209553427768293070e+06 1.209553427768293070e+06
1.193583488214021083e+06 1.193583488214021083e+06
1.184656304746598005e+06 1.184656304746598005e+06
1.174953027848365018e+06 1.174953027848365018e+06
1.173359968823977979e+06 1.173359968823977979e+06
1.174095808073566994e+06 1.174095808073566994e+06
1.170672042302886024e+06 1.170672042302886024e+06
1.183565938190069981e+06 1.183565938190069981e+06
1.184439934044715017e+06 1.184439934044715017e+06
1.204181748021695064e+06 1.204181748021695064e+06
1.205992462743005017e+06 1.205992462743005017e+06
1.207771742501745932e+06 1.207771742501745932e+06
1.213408806704306044e+06 1.213408806704306044e+06
1.214515397829657886e+06 1.214515397829657886e+06
1.214949549353814917e+06 1.214949549353814917e+06
1.218073983971975977e+06 1.218073983971975977e+06
1.218721909010784933e+06 1.218721909010784933e+06
1.220493505153320963e+06 1.220493505153320963e+06
1.218970709541538963e+06 1.218970709541538963e+06
1.212139767844927963e+06 1.212139767844927963e+06
1.203805645775435027e+06 1.203805645775435027e+06
1.198717711382783949e+06 1.198717711382783949e+06
1.190363402543867007e+06 1.190363402543867007e+06
1.194571577859161887e+06 1.194571577859161887e+06
1.188186903594611911e+06 1.188186903594611911e+06
1.181561337440257892e+06 1.181561337440257892e+06
1.174838183969822945e+06 1.174838183969822945e+06
1.176210118161547929e+06 1.176210118161547929e+06
1.175767248790756101e+06 1.175767248790756101e+06
1.183574575634008041e+06 1.183574575634008041e+06
1.176152811823080061e+06 1.176152811823080061e+06
1.173467167805610923e+06 1.173467167805610923e+06
1.172450260463206097e+06 1.172450260463206097e+06
1.164958175872094929e+06 1.164958175872094929e+06
1.153021375834596111e+06 1.153021375834596111e+06
1.151966388826844981e+06 1.151966388826844981e+06
1.150950276342319092e+06 1.150950276342319092e+06
1.146395405911752023e+06 1.146395405911752023e+06
1.150716021756645991e+06 1.150716021756645991e+06
1.153806682012767065e+06 1.153806682012767065e+06
1.154808676429243991e+06 1.154808676429243991e+06
1.152676081925414968e+06 1.152676081925414968e+06
1.155526383182255086e+06 1.155526383182255086e+06
1.171383179964364972e+06 1.171383179964364972e+06
1.165218890462901909e+06 1.165218890462901909e+06
1.156714477675982052e+06 1.156714477675982052e+06
1.157700638229089091e+06 1.157700638229089091e+06
1.149281969500503968e+06 1.149281969500503968e+06
1.147333879647027003e+06 1.147333879647027003e+06
1.153165785544926068e+06 1.153165785544926068e+06
1.144268706517006969e+06 1.144268706517006969e+06
1.148417128520197002e+06 1.148417128520197002e+06
1.139283074897906044e+06 1.139283074897906044e+06
1.131892355126020033e+06 1.131892355126020033e+06
1.130617298947444884e+06 1.130617298947444884e+06
1.132347357011931017e+06 1.132347357011931017e+06
1.131730683148266980e+06 1.131730683148266980e+06
1.126682475869704969e+06 1.126682475869704969e+06
1.119143223551504081e+06 1.119143223551504081e+06
1.114189005313792033e+06 1.114189005313792033e+06
1.108611432969966903e+06 1.108611432969966903e+06
1.100835679071838036e+06 1.100835679071838036e+06
1.100484269390142057e+06 1.100484269390142057e+06
1.100179996992117027e+06 1.100179996992117027e+06
1.094527817334323889e+06 1.094527817334323889e+06
1.093188394122069003e+06 1.093188394122069003e+06
1.098750022481780965e+06 1.098750022481780965e+06
1.093128564271044917e+06 1.093128564271044917e+06
1.091507995156334946e+06 1.091507995156334946e+06
1.087189714512557024e+06 1.087189714512557024e+06
1.091301765138478950e+06 1.091301765138478950e+06
1.092709273700648919e+06 1.092709273700648919e+06
1.089392216532282997e+06 1.089392216532282997e+06
1.089626989354602061e+06 1.089626989354602061e+06
1.088379609945900971e+06 1.088379609945900971e+06
1.088924208171490114e+06 1.088924208171490114e+06
1.097119979516976979e+06 1.097119979516976979e+06
1.099838915275359992e+06 1.099838915275359992e+06
1.099947619036650984e+06 1.099947619036650984e+06
1.098678880919270916e+06 1.098678880919270916e+06
1.095794355162210064e+06 1.095794355162210064e+06
1.096877958258025115e+06 1.096877958258025115e+06
1.095595459715049015e+06 1.095595459715049015e+06
1.098542428733669920e+06 1.098542428733669920e+06
1.102532748603144893e+06 1.102532748603144893e+06
1.102781194894789951e+06 1.102781194894789951e+06
1.112827590018894058e+06 1.112827590018894058e+06
1.108942546459025005e+06 1.108942546459025005e+06
1.104246102631845977e+06 1.104246102631845977e+06
1.111548318583891029e+06 1.111548318583891029e+06
1.105576601758186938e+06 1.105576601758186938e+06
1.105319721807877999e+06 1.105319721807877999e+06
1.106985200694466010e+06 1.106985200694466010e+06
1.106367323305831058e+06 1.106367323305831058e+06
1.104117146260973997e+06 1.104117146260973997e+06
1.105625802877486916e+06 1.105625802877486916e+06
1.107082278016874101e+06 1.107082278016874101e+06
1.102989418987316079e+06 1.102989418987316079e+06
1.096074173596154898e+06 1.096074173596154898e+06
1.091799821772858035e+06 1.091799821772858035e+06
1.090418357034740038e+06 1.090418357034740038e+06
1.086278865421354072e+06 1.086278865421354072e+06
1.087099983515609987e+06 1.087099983515609987e+06
1.083032772677394096e+06 1.083032772677394096e+06
1.081435954000612954e+06 1.081435954000612954e+06
1.079666473326015985e+06 1.079666473326015985e+06
1.072564641285266029e+06 1.072564641285266029e+06
1.063356735898351064e+06 1.063356735898351064e+06
1.071153983689286979e+06 1.071153983689286979e+06
1.064286124619170092e+06 1.064286124619170092e+06
1.062907706285937922e+06 1.062907706285937922e+06
1.062936799296912970e+06 1.062936799296912970e+06
1.057385384098601993e+06 1.057385384098601993e+06
1.056526533514009090e+06 1.056526533514009090e+06
1.054963764382747002e+06 1.054963764382747002e+06
1.051947513216621010e+06 1.051947513216621010e+06
1.050584705253398046e+06 1.050584705253398046e+06
1.051742744964153040e+06 1.051742744964153040e+06
1.054164876789163100e+06 1.054164876789163100e+06
1.056699022931586951e+06 1.056699022931586951e+06
1.058468211300394963e+06 1.058468211300394963e+06
1.059580109142580070e+06 1.059580109142580070e+06
1.057040695404469036e+06 1.057040695404469036e+06
1.054446736347870901e+06 1.054446736347870901e+06
1.056722362877150998e+06 1.056722362877150998e+06
1.051183249486007029e+06 1.051183249486007029e+06
1.063724371228663018e+06 1.063724371228663018e+06
1.061543144340519095e+06 1.061543144340519095e+06
1.060829881672760937e+06 1.060829881672760937e+06
1.060762196015991038e+06 1.060762196015991038e+06
1.064945748628160916e+06 1.064945748628160916e+06
1.066231464527134085e+06 1.066231464527134085e+06
1.064510166120541980e+06 1.064510166120541980e+06
1.064010081027180888e+06 1.064010081027180888e+06
1.061805677829565946e+06 1.061805677829565946e+06
1.062718843815736938e+06 1.062718843815736938e+06
1.063276619215718936e+06 1.063276619215718936e+06
1.065746114289077930e+06 1.065746114289077930e+06
1.064531107183608925e+06 1.064531107183608925e+06
1.066329579781584907e+06 1.066329579781584907e+06
1.061672340277307900e+06 1.061672340277307900e+06
1.056394173409702023e+06 1.056394173409702023e+06
1.057870612845195923e+06 1.057870612845195923e+06
1.057286991963010980e+06 1.057286991963010980e+06
1.054262864165772917e+06 1.054262864165772917e+06
1.066423544556159992e+06 1.066423544556159992e+06
1.057720861421752954e+06 1.057720861421752954e+06
1.056518569759154925e+06 1.056518569759154925e+06
1.057534623913507909e+06 1.057534623913507909e+06
1.054553776131090010e+06 1.054553776131090010e+06
1.063740487866825890e+06 1.063740487866825890e+06
1.056939468295098050e+06 1.056939468295098050e+06
1.056329517133611022e+06 1.056329517133611022e+06
1.054505412180536892e+06 1.054505412180536892e+06
1.052941018385722069e+06 1.052941018385722069e+06
1.051117116206095088e+06 1.051117116206095088e+06
1.051690324861352099e+06 1.051690324861352099e+06
1.049649736398919020e+06 1.049649736398919020e+06
1.045182645628034021e+06 1.045182645628034021e+06
1.046075930308397044e+06 1.046075930308397044e+06
1.045546736680843052e+06 1.045546736680843052e+06
1.043339025844592019e+06 1.043339025844592019e+06
1.043718659344556043e+06 1.043718659344556043e+06
1.051143387061697897e+06 1.051143387061697897e+06
1.042919918137475965e+06 1.042919918137475965e+06
1.040873123111485969e+06 1.040873123111485969e+06
1.041030890755002038e+06 1.041030890755002038e+06
1.048165725721874973e+06 1.048165725721874973e+06
1.046633865426562959e+06 1.046633865426562959e+06
1.048366840306306025e+06 1.048366840306306025e+06
1.050737914114482934e+06 1.050737914114482934e+06
1.052047084692717995e+06 1.052047084692717995e+06
1.056323361088064965e+06 1.056323361088064965e+06
1.057673546763699967e+06 1.057673546763699967e+06
1.056808267865594942e+06 1.056808267865594942e+06
1.057451184795928886e+06 1.057451184795928886e+06
1.059304269127333071e+06 1.059304269127333071e+06
1.070465430820286972e+06 1.070465430820286972e+06
1.065848895872198045e+06 1.065848895872198045e+06
1.062046178764932090e+06 1.062046178764932090e+06
1.063616641384981107e+06 1.063616641384981107e+06
1.067309873653260060e+06 1.067309873653260060e+06
1.071369599545777077e+06 1.071369599545777077e+06
1.067471142612908036e+06 1.067471142612908036e+06
1.069408793528296053e+06 1.069408793528296053e+06
1.072671436057087034e+06 1.072671436057087034e+06
1.071261287753696088e+06 1.071261287753696088e+06
1.083998759344509104e+06 1.083998759344509104e+06
1.081175303987494903e+06 1.081175303987494903e+06
1.076786658890092047e+06 1.076786658890092047e+06
1.076768715199720114e+06 1.076768715199720114e+06
1.078585047271271003e+06 1.078585047271271003e+06
1.080089978117052000e+06 1.080089978117052000e+06
1.078450859232171904e+06 1.078450859232171904e+06
1.078266621295524063e+06 1.078266621295524063e+06
1.081180055423944956e+06 1.081180055423944956e+06
1.080403997902838979e+06 1.080403997902838979e+06
1.077756742433083942e+06 1.077756742433083942e+06
1.076378689985346049e+06 1.076378689985346049e+06
1.072522995867402060e+06 1.072522995867402060e+06
1.080406893750577001e+06 1.080406893750577001e+06
1.083653585164881079e+06 1.083653585164881079e+06
1.073237923321457114e+06 1.073237923321457114e+06
1.077691371931270929e+06 1.077691371931270929e+06
1.082319152472427115e+06 1.082319152472427115e+06
1.073073738017306896e+06 1.073073738017306896e+06
1.070880800669384887e+06 1.070880800669384887e+06
1.073008283152665012e+06 1.073008283152665012e+06
1.069684916125328047e+06 1.069684916125328047e+06
1.069119179713231046e+06 1.069119179713231046e+06
1.067147767806139076e+06 1.067147767806139076e+06
1.066905203076197999e+06 1.066905203076197999e+06
1.071275404163632076e+06 1.071275404163632076e+06
1.070528466366166947e+06 1.070528466366166947e+06
1.066178041570286965e+06 1.066178041570286965e+06
1.068739948488774011e+06 1.068739948488774011e+06
1.071648835511431098e+06 1.071648835511431098e+06
1.069316547905802960e+06 1.069316547905802960e+06
1.070650838208505884e+06 1.070650838208505884e+06
1.068882296006228076e+06 1.068882296006228076e+06
1.067238780212952988e+06 1.067238780212952988e+06
1.071180154061621986e+06 1.071180154061621986e+06
1.068809022777677979e+06 1.068809022777677979e+06
1.065937925759380916e+06 1.065937925759380916e+06
1.063940056394977961e+06 1.063940056394977961e+06
1.062080635026837932e+06 1.062080635026837932e+06
1.073892239236844005e+06 1.073892239236844005e+06
1.068162678971389076e+06 1.068162678971389076e+06
1.066344506841145921e+06 1.066344506841145921e+06
1.071357981358793098e+06 1.071357981358793098e+06
1.072015849262967939e+06 1.072015849262967939e+06
1.061199386328270892e+06 1.061199386328270892e+06
1.059789563061309978e+06 1.059789563061309978e+06
1.061944395664836979e+06 1.061944395664836979e+06
1.062840365299698897e+06 1.062840365299698897e+06
1.061762032217321917e+06 1.061762032217321917e+06
1.060039585606679088e+06 1.060039585606679088e+06
1.062748558780160034e+06 1.062748558780160034e+06
1.060784363557100995e+06 1.060784363557100995e+06
1.059434224247602979e+06 1.059434224247602979e+06
1.060875787672453094e+06 1.060875787672453094e+06
1.061572581570487004e+06 1.061572581570487004e+06
1.060747380659099901e+06 1.060747380659099901e+06
1.060611855734470068e+06 1.060611855734470068e+06
1.060510664030994056e+06 1.060510664030994056e+06
1.056238691741507966e+06 1.056238691741507966e+06
1.051485970900442917e+06 1.051485970900442917e+06
1.050594888982288074e+06 1.050594888982288074e+06
1.050051365627900930e+06 1.050051365627900930e+06
1.049167838617641013e+06 1.049167838617641013e+06
1.059772310090051964e+06 1.059772310090051964e+06
1.053289890202705981e+06 1.053289890202705981e+06
1.048164292280617054e+06 1.048164292280617054e+06
1.047628246377730044e+06 1.047628246377730044e+06
1.050173545884364052e+06 1.050173545884364052e+06
1.055054993610233068e+06 1.055054993610233068e+06
1.058463405437015928e+06 1.058463405437015928e+06
1.053209012998823076e+06 1.053209012998823076e+06
1.051833644732811954e+06 1.051833644732811954e+06
1.051402507500360021e+06 1.051402507500360021e+06
1.053496794969791081e+06 1.053496794969791081e+06
1.055524625956034986e+06 1.055524625956034986e+06
1.052509928174004890e+06 1.052509928174004890e+06
1.064854527753257891e+06 1.064854527753257891e+06
1.054895676092641894e+06 1.054895676092641894e+06
1.064754096627097111e+06 1.064754096627097111e+06
1.062825797012053896e+06 1.062825797012053896e+06
1.062258376452055993e+06 1.062258376452055993e+06
1.073737447062782012e+06 1.073737447062782012e+06
1.070757729846983915e+06 1.070757729846983915e+06
1.068322727107452927e+06 1.068322727107452927e+06
1.077814656577968039e+06 1.077814656577968039e+06
1.074790026299811900e+06 1.074790026299811900e+06
1.073564378181126900e+06 1.073564378181126900e+06
1.083049752173976041e+06 1.083049752173976041e+06
1.085019232649954967e+06 1.085019232649954967e+06
1.084128143277429044e+06 1.084128143277429044e+06
1.085076441442275885e+06 1.085076441442275885e+06
1.086963795938947005e+06 1.086963795938947005e+06
1.100796450726351934e+06 1.100796450726351934e+06
1.083145098163563991e+06 1.083145098163563991e+06
1.078234046469470952e+06 1.078234046469470952e+06
1.080689448071612045e+06 1.080689448071612045e+06
1.073982198678947054e+06 1.073982198678947054e+06
1.058539919455165043e+06 1.058539919455165043e+06
1.052178645473195938e+06 1.052178645473195938e+06
1.043416480859666015e+06 1.043416480859666015e+06
1.027008953729217057e+06 1.027008953729217057e+06
1.011221209748737980e+06 1.011221209748737980e+06
1.009735258546449943e+06 1.009735258546449943e+06
9.890263016868734267e+05 9.890263016868734267e+05
9.720168178376489086e+05 9.720168178376489086e+05
9.528593652641378576e+05 9.528593652641378576e+05
9.329936537909049075e+05 9.329936537909049075e+05
9.245100838068393059e+05 9.245100838068393059e+05
9.097515105478961486e+05 9.097515105478961486e+05
8.908975738424116280e+05 8.908975738424116280e+05
8.766670667756986804e+05 8.766670667756986804e+05
8.589305525774207199e+05 8.589305525774207199e+05
8.432360955827413127e+05 8.432360955827413127e+05
8.298722096101611387e+05 8.298722096101611387e+05
8.171943351194481365e+05 8.171943351194481365e+05
7.998823849024935625e+05 7.998823849024935625e+05
7.843867833966262406e+05 7.843867833966262406e+05
7.725596847687934060e+05 7.725596847687934060e+05
7.580167846579178004e+05 7.580167846579178004e+05
7.420259349846750265e+05 7.420259349846750265e+05
7.314868267443409422e+05 7.314868267443409422e+05
7.234000623819843167e+05 7.234000623819843167e+05
7.134751664642767282e+05 7.134751664642767282e+05
7.022314462171470514e+05 7.022314462171470514e+05
6.996696953227635240e+05 6.996696953227635240e+05
6.895892143018593779e+05 6.895892143018593779e+05
6.831620071496694582e+05 6.831620071496694582e+05
6.806019894539029337e+05 6.806019894539029337e+05
6.794298768022570293e+05 6.794298768022570293e+05
6.736592425206254702e+05 6.736592425206254702e+05
6.722934760070345365e+05 6.722934760070345365e+05
6.710153303582438966e+05 6.710153303582438966e+05
6.738138717213519849e+05 6.738138717213519849e+05
6.667286315527594415e+05 6.667286315527594415e+05
6.646321458876682445e+05 6.646321458876682445e+05
6.622194195874822326e+05 6.622194195874822326e+05
6.582128096796926111e+05 6.582128096796926111e+05
6.526181722882173490e+05 6.526181722882173490e+05
6.471181251033428125e+05 6.471181251033428125e+05
6.453984806443880079e+05 6.453984806443880079e+05
6.421058514092491241e+05 6.421058514092491241e+05
6.418329443758460693e+05 6.418329443758460693e+05
6.374877637043853756e+05 6.374877637043853756e+05
6.335332008685951587e+05 6.335332008685951587e+05
6.343023163240310969e+05 6.343023163240310969e+05
6.329188898497871123e+05 6.329188898497871123e+05
6.332879232963450486e+05 6.332879232963450486e+05
6.288384040833358886e+05 6.288384040833358886e+05
6.313771935013640905e+05 6.313771935013640905e+05
6.276250375137218507e+05 6.276250375137218507e+05
6.305106601471352624e+05 6.305106601471352624e+05
6.266877243558723712e+05 6.266877243558723712e+05
6.261346219573562266e+05 6.261346219573562266e+05
6.265761650390552823e+05 6.265761650390552823e+05
6.284492436303237919e+05 6.284492436303237919e+05
6.288774397303181468e+05 6.288774397303181468e+05
6.299229383444548585e+05 6.299229383444548585e+05
6.308225342626281781e+05 6.308225342626281781e+05
6.324090715407056268e+05 6.324090715407056268e+05
6.326861246837502113e+05 6.326861246837502113e+05
6.346078225820106454e+05 6.346078225820106454e+05
6.345869247881436022e+05 6.345869247881436022e+05
6.324496634982083924e+05 6.324496634982083924e+05
6.296950207632117672e+05 6.296950207632117672e+05
6.285933564944989048e+05 6.285933564944989048e+05
6.270141995436785510e+05 6.270141995436785510e+05
6.259068989018490538e+05 6.259068989018490538e+05
6.258601705060910899e+05 6.258601705060910899e+05
6.216165333232406992e+05 6.216165333232406992e+05
6.186240239898898872e+05 6.186240239898898872e+05
6.209631644233291736e+05 6.209631644233291736e+05
6.162652975190045545e+05 6.162652975190045545e+05
6.185359744284583721e+05 6.185359744284583721e+05
6.139391707007292425e+05 6.139391707007292425e+05
6.128972388745886274e+05 6.128972388745886274e+05
6.116050031005822821e+05 6.116050031005822821e+05
6.114538236272644717e+05 6.114538236272644717e+05
6.088967827194944257e+05 6.088967827194944257e+05
6.059228944960884983e+05 6.059228944960884983e+05
6.080307305197729729e+05 6.080307305197729729e+05
6.034013912473752862e+05 6.034013912473752862e+05
6.030286677185026929e+05 6.030286677185026929e+05
6.023151719796941616e+05 6.023151719796941616e+05
6.019963925323638832e+05 6.019963925323638832e+05
6.000561997123396723e+05 6.000561997123396723e+05
5.965168942420771345e+05 5.965168942420771345e+05
5.987476931566194398e+05 5.987476931566194398e+05
5.965852712868496310e+05 5.965852712868496310e+05
5.961025333389529260e+05 5.961025333389529260e+05
5.942322899275369709e+05 5.942322899275369709e+05
5.918584485359303653e+05 5.918584485359303653e+05
5.927220433207232272e+05 5.927220433207232272e+05
5.932819347721958766e+05 5.932819347721958766e+05
5.926582991825036006e+05 5.926582991825036006e+05
5.956665689226947725e+05 5.956665689226947725e+05
5.939864444472159958e+05 5.939864444472159958e+05
5.931571217048611725e+05 5.931571217048611725e+05
5.937103537833011942e+05 5.937103537833011942e+05
5.979382110356631456e+05 5.979382110356631456e+05
5.748566318508960539e+05 5.748566318508960539e+05
