1.097128027460143057e+05 1.097128027460143057e+05
1.082277629335756064e+05 1.082277629335756064e+05
1.069494329201927030e+05 1.069494329201927030e+05
1.058355224850264931e+05 1.058355224850264931e+05
1.048537620077874017e+05 1.048537620077874017e+05
1.039786604710302054e+05 1.039786604710302054e+05
1.031921312688612961e+05 1.031921312688612961e+05
1.024795094899529067e+05 1.024795094899529067e+05
1.018301542689852067e+05 1.018301542689852067e+05
1.012353388161564944e+05 1.012353388161564944e+05
1.006874657906853972e+05 1.006874657906853972e+05
1.001799649491118034e+05 1.001799649491118034e+05
9.970777374568916275e+04 9.970777374568916275e+04
9.926682550343572802e+04 9.926682550343572802e+04
9.885365054201395833e+04 9.885365054201395833e+04
9.846515272421357804e+04 9.846515272421357804e+04
9.809848251790736686e+04 9.809848251790736686e+04
9.775106460589847120e+04 9.775106460589847120e+04
9.742081094939640025e+04 9.742081094939640025e+04
9.710603566162772768e+04 9.710603566162772768e+04
9.680534620402836299e+04 9.680534620402836299e+04
9.651756988015389652e+04 9.651756988015389652e+04
9.624155977912558592e+04 9.624155977912558592e+04
9.597616115385502053e+04 9.597616115385502053e+04
9.572031302732412587e+04 9.572031302732412587e+04
9.547307992327514512e+04 9.547307992327514512e+04
9.523368986145941017e+04 9.523368986145941017e+04
9.500156954273628071e+04 9.500156954273628071e+04
9.477626638147205813e+04 9.477626638147205813e+04
9.455747638973974972e+04 9.455747638973974972e+04
9.434485947365424363e+04 9.434485947365424363e+04
9.413809516341215931e+04 9.413809516341215931e+04
9.393686991240082716e+04 9.393686991240082716e+04
9.374077444717350591e+04 9.374077444717350591e+04
9.354942128740978660e+04 9.354942128740978660e+04
9.336250726551881235e+04 9.336250726551881235e+04
9.317964717685592768e+04 9.317964717685592768e+04
9.300057735470372427e+04 9.300057735470372427e+04
9.282499264676145685e+04 9.282499264676145685e+04
9.265267841537768254e+04 9.265267841537768254e+04
9.248341482551845547e+04 9.248341482551845547e+04
9.231699973096197937e+04 9.231699973096197937e+04
9.215323828457373020e+04 9.215323828457373020e+04
9.199196451624974725e+04 9.199196451624974725e+04
9.183305417286170996e+04 9.183305417286170996e+04
9.167638563279094524e+04 9.167638563279094524e+04
9.152187431895686314e+04 9.152187431895686314e+04
9.136935044994681084e+04 9.136935044994681084e+04
9.121862476234494534e+04 9.121862476234494534e+04
9.106962320416606963e+04 9.106962320416606963e+04
9.092210770417771710e+04 9.092210770417771710e+04
9.077612560292593844e+04 9.077612560292593844e+04
9.063152700698474655e+04 9.063152700698474655e+04
9.048835033736469632e+04 9.048835033736469632e+04
9.034656314836861566e+04 9.034656314836861566e+04
9.020623542014088889e+04 9.020623542014088889e+04
9.006732384184874536e+04 9.006732384184874536e+04
8.992975326411330025e+04 8.992975326411330025e+04
8.979334651724087598e+04 8.979334651724087598e+04
8.965790162216016324e+04 8.965790162216016324e+04
8.952319262677435472e+04 8.952319262677435472e+04
8.938893315189446730e+04 8.938893315189446730e+04
8.925501561574562220e+04 8.925501561574562220e+04
8.912130906106672774e+04 8.912130906106672774e+04
8.898772805060271639e+04 8.898772805060271639e+04
8.885436134160813526e+04 8.885436134160813526e+04
8.872136652158366633e+04 8.872136652158366633e+04
8.858891941037964716e+04 8.858891941037964716e+04
8.845731766689388314e+04 8.845731766689388314e+04
8.832693144754212699e+04 8.832693144754212699e+04
8.819797255606147519e+04 8.819797255606147519e+04
8.807063776745759242e+04 8.807063776745759242e+04
8.794498341779707698e+04 8.794498341779707698e+04
8.782144933311404020e+04 8.782144933311404020e+04
8.769955216959788231e+04 8.769955216959788231e+04
8.757931841064018954e+04 8.757931841064018954e+04
8.746053259965465986e+04 8.746053259965465986e+04
8.734286254869145341e+04 8.734286254869145341e+04
8.722600337414428941e+04 8.722600337414428941e+04
8.710955430760059971e+04 8.710955430760059971e+04
8.699312361567329208e+04 8.699312361567329208e+04
8.687635922411928186e+04 8.687635922411928186e+04
8.675894585758766334e+04 8.675894585758766334e+04
8.664057581115113862e+04 8.664057581115113862e+04
8.652104734855453717e+04 8.652104734855453717e+04
8.640024319035220833e+04 8.640024319035220833e+04
8.627803815699348343e+04 8.627803815699348343e+04
8.615453040874285216e+04 8.615453040874285216e+04
8.602954960489072255e+04 8.602954960489072255e+04
8.590340817671349214e+04 8.590340817671349214e+04
8.577595067042227311e+04 8.577595067042227311e+04
8.564766461992963741e+04 8.564766461992963741e+04
8.551855174709467974e+04 8.551855174709467974e+04
8.538881683313797112e+04 8.538881683313797112e+04
8.525868688474172086e+04 8.525868688474172086e+04
8.512840265215074760e+04 8.512840265215074760e+04
8.499815572928861366e+04 8.499815572928861366e+04
8.486811221487959847e+04 8.486811221487959847e+04
8.473847126969331293e+04 8.473847126969331293e+04
8.460935429011602537e+04 8.460935429011602537e+04
8.448092992405939731e+04 8.448092992405939731e+04
8.435330247214976407e+04 8.435330247214976407e+04
8.422657778299067286e+04 8.422657778299067286e+04
8.410076760124191060e+04 8.410076760124191060e+04
8.397588662050066341e+04 8.397588662050066341e+04
8.385208087169058854e+04 8.385208087169058854e+04
8.372917407383410318e+04 8.372917407383410318e+04
8.360718630519379803e+04 8.360718630519379803e+04
8.348603464239930327e+04 8.348603464239930327e+04
8.336565247702097986e+04 8.336565247702097986e+04
8.324592671584644995e+04 8.324592671584644995e+04
8.312673332983464934e+04 8.312673332983464934e+04
8.300792662617751921e+04 8.300792662617751921e+04
8.288936656136086094e+04 8.288936656136086094e+04
8.277092831303253479e+04 8.277092831303253479e+04
8.265244401406258112e+04 8.265244401406258112e+04
8.253377697503869422e+04 8.253377697503869422e+04
8.241480234606041631e+04 8.241480234606041631e+04
8.229538826030588825e+04 8.229538826030588825e+04
8.217544999588922656e+04 8.217544999588922656e+04
8.205490202129344107e+04 8.205490202129344107e+04
8.193364491152488336e+04 8.193364491152488336e+04
8.181160912636634021e+04 8.181160912636634021e+04
8.168869617476480198e+04 8.168869617476480198e+04
8.156497990321926773e+04 8.156497990321926773e+04
8.144037196343668620e+04 8.144037196343668620e+04
8.131487169981909392e+04 8.131487169981909392e+04
8.118848983035728452e+04 8.118848983035728452e+04
8.106124815481738187e+04 8.106124815481738187e+04
8.093319666904420592e+04 8.093319666904420592e+04
8.080437393518749741e+04 8.080437393518749741e+04
8.067480764452545554e+04 8.067480764452545554e+04
8.054458566556547885e+04 8.054458566556547885e+04
8.041377193440415431e+04 8.041377193440415431e+04
8.028239936592004960e+04 8.028239936592004960e+04
8.015053945701368502e+04 8.015053945701368502e+04
8.001827744590805378e+04 8.001827744590805378e+04
7.988565110491130326e+04 7.988565110491130326e+04
7.975276464567317453e+04 7.975276464567317453e+04
7.961965044351555116e+04 7.961965044351555116e+04
7.948639519346175075e+04 7.948639519346175075e+04
7.935302948243498395e+04 7.935302948243498395e+04
7.921961783750315954e+04 7.921961783750315954e+04
7.908620667176600546e+04 7.908620667176600546e+04
7.895282899058265320e+04 7.895282899058265320e+04
7.881951076298249245e+04 7.881951076298249245e+04
7.868627775540230505e+04 7.868627775540230505e+04
7.855315009446933982e+04 7.855315009446933982e+04
7.842014763403680990e+04 7.842014763403680990e+04
7.828730425788238063e+04 7.828730425788238063e+04
7.815462134222888562e+04 7.815462134222888562e+04
7.802209571720840177e+04 7.802209571720840177e+04
7.788972787414917548e+04 7.788972787414917548e+04
7.775750830437699915e+04 7.775750830437699915e+04
7.762544489213934867e+04 7.762544489213934867e+04
7.749352315780731442e+04 7.749352315780731442e+04
7.736175182738591684e+04 7.736175182738591684e+04
7.723011899348336738e+04 7.723011899348336738e+04
7.709860835089901229e+04 7.709860835089901229e+04
7.696720295949117281e+04 7.696720295949117281e+04
7.683589043175840925e+04 7.683589043175840925e+04
7.670465978913677100e+04 7.670465978913677100e+04
7.657350134312988666e+04 7.657350134312988666e+04
7.644239705541130388e+04 7.644239705541130388e+04
7.631134465743000328e+04 7.631134465743000328e+04
7.618033039455318067e+04 7.618033039455318067e+04
7.604935177172555996e+04 7.604935177172555996e+04
7.591839376150362659e+04 7.591839376150362659e+04
7.578744304573106638e+04 7.578744304573106638e+04
7.565649039695835381e+04 7.565649039695835381e+04
7.552553266238808283e+04 7.552553266238808283e+04
7.539456706977037538e+04 7.539456706977037538e+04
7.526357883840432623e+04 7.526357883840432623e+04
7.513257561175162846e+04 7.513257561175162846e+04
7.500154203036775289e+04 7.500154203036775289e+04
7.487045775089786912e+04 7.487045775089786912e+04
7.473932475986276404e+04 7.473932475986276404e+04
7.460814419083854591e+04 7.460814419083854591e+04
7.447692253046490077e+04 7.447692253046490077e+04
7.434566279612587823e+04 7.434566279612587823e+04
7.421434655250130163e+04 7.421434655250130163e+04
7.408298295572759525e+04 7.408298295572759525e+04
7.395157128353569715e+04 7.395157128353569715e+04
7.382012615858529171e+04 7.382012615858529171e+04
7.368865221385599580e+04 7.368865221385599580e+04
7.355714434002824419e+04 7.355714434002824419e+04
7.342560849285655422e+04 7.342560849285655422e+04
7.329404405746322300e+04 7.329404405746322300e+04
7.316244940303626936e+04 7.316244940303626936e+04
7.303084222179224889e+04 7.303084222179224889e+04
7.289923215783314663e+04 7.289923215783314663e+04
7.276762342662968149e+04 7.276762342662968149e+04
7.263601611495674297e+04 7.263601611495674297e+04
7.250439965851859597e+04 7.250439965851859597e+04
7.237278878032068314e+04 7.237278878032068314e+04
7.224118314631799876e+04 7.224118314631799876e+04
7.210959172657338786e+04 7.210959172657338786e+04
7.197801943046945962e+04 7.197801943046945962e+04
7.184647504990181187e+04 7.184647504990181187e+04
7.171496683365483477e+04 7.171496683365483477e+04
7.158349541497661266e+04 7.158349541497661266e+04
7.145206039852638787e+04 7.145206039852638787e+04
7.132066647326994280e+04 7.132066647326994280e+04
7.118931785287764797e+04 7.118931785287764797e+04
7.105801878871404915e+04 7.105801878871404915e+04
7.092677961109504395e+04 7.092677961109504395e+04
7.079560477695974987e+04 7.079560477695974987e+04
7.066450233093096176e+04 7.066450233093096176e+04
7.053347783431565040e+04 7.053347783431565040e+04
7.040253808083305194e+04 7.040253808083305194e+04
7.027168075140353176e+04 7.027168075140353176e+04
7.014090940068055352e+04 7.014090940068055352e+04
7.001022910757361387e+04 7.001022910757361387e+04
6.987964445876250102e+04 6.987964445876250102e+04
6.974916296770609915e+04 6.974916296770609915e+04
6.961879471820159233e+04 6.961879471820159233e+04
6.948854956847794529e+04 6.948854956847794529e+04
6.935842907367396401e+04 6.935842907367396401e+04
6.922843958735803608e+04 6.922843958735803608e+04
6.909859385388359078e+04 6.909859385388359078e+04
6.896889665714331204e+04 6.896889665714331204e+04
6.883935333500799607e+04 6.883935333500799607e+04
6.870996216240325884e+04 6.870996216240325884e+04
6.858073144470236730e+04 6.858073144470236730e+04
6.845167229192066588e+04 6.845167229192066588e+04
6.832279147380491486e+04 6.832279147380491486e+04
6.819409100196725922e+04 6.819409100196725922e+04
6.806558059292513644e+04 6.806558059292513644e+04
6.793726754317252198e+04 6.793726754317252198e+04
6.780915655942751619e+04 6.780915655942751619e+04
6.768125150065067282e+04 6.768125150065067282e+04
6.755355841435279581e+04 6.755355841435279581e+04
6.742608118017326342e+04 6.742608118017326342e+04
6.729882494949904503e+04 6.729882494949904503e+04
6.717179678853820951e+04 6.717179678853820951e+04
6.704500550245989871e+04 6.704500550245989871e+04
6.691845736469166877e+04 6.691845736469166877e+04
6.679215846409677761e+04 6.679215846409677761e+04
6.666611387547219056e+04 6.666611387547219056e+04
6.654032777486015402e+04 6.654032777486015402e+04
6.641480585973657435e+04 6.641480585973657435e+04
6.628955534123429970e+04 6.628955534123429970e+04
6.616458171613010927e+04 6.616458171613010927e+04
6.603988561283343006e+04 6.603988561283343006e+04
6.591546920533142111e+04 6.591546920533142111e+04
6.579133917960683175e+04 6.579133917960683175e+04
6.566750223862465646e+04 6.566750223862465646e+04
6.554396426913501637e+04 6.554396426913501637e+04
6.542073168562910723e+04 6.542073168562910723e+04
6.529781048669788288e+04 6.529781048669788288e+04
6.517520762521372671e+04 6.517520762521372671e+04
6.505292754028821219e+04 6.505292754028821219e+04
6.493098067679142696e+04 6.493098067679142696e+04
6.480937181363018317e+04 6.480937181363018317e+04
6.468810765191684186e+04 6.468810765191684186e+04
6.456719387352502963e+04 6.456719387352502963e+04
6.444663660297775641e+04 6.444663660297775641e+04
6.432644193523418653e+04 6.432644193523418653e+04
6.420661587869755022e+04 6.420661587869755022e+04
6.408716404806051287e+04 6.408716404806051287e+04
6.396809172063144797e+04 6.396809172063144797e+04
6.384940491985039262e+04 6.384940491985039262e+04
6.373111007232384145e+04 6.373111007232384145e+04
6.361321238169808203e+04 6.361321238169808203e+04
6.349571416777314153e+04 6.349571416777314153e+04
6.337861799926818640e+04 6.337861799926818640e+04
6.326192824845414725e+04 6.326192824845414725e+04
6.314565132999476918e+04 6.314565132999476918e+04
6.302979489457509044e+04 6.302979489457509044e+04
6.291436533230156783e+04 6.291436533230156783e+04
6.279936767834125203e+04 6.279936767834125203e+04
6.268480720255775668e+04 6.268480720255775668e+04
6.257068963838260970e+04 6.257068963838260970e+04
6.245702078904117661e+04 6.245702078904117661e+04
6.234380634756202198e+04 6.234380634756202198e+04
6.223105193187797704e+04 6.223105193187797704e+04
6.211876347054821235e+04 6.211876347054821235e+04
6.200694710348732769e+04 6.200694710348732769e+04
6.189560820111381327e+04 6.189560820111381327e+04
6.178475176068623114e+04 6.178475176068623114e+04
6.167438288504099910e+04 6.167438288504099910e+04
6.156450660936525674e+04 6.156450660936525674e+04
6.145512834313022177e+04 6.145512834313022177e+04
6.134625349752992042e+04 6.134625349752992042e+04
6.123788752200850286e+04 6.123788752200850286e+04
6.113003580756556767e+04 6.113003580756556767e+04
6.102270384639070107e+04 6.102270384639070107e+04
6.091589817676926032e+04 6.091589817676926032e+04
6.080962521211413696e+04 6.080962521211413696e+04
6.070389196101920970e+04 6.070389196101920970e+04
6.059869801381712750e+04 6.059869801381712750e+04
6.049405076886992174e+04 6.049405076886992174e+04
6.038995595176275674e+04 6.038995595176275674e+04
6.028641956216804101e+04 6.028641956216804101e+04
6.018344733084623294e+04 6.018344733084623294e+04
6.008104464702616679e+04 6.008104464702616679e+04
5.997921685679508664e+04 5.997921685679508664e+04
5.987796858656513359e+04 5.987796858656513359e+04
5.977730474295942258e+04 5.977730474295942258e+04
5.967723027641423687e+04 5.967723027641423687e+04
5.957775000825386815e+04 5.957775000825386815e+04
5.947886852372834255e+04 5.947886852372834255e+04
5.938059016015627276e+04 5.938059016015627276e+04
5.928291960607156216e+04 5.928291960607156216e+04
5.918586128426997311e+04 5.918586128426997311e+04
5.908942015147455095e+04 5.908942015147455095e+04
5.899360140204805066e+04 5.899360140204805066e+04
5.889840983911560761e+04 5.889840983911560761e+04
5.880385022145696712e+04 5.880385022145696712e+04
5.870992677989099320e+04 5.870992677989099320e+04
5.861664328289950936e+04 5.861664328289950936e+04
5.852399873184265016e+04 5.852399873184265016e+04
5.843200487893169338e+04 5.843200487893169338e+04
5.834066432450596039e+04 5.834066432450596039e+04
5.824998287282264209e+04 5.824998287282264209e+04
5.815996592609078652e+04 5.815996592609078652e+04
5.807061756362670712e+04 5.807061756362670712e+04
5.798194199522378040e+04 5.798194199522378040e+04
5.789394311565656244e+04 5.789394311565656244e+04
5.780662468665246706e+04 5.780662468665246706e+04
5.771999075157741754e+04 5.771999075157741754e+04
5.763404626406622265e+04 5.763404626406622265e+04
5.754879541453610727e+04 5.754879541453610727e+04
5.746424235149942251e+04 5.746424235149942251e+04
5.738039777831293759e+04 5.738039777831293759e+04
5.729726106376587995e+04 5.729726106376587995e+04
5.721482910741519299e+04 5.721482910741519299e+04
5.713311765325257147e+04 5.713311765325257147e+04
5.705212940460159734e+04 5.705212940460159734e+04
5.697186469231236697e+04 5.697186469231236697e+04
5.689232874147577968e+04 5.689232874147577968e+04
5.681352583095816954e+04 5.681352583095816954e+04
5.673546034212355153e+04 5.673546034212355153e+04
5.665813607141675311e+04 5.665813607141675311e+04
5.658155740771254932e+04 5.658155740771254932e+04
5.650572889202301303e+04 5.650572889202301303e+04
5.643065128501341678e+04 5.643065128501341678e+04
5.635633254595781909e+04 5.635633254595781909e+04
5.628277625823619746e+04 5.628277625823619746e+04
5.620998734370634338e+04 5.620998734370634338e+04
5.613796827836045122e+04 5.613796827836045122e+04
5.606671740082964243e+04 5.606671740082964243e+04
5.599624751806895802e+04 5.599624751806895802e+04
5.592656349139007943e+04 5.592656349139007943e+04
5.585766955142559164e+04 5.585766955142559164e+04
5.578956975393866742e+04 5.578956975393866742e+04
5.572226822748615086e+04 5.572226822748615086e+04
5.565576940608152654e+04 5.565576940608152654e+04
5.559007810265303124e+04 5.559007810265303124e+04
5.552520001269024942e+04 5.552520001269024942e+04
5.546111916102244140e+04 5.546111916102244140e+04
5.539787278904027335e+04 5.539787278904027335e+04
5.533544966441718861e+04 5.533544966441718861e+04
5.527385388904700812e+04 5.527385388904700812e+04
5.521308989375583769e+04 5.521308989375583769e+04
5.515316221287302324e+04 5.515316221287302324e+04
5.509407502300787746e+04 5.509407502300787746e+04
5.503583229430022038e+04 5.503583229430022038e+04
5.497843805401872669e+04 5.497843805401872669e+04
5.492189658467673144e+04 5.492189658467673144e+04
5.486621210668418644e+04 5.486621210668418644e+04
5.481138899695588043e+04 5.481138899695588043e+04
5.475743178377648292e+04 5.475743178377648292e+04
5.470434521936505189e+04 5.470434521936505189e+04
5.465213403642331104e+04 5.465213403642331104e+04
5.460080304740978318e+04 5.460080304740978318e+04
5.455035718606336741e+04 5.455035718606336741e+04
5.450080122013301298e+04 5.450080122013301298e+04
5.445213982740225765e+04 5.445213982740225765e+04
5.440437752086947876e+04 5.440437752086947876e+04
5.435751864942951215e+04 5.435751864942951215e+04
5.431156722973596334e+04 5.431156722973596334e+04
5.426652726428220194e+04 5.426652726428220194e+04
5.422240285532787675e+04 5.422240285532787675e+04
5.417916357018020790e+04 5.417916357018020790e+04
5.413639225017021818e+04 5.413639225017021818e+04
5.411161126917316869e+04 5.411161126917316869e+04
5.461441311774328642e+04 5.461441311774328642e+04
9.255425451845664065e+04 9.255425451845664065e+04
3.614584227064505103e+05 3.614584227064505103e+05
3.968718592148689204e+05 3.968718592148689204e+05
3.353127372825779021e+05 3.353127372825779021e+05
2.690030858931809780e+05 2.690030858931809780e+05
2.106836036707430030e+05 2.106836036707430030e+05
1.622898737997192948e+05 1.622898737997192948e+05
1.224114996420507960e+05 1.224114996420507960e+05
9.292382619688249542e+04 9.292382619688249542e+04
7.807483921999417362e+04 7.807483921999417362e+04
7.841553722958431172e+04 7.841553722958431172e+04
1.189431876568423031e+05 1.189431876568423031e+05
9.704745493988014641e+04 9.704745493988014641e+04
1.639560426225434057e+05 1.639560426225434057e+05
1.720598010859809874e+05 1.720598010859809874e+05
2.983842195515260100e+05 2.983842195515260100e+05
5.034804453321755864e+05 5.034804453321755864e+05
7.913131225013285875e+05 7.913131225013285875e+05
1.139884316084267106e+06 1.139884316084267106e+06
1.473157277513484936e+06 1.473157277513484936e+06
1.736545567722213920e+06 1.736545567722213920e+06
1.880802651709421072e+06 1.880802651709421072e+06
1.908859468415755080e+06 1.908859468415755080e+06
1.864248771432504989e+06 1.864248771432504989e+06
1.807453345167886931e+06 1.807453345167886931e+06
1.745595893282992998e+06 1.745595893282992998e+06
1.684281201315061888e+06 1.684281201315061888e+06
1.629116355058188085e+06 1.629116355058188085e+06
1.584130491331975907e+06 1.584130491331975907e+06
1.548467549474024912e+06 1.548467549474024912e+06
1.521379827923096949e+06 1.521379827923096949e+06
1.500522314756080043e+06 1.500522314756080043e+06
1.483550323172565084e+06 1.483550323172565084e+06
1.469005475157527020e+06 1.469005475157527020e+06
1.456310466343387030e+06 1.456310466343387030e+06
1.445227054473811062e+06 1.445227054473811062e+06
1.435387248091692105e+06 1.435387248091692105e+06
1.426205403366548009e+06 1.426205403366548009e+06
1.417135694703585003e+06 1.417135694703585003e+06
1.408019522466469090e+06 1.408019522466469090e+06
1.399026765195746906e+06 1.399026765195746906e+06
1.390427177804270992e+06 1.390427177804270992e+06
1.382328574342500884e+06 1.382328574342500884e+06
1.374642107113657054e+06 1.374642107113657054e+06
1.367223726072261110e+06 1.367223726072261110e+06
1.360003869031483075e+06 1.360003869031483075e+06
1.353007738254668890e+06 1.353007738254668890e+06
1.346297453966991045e+06 1.346297453966991045e+06
1.339900296847980004e+06 1.339900296847980004e+06
1.333773559901858913e+06 1.333773559901858913e+06
1.327826171492207097e+06 1.327826171492207097e+06
1.321974617049515015e+06 1.321974617049515015e+06
1.316203082774654031e+06 1.316203082774654031e+06
1.310582796972338110e+06 1.310582796972338110e+06
1.305223181233240990e+06 1.305223181233240990e+06
1.300189054160520900e+06 1.300189054160520900e+06
1.295430899753482081e+06 1.295430899753482081e+06
1.290784282781766029e+06 1.290784282781766029e+06
1.286049030621360987e+06 1.286049030621360987e+06
1.281085482801530976e+06 1.281085482801530976e+06
1.275876750336517114e+06 1.275876750336517114e+06
1.270535110044437926e+06 1.270535110044437926e+06
1.265255188933545025e+06 1.265255188933545025e+06
1.260242929870028980e+06 1.260242929870028980e+06
1.255661193836678052e+06 1.255661193836678052e+06
1.251588510232659988e+06 1.251588510232659988e+06
1.248009321538537974e+06 1.248009321538537974e+06
1.244823237263407093e+06 1.244823237263407093e+06
1.241868591279370012e+06 1.241868591279370012e+06
1.238954459974535042e+06 1.238954459974535042e+06
1.235900475597209996e+06 1.235900475597209996e+06
1.232579300840635085e+06 1.232579300840635085e+06
1.228941404128554044e+06 1.228941404128554044e+06
1.225024166928661987e+06 1.225024166928661987e+06
1.220937372618735069e+06 1.220937372618735069e+06
1.216827679169551004e+06 1.216827679169551004e+06
1.212834731192633044e+06 1.212834731192633044e+06
1.209056092741355067e+06 1.209056092741355067e+06
1.205530421664312016e+06 1.205530421664312016e+06
1.202236600389772095e+06 1.202236600389772095e+06
1.199113197599657113e+06 1.199113197599657113e+06
1.196084055356001947e+06 1.196084055356001947e+06
1.193080209241610952e+06 1.193080209241610952e+06
1.190053367560318904e+06 1.190053367560318904e+06
1.186979758264424978e+06 1.186979758264424978e+06
1.183855101452314993e+06 1.183855101452314993e+06
1.180688470303515904e+06 1.180688470303515904e+06
1.177496030534402933e+06 1.177496030534402933e+06
1.174296045893257950e+06 1.174296045893257950e+06
1.171105333526592003e+06 1.171105333526592003e+06
1.167936911692670081e+06 1.167936911692670081e+06
1.164798711909251986e+06 1.164798711909251986e+06
1.161693334688795032e+06 1.161693334688795032e+06
1.158618539477813058e+06 1.158618539477813058e+06
1.155567837317975005e+06 1.155567837317975005e+06
1.152530743772075046e+06 1.152530743772075046e+06
1.149492793907738989e+06 1.149492793907738989e+06
1.146435761202808935e+06 1.146435761202808935e+06
1.143338710366623942e+06 1.143338710366623942e+06
1.140180151661009993e+06 1.140180151661009993e+06
1.136940826286264928e+06 1.136940826286264928e+06
1.133606007275345037e+06 1.133606007275345037e+06
1.130166151763434056e+06 1.130166151763434056e+06
1.126615520757826045e+06 1.126615520757826045e+06
1.122949262626102893e+06 1.122949262626102893e+06
1.119160125704538077e+06 1.119160125704538077e+06
1.115236284050221089e+06 1.115236284050221089e+06
1.111161253491014009e+06 1.111161253491014009e+06
1.106915853816434043e+06 1.106915853816434043e+06
1.102481547813192010e+06 1.102481547813192010e+06
1.097844042069843039e+06 1.097844042069843039e+06
1.092994720589692006e+06 1.092994720589692006e+06
1.087931061801370000e+06 1.087931061801370000e+06
1.082655072844302980e+06 1.082655072844302980e+06
1.077170103487669956e+06 1.077170103487669956e+06
1.071539772471097996e+06 1.071539772471097996e+06
1.065725636455361033e+06 1.065725636455361033e+06
1.059684184965397930e+06 1.059684184965397930e+06
1.053396930596363032e+06 1.053396930596363032e+06
1.046841647301246994e+06 1.046841647301246994e+06
1.039994462742164033e+06 1.039994462742164033e+06
1.032833848366482998e+06 1.032833848366482998e+06
1.025343584754867945e+06 1.025343584754867945e+06
1.017516127556147054e+06 1.017516127556147054e+06
1.009356032545040944e+06 1.009356032545040944e+06
1.000878930507326033e+06 1.000878930507326033e+06
9.921091496705606114e+05 9.921091496705606114e+05
9.830774851681992877e+05 9.830774851681992877e+05
9.738178734496030957e+05 9.738178734496030957e+05
9.643632246898941230e+05 9.643632246898941230e+05
9.547456910185335437e+05 9.547456910185335437e+05
9.449945427844597725e+05 9.449945427844597725e+05
9.351353890952178044e+05 9.351353890952178044e+05
9.251905449553322978e+05 9.251905449553322978e+05
9.151803385251018917e+05 9.151803385251018917e+05
9.051247347443058388e+05 9.051247347443058388e+05
8.950464634593684459e+05 8.950464634593684459e+05
8.850028448329152307e+05 8.850028448329152307e+05
8.751036006233710796e+05 8.751036006233710796e+05
8.652574806017295923e+05 8.652574806017295923e+05
8.554874926386438310e+05 8.554874926386438310e+05
8.458255354914845666e+05 8.458255354914845666e+05
8.363035597410121700e+05 8.363035597410121700e+05
8.269520468459650874e+05 8.269520468459650874e+05
8.177996167391265044e+05 8.177996167391265044e+05
8.088728406697441824e+05 8.088728406697441824e+05
8.001961458379414398e+05 8.001961458379414398e+05
7.917918294138143538e+05 7.917918294138143538e+05
7.836800182335139252e+05 7.836800182335139252e+05
7.758788730989646865e+05 7.758788730989646865e+05
7.684553562550289789e+05 7.684553562550289789e+05
7.614346029591936385e+05 7.614346029591936385e+05
7.547589720902970294e+05 7.547589720902970294e+05
7.484334894423644291e+05 7.484334894423644291e+05
7.424656821101950482e+05 7.424656821101950482e+05
7.368607105348843616e+05 7.368607105348843616e+05
7.316207072253660299e+05 7.316207072253660299e+05
7.267440734338754555e+05 7.267440734338754555e+05
7.222239104869306320e+05 7.222239104869306320e+05
7.179895945351209957e+05 7.179895945351209957e+05
8.043329946486663539e+05 8.043329946486663539e+05
