2.539780875814730970e-02 2.002547916519328137e+05
2.579816009893608902e-02 1.985668600740662951e+05
2.620106951567108960e-02 1.924564606589706964e+05
2.660655258613192978e-02 1.848464142399193952e+05
2.701462497290102113e-02 1.770175744579721068e+05
2.742530242369137922e-02 1.695590253587274055e+05
2.783860077167372993e-02 1.626690709235637041e+05
2.825453593580269998e-02 1.564076662730643875e+05
2.867312392114323982e-02 1.507395672920293000e+05
2.909438081919480876e-02 1.456000867629002896e+05
2.951832280821601109e-02 1.409228006760264980e+05
2.994496615354750105e-02 1.366476363620987104e+05
3.037432720793538030e-02 1.327226474542698998e+05
3.080642241185175059e-02 1.291036796884741052e+05
3.124126829381618925e-02 1.257534011393514957e+05
3.167888147071500765e-02 1.226402503061260941e+05
3.211927864812016975e-02 1.197374797976761038e+05
3.256247662060676729e-02 1.170223380551485025e+05
3.300849227206977682e-02 1.144753873576570040e+05
3.345734257603916184e-02 1.120799418828738999e+05
3.390904459599442672e-02 1.098216029972678953e+05
3.436361548567728325e-02 1.076878768202461943e+05
3.482107248940336658e-02 1.056678843077424972e+05
3.528143294237332667e-02 1.037520916210959986e+05
3.574471427098085269e-02 1.019321077718943998e+05
3.621093399312110689e-02 1.002005120777402044e+05
3.668010971849652163e-02 9.855070999305311125e+04
3.715225914892195808e-02 9.697681262706691632e+04
3.762740007862717950e-02 9.547353571749643015e+04
3.810555039455913728e-02 9.403611569170953589e+04
3.858672807668162008e-02 9.266024033352875267e+04
3.907095119827316138e-02 9.134199151673381857e+04
3.955823792622460700e-02 9.007779753009241540e+04
4.004860652133251930e-02 8.886439283628104022e+04
4.054207533859283813e-02 8.769878363456779334e+04
4.103866282749205063e-02 8.657821813578100409e+04
4.153838753229559255e-02 8.550016084825209691e+04
4.204126809233577067e-02 8.446227040728567226e+04
4.254732324229563295e-02 8.346238084426717251e+04
4.305657181249319260e-02 8.249848415087448666e+04
4.356903272916119729e-02 8.156871754097445228e+04
4.408472501472592009e-02 8.067135418136490625e+04
4.460366778808382004e-02 7.980479654918346205e+04
4.512588026487467791e-02 7.896746365135395899e+04
4.565138175775441259e-02 7.815782167741534067e+04
4.618019167666252700e-02 7.737476083520372049e+04
4.671232952909015745e-02 7.661706506999545672e+04
4.724781492034348107e-02 7.588359630150198063e+04
4.778666755380472225e-02 7.517328405768571247e+04
4.832890723119190324e-02 7.448511811278712412e+04
4.887455385281389703e-02 7.381745213920096285e+04
4.942362741782409252e-02 7.316903586188447662e+04
4.997614802447020166e-02 7.253930074892466655e+04
5.053213587034188770e-02 7.192781151699365000e+04
5.109161125261554859e-02 7.133407864190726832e+04
5.165459456829445128e-02 7.075754745381779503e+04
5.222110631444794315e-02 7.019761194821687241e+04
5.279116708844570904e-02 6.965397155852902506e+04
5.336479758818943320e-02 6.912757455571545870e+04
5.394201861234158846e-02 6.861737324849763536e+04
5.452285106054940295e-02 6.812280770017819304e+04
5.510731593366702957e-02 6.764319159614453383e+04
5.569543433397321219e-02 6.717813314713934960e+04
5.628722746538508681e-02 6.672727047021582257e+04
5.688271663366892272e-02 6.628969360992334259e+04
5.748192324664667258e-02 6.586508621960261371e+04
5.808486881439926808e-02 6.545285828321408917e+04
5.869157494946473930e-02 6.505268234639360162e+04
5.930206336703396780e-02 6.466413327267533168e+04
5.991635588514077765e-02 6.428679277443895262e+04
6.053447442484880675e-02 6.392030490027482301e+04
6.115644101043447856e-02 6.356438237468904845e+04
6.178227776956408263e-02 6.321878929754434648e+04
6.241200693346848904e-02 6.288331095938310318e+04
6.304565083711116680e-02 6.255769715187269321e+04
6.368323191935432170e-02 6.224165553641228325e+04
6.432477272311737382e-02 6.193487433420032175e+04
6.497029589553350581e-02 6.163704309929186275e+04
6.561982418809862716e-02 6.134786278597950877e+04
6.627338045681839540e-02 6.106704809690651746e+04
6.693098766234811814e-02 6.079432647151121637e+04
6.759266887012763125e-02 6.052943631298861146e+04
6.825844725051270767e-02 6.027212548422753753e+04
6.892834607889869458e-02 6.002215029611797218e+04
6.960238873584176367e-02 5.977927491393079254e+04
7.028059870717176527e-02 5.954327104278209299e+04
7.096299958410173803e-02 5.931391776890809706e+04
7.164961506333038244e-02 5.909100146847080759e+04
7.234046894714005194e-02 5.887431572864230839e+04
7.303558514348769404e-02 5.866366124999665772e+04
7.373498766609094812e-02 5.845884571067695651e+04
7.443870063450694352e-02 5.825968356335922726e+04
7.514674827420714243e-02 5.806599565738181263e+04
7.585915491664302346e-02 5.787760758088158036e+04
7.657594499930854559e-02 5.769434240916204726e+04
7.729714306579377192e-02 5.751603309982377687e+04
7.802277376583302559e-02 5.734254182167707768e+04
7.875286185534684236e-02 5.717372711266628903e+04
7.948743219647629032e-02 5.700944863365033962e+04
8.022650975761121128e-02 5.684956896626731759e+04
8.097011961341074593e-02 5.669395512934881117e+04
8.171828694481790556e-02 5.654247838317292189e+04
8.247103703906583094e-02 5.639501411872669269e+04
8.322839528967819478e-02 5.625144162513688207e+04
8.399038719646065299e-02 5.611164369797836844e+04
8.475703836548578729e-02 5.597550712123665289e+04
8.552837450907073424e-02 5.584292162061908311e+04
8.630442144574657082e-02 5.571377977604328044e+04
8.708520510021972028e-02 5.558797622079701978e+04
8.787075150332621098e-02 5.546540595889758697e+04
8.866108679197705345e-02 5.534597634043252765e+04
8.945623720909649801e-02 5.522957020029510022e+04
9.025622910355080020e-02 5.511610004666465102e+04
9.106108893006965854e-02 5.500549505181767745e+04
9.187084324915875677e-02 5.489766936128587258e+04
9.268551872700350747e-02 5.479253936277223693e+04
9.350514213536434416e-02 5.469001937474981241e+04
9.432974035146325653e-02 5.459002642273581296e+04
9.515934035786081935e-02 5.449247993551589752e+04
9.599396924232483919e-02 5.439730146885819704e+04
9.683365419768920346e-02 5.430441450728032942e+04
9.767842252170393091e-02 5.421374431683484727e+04
9.852830161687470278e-02 5.412521782868231821e+04
9.938331899029442806e-02 5.403876354297067883e+04
1.002435022534638037e-01 5.395431144754713750e+04
1.011088791221022992e-01 5.387179294872478931e+04
1.019794774159492046e-01 5.379114081235160120e+04
1.028553250585550055e-01 5.371228911364569649e+04
1.037364500770621978e-01 5.363517319449209754e+04
1.046228806019750962e-01 5.355972962661515339e+04
1.055146448669200959e-01 5.348589617624574021e+04
1.064117712083957057e-01 5.341361177166076959e+04
1.073142880655094944e-01 5.334281649883755745e+04
1.082222239797065999e-01 5.327345155411062296e+04
1.091356075944868026e-01 5.320545921749983245e+04
1.100544676551087064e-01 5.313878282186608703e+04
1.109788330082843028e-01 5.307336671980650135e+04
1.119087326018623069e-01 5.300915624536774703e+04
1.128441954844981998e-01 5.294609767326115252e+04
1.137852508053140005e-01 5.288413817232724250e+04
1.147319278135452980e-01 5.282322575019722717e+04
1.156842558581771957e-01 5.276330918229764939e+04
1.166422643875672932e-01 5.270433794177010714e+04
1.176059829490569003e-01 5.264626226313412917e+04
1.185754411885690945e-01 5.258903312787647155e+04
1.195506688501948023e-01 5.253260223492018122e+04
1.205316957757664037e-01 5.247692190893617953e+04
1.215185519044175988e-01 5.242194490778396721e+04
1.225112672721311025e-01 5.236762447865836293e+04
1.235098720112725035e-01 5.231391434855052648e+04
1.245143963501112033e-01 5.226076870545316342e+04
1.255248706123278102e-01 5.220814218288473057e+04
1.265413252165077940e-01 5.215598984997194930e+04
1.275637906756220130e-01 5.210426720725440100e+04
1.285922975964914894e-01 5.205293018843609752e+04
1.296268766792411931e-01 5.200193516771691066e+04
1.306675587167364927e-01 5.195123897266889253e+04
1.317143745940070887e-01 5.190079890208710276e+04
1.327673552876560137e-01 5.185057274866788066e+04
1.338265318652538116e-01 5.180051882583466067e+04
1.348919354847177010e-01 5.175059599833576067e+04
1.359635973936766107e-01 5.170076371586659661e+04
1.370415489288198119e-01 5.165098204933202942e+04
1.381258215152315894e-01 5.160121172886012209e+04
1.392164466657093980e-01 5.155141418320265802e+04
1.403134559800670866e-01 5.150155157965789112e+04
1.414168811444219132e-01 5.145158686417827266e+04
1.425267539304659048e-01 5.140148380093133892e+04
1.436431061947215093e-01 5.135120701088474016e+04
1.447659698777802872e-01 5.130072200900588359e+04
1.458953770035255060e-01 5.124999523965246044e+04
1.470313596783381083e-01 5.119899410986415751e+04
1.481739500902869988e-01 5.114768702030221175e+04
1.493231805083007069e-01 5.109604339367554348e+04
1.504790832813232004e-01 5.104403370050920057e+04
1.516416908374522976e-01 5.099162948219270766e+04
1.528110356830608973e-01 5.093880337118377793e+04
1.539871504019003079e-01 5.088552910843741120e+04
1.551700676541862001e-01 5.083178155804280686e+04
1.563598201756669914e-01 5.077753671904637304e+04
1.575564407766736064e-01 5.072277173471078277e+04
1.587599623411513894e-01 5.066746489913763071e+04
1.599704178256746989e-01 5.061159566138488299e+04
1.611878402584417114e-01 5.055514462722837197e+04
1.624122627382504069e-01 5.049809355860199867e+04
1.636437184334577910e-01 5.044042537073153653e+04
1.648822405809179936e-01 5.038212412712151126e+04
1.661278624849029939e-01 5.032317503241550730e+04
1.673806175160023890e-01 5.026356442314347078e+04
1.686405391100057882e-01 5.020327975652515306e+04
1.699076607667641958e-01 5.014230959735802753e+04
1.711820160490311882e-01 5.008064360316510283e+04
1.724636385812872985e-01 5.001827250748946972e+04
1.737525620485396993e-01 4.995518810185579059e+04
1.750488201951060918e-01 4.989138321610802814e+04
1.763524468233761966e-01 4.982685169748472981e+04
1.776634757925519004e-01 4.976158838863370329e+04
1.789819410173691117e-01 4.969558910438939347e+04
1.803078764667968015e-01 4.962885060781140055e+04
1.816413161627166983e-01 4.956137058519198763e+04
1.829822941785796964e-01 4.949314762056479231e+04
1.843308446380441112e-01 4.942418116930965334e+04
1.856870017135895112e-01 4.935447153134484688e+04
1.870507996251113136e-01 4.928401982371290069e+04
1.884222726384915114e-01 4.921282795265842287e+04
1.898014550641498044e-01 4.914089858529753110e+04
1.911883812555713880e-01 4.906823512086839764e+04
1.925830856078125930e-01 4.899484166167824151e+04
1.939856025559855979e-01 4.892072298367605254e+04
1.953959665737177998e-01 4.884588450695602660e+04
1.968142121715920068e-01 4.877033226601080241e+04
1.982403738955627881e-01 4.869407287994383660e+04
1.996744863253475943e-01 4.861711352283434826e+04
2.011165840727991982e-01 4.853946189413199318e+04
2.025667017802514069e-01 4.846112618936708895e+04
2.040248741188427917e-01 4.838211507117112342e+04
2.054911357868179078e-01 4.830243764071670739e+04
2.069655215078035904e-01 4.822210340962000919e+04
2.084480660290621012e-01 4.814112227239304048e+04
2.099388041197207955e-01 4.805950447945926862e+04
2.114377705689773068e-01 4.797726061074793688e+04
2.129450001842818907e-01 4.789440154983162211e+04
2.144605277894930939e-01 4.781093845874878025e+04
2.159843882230126910e-01 4.772688275325203722e+04
2.175166163358930038e-01 4.764224607878248207e+04
2.190572469899209063e-01 4.755704028686493257e+04
2.206063150556784869e-01 4.747127741213340050e+04
2.221638554105762886e-01 4.738496965006880782e+04
2.237299029368645109e-01 4.729812933526100824e+04
2.253044925196165116e-01 4.721076892047969886e+04
2.268876590446891883e-01 4.712290095628539711e+04
2.284794373966582137e-01 4.703453807132734073e+04
2.300798624567257922e-01 4.694569295328626322e+04
2.316889691006062957e-01 4.685637833050150221e+04
2.333067921963830060e-01 4.676660695450234198e+04
2.349333666023422085e-01 4.667639158338928246e+04
2.365687271647793077e-01 4.658574496622668812e+04
2.382129087157814074e-01 4.649467982846347149e+04
2.398659460709816060e-01 4.640320885829059262e+04
2.415278740272890079e-01 4.631134469379241636e+04
2.431987273605926980e-01 4.621909992314805277e+04
2.448785408234387950e-01 4.612648718832661689e+04
2.465673491426814967e-01 4.603351876406143128e+04
2.482651870171090069e-01 4.594020695320812956e+04
2.499720891150417068e-01 4.584656393083443254e+04
2.516880900719040137e-01 4.575260183113560925e+04
2.534132244877714824e-01 4.565833268089940975e+04
2.551475269248896782e-01 4.556376836626522709e+04
2.568910319051672109e-01 4.546892063438003970e+04
2.586437739076414277e-01 4.537380108945532265e+04
2.604057873659190725e-01 4.527842118761695019e+04
2.621771066655891880e-01 4.518279223197782267e+04
2.639577661416092069e-01 4.508692536827924050e+04
2.657478000756633985e-01 4.499083158110470686e+04
2.675472426934976111e-01 4.489452169077826693e+04
2.693561281622240955e-01 4.479800635088713898e+04
2.711744905876004030e-01 4.470129604652540729e+04
2.730023640112825833e-01 4.460440109303520148e+04
2.748397824080495155e-01 4.450733163536251232e+04
2.766867796830024262e-01 4.441009764776805969e+04
2.785433896687354860e-01 4.431270893388691911e+04
2.804096461224820924e-01 4.421517512700690713e+04
2.822855827232310100e-01 4.411750569052784704e+04
2.841712330688184185e-01 4.401970991845327808e+04
2.860666306729924835e-01 4.392179693596355355e+04
2.879718089624498933e-01 4.382377570006621681e+04
2.898868012738470834e-01 4.372565500018108287e+04
2.918116408507830939e-01 4.362744346969853359e+04
2.937463608407581139e-01 4.352914958123041288e+04
2.956909942921027157e-01 4.343078161219080357e+04
2.976455741508817754e-01 4.333234764936110878e+04
2.996101332577720266e-01 4.323385566601467144e+04
3.015847043449121911e-01 4.313531348329263710e+04
3.035693200327275743e-01 4.303672876613529661e+04
3.055640128267274047e-01 4.293810902573428757e+04
3.075688151142764171e-01 4.283946162373851985e+04
3.095837591613396222e-01 4.274079377687453234e+04
3.116088771092018761e-01 4.264211256148298708e+04
3.136442009711603029e-01 4.254342491800124117e+04
3.156897626291915726e-01 4.244473765502558672e+04
3.177455938305919769e-01 4.234605745307164761e+04
3.198117261845945247e-01 4.224739086759756901e+04
3.218881911589566158e-01 4.214874433065928315e+04
3.239750200765252885e-01 4.205012414856231771e+04
3.260722441117758774e-01 4.195153648592424724e+04
3.281798942873248026e-01 4.185298730093683116e+04
3.302980014704197109e-01 4.175448209477717319e+04
3.324265963693993076e-01 4.165602481131372042e+04
3.345657095301365902e-01 4.155762147670210106e+04
3.367153713324492759e-01 4.145926872241628007e+04
3.388756119864905214e-01 4.136098309722256090e+04
3.410464615291147750e-01 4.126277216361310275e+04
3.432279498202178147e-01 4.116464109373665997e+04
3.454201065390543057e-01 4.106659566663250735e+04
3.476229611805320974e-01 4.096864038823501323e+04
3.498365430514809860e-01 4.087077996631886344e+04
3.520608812669003829e-01 4.077301918589940760e+04
3.542960047461827244e-01 4.067536283867731981e+04
3.565419422093141777e-01 4.057781568994204281e+04
3.587987221730528087e-01 4.048038246169169724e+04
3.610663729470854899e-01 4.038306782350980211e+04
3.633449226301603274e-01 4.028587638712592889e+04
3.656343991061993814e-01 4.018881270298257732e+04
3.679348300403896821e-01 4.009188125792652136e+04
3.702462428752509860e-01 3.999508647372064297e+04
3.725686648266858247e-01 3.989843270623357239e+04
3.749021228800054062e-01 3.980192424526187096e+04
3.772466437859371968e-01 3.970556531500552956e+04
3.796022540566130199e-01 3.960936007501566201e+04
3.819689799615341164e-01 3.951331262166114175e+04
3.843468475235213844e-01 3.941742698978073895e+04
3.867358825146433032e-01 3.932170715442500659e+04
3.891361104521248726e-01 3.922615703248031787e+04
3.915475565942406755e-01 3.913078048382303677e+04
3.939702459361876241e-01 3.903558131203930679e+04
3.964042032059412191e-01 3.894056326445384911e+04
3.988494528600947109e-01 3.884573003163208341e+04
4.013060190796794990e-01 3.875108525331628334e+04
4.037739257659718750e-01 3.865663255707187636e+04
4.062531965362815023e-01 3.856237538620478881e+04
4.087438547197250194e-01 3.846831717550903704e+04
4.112459233529843772e-01 3.837446131993240851e+04
4.137594251760501884e-01 3.828081114842209354e+04
4.162843826279514770e-01 3.818736991705450055e+04
4.188208178424698835e-01 3.809414081249348965e+04
4.213687526438427144e-01 3.800112695338982303e+04
4.239282085424502799e-01 3.790833139165420289e+04
4.264992067304935186e-01 3.781575711378174310e+04
4.290817680776575216e-01 3.772340704202614870e+04
4.316759131267645100e-01 3.763128403497288673e+04
4.342816620894158763e-01 3.753939088765683118e+04
4.368990348416229019e-01 3.744773033107198717e+04
4.395280509194289253e-01 3.735630503096939356e+04
4.421687295145210750e-01 3.726511758631322300e+04
4.448210894698322870e-01 3.717417052743511158e+04
4.474851492751376059e-01 3.708346631427902321e+04
4.501609270626402148e-01 3.699300733542983653e+04
4.528484406025511944e-01 3.690279591699191224e+04
4.555477072986641729e-01 3.681283432339043793e+04
4.582587441839198750e-01 3.672312478967814968e+04
4.609815679159710022e-01 3.663366898527533340e+04
4.637161947727364009e-01 3.654446808360874275e+04
4.664626406479557841e-01 3.645552384376742702e+04
4.692209210467391256e-01 3.636683857602306671e+04
4.719910510811107240e-01 3.627841460138578259e+04
4.747730454655568200e-01 3.619025396557547356e+04
4.775669185125652194e-01 3.610235844874053146e+04
4.803726841281684146e-01 3.601472968674128060e+04
4.831903558074842064e-01 3.592736926068573666e+04
4.860199466302578264e-01 3.584027798586690187e+04
4.888614692564052233e-01 3.575345676091728819e+04
4.917149359215565729e-01 3.566690712614646327e+04
4.945803584326051161e-01 3.558063092721765133e+04
4.974577481632562748e-01 3.549462993377548264e+04
5.003471160495822634e-01 3.540890572494926892e+04
5.032484725855824736e-01 3.532345964127541811e+04
5.061618278187466347e-01 3.523829283534482238e+04
5.090871913456269660e-01 3.515340665429065848e+04
5.120245723074156041e-01 3.506880252245505835e+04
5.149739793855292458e-01 3.498448175110593729e+04
5.179354207972052260e-01 3.490044552438265237e+04
5.209089042911031475e-01 3.481669496579736006e+04
5.238944371429197222e-01 3.473323118388865259e+04
5.268920261510131597e-01 3.465005528014154697e+04
5.299016776320386590e-01 3.456716833998212678e+04
5.329233974165984433e-01 3.448457143478599028e+04
5.359571908449031197e-01 3.440226546068600146e+04
5.390030627624488035e-01 3.432025098148258257e+04
5.420610175157074551e-01 3.423852842855062772e+04
5.451310589478359780e-01 3.415709804066803190e+04
5.482131903944003071e-01 3.407595872139711719e+04
5.513074146791155927e-01 3.399511147661545692e+04
5.544137341096082583e-01 3.391454909726227925e+04
5.575321504731952649e-01 3.383428368573694752e+04
5.606626650326851369e-01 3.375431666317825875e+04
5.638052785221979724e-01 3.367464846672730346e+04
5.669599911430088790e-01 3.359527868158744241e+04
5.701268025594159461e-01 3.351620697554473008e+04
5.733057118946287556e-01 3.343743304522580729e+04
5.764967177266843157e-01 3.335895653105001111e+04
5.796998180843881965e-01 3.328077710513676720e+04
5.829150104432812007e-01 3.320289440333317907e+04
5.861422917216351225e-01 3.312530800552925939e+04
5.893816582764762613e-01 3.304801742543040018e+04
5.926331058996386902e-01 3.297102210409128020e+04
5.958966298138480555e-01 3.289432140802523645e+04
5.991722246688356845e-01 3.281791463050775201e+04
6.024598845374873335e-01 3.274180099545745179e+04
6.057596029120222436e-01 3.266597966439821903e+04
6.090713727002101674e-01 3.259044975383278143e+04
6.123951862216197028e-01 3.251521026258328857e+04
6.157310352039054857e-01 3.244025999035732821e+04
6.190789107791326851e-01 3.236559768420516048e+04
6.224388034801374703e-01 3.229122219191983095e+04
6.258107032369286671e-01 3.221713245929847835e+04
6.291945993731296038e-01 3.214332744370948058e+04
6.325904806024594818e-01 3.206980599521777913e+04
6.359983350252585987e-01 3.199656680764559860e+04
6.394181501250554289e-01 3.192360860017368032e+04
6.428499127651793321e-01 3.185093012065693983e+04
6.462936091854157850e-01 3.177853005887248946e+04
6.497492249987115720e-01 3.170640702117868932e+04
6.532167451879236086e-01 3.163455955943392109e+04
6.566961541026170579e-01 3.156298620662821122e+04
6.601874354559135183e-01 3.149168549692728993e+04
6.636905723213880615e-01 3.142065597178447933e+04
6.672055471300184504e-01 3.134989618013794097e+04
6.707323416671845395e-01 3.127940467914456895e+04
6.742709370697240745e-01 3.120918004121381819e+04
6.778213138230390067e-01 3.113922082796370887e+04
6.813834517582588735e-01 3.106952558705448973e+04
6.849573300494619099e-01 3.100009149783633984e+04
6.885429272109482302e-01 3.093091733676628064e+04
6.921402210945755140e-01 3.086200239820874049e+04
6.957491888871540908e-01 3.079334582969696930e+04
6.993698071078969791e-01 3.072494645999389832e+04
7.030020516059376501e-01 3.065680301618166050e+04
7.066458975579044122e-01 3.058891431799376005e+04
7.103013194655601881e-01 3.052127935186434115e+04
7.139682911535063514e-01 3.045389728432870106e+04
7.176467857669505124e-01 3.038676733626383066e+04
7.213367757695416937e-01 3.031988879720080877e+04
7.250382329412686788e-01 3.025326113681087008e+04
7.287511283764316339e-01 3.018688403522795124e+04
7.324754324816776796e-01 3.012075731786049073e+04
7.362111149741080718e-01 3.005488087481660114e+04
7.399581448794567695e-01 2.998925453505925907e+04
7.437164905303365048e-01 2.992387811512736880e+04
7.474861195645645662e-01 2.985875147355256922e+04
7.512669989235537527e-01 2.979387446169780014e+04
7.550590948507821532e-01 2.972924686363885121e+04
7.588623728903377552e-01 2.966486837997776820e+04
7.626767978855379937e-01 2.960073863884616003e+04
7.665023339776254607e-01 2.953685720848937126e+04
7.703389446045445510e-01 2.947322360198196839e+04
7.741865924997901605e-01 2.940983729313388903e+04
7.780452396913450919e-01 2.934669766092385908e+04
7.819148475006880705e-01 2.928380405033888019e+04
7.857953765418895786e-01 2.922115574588513118e+04
7.896867867207862934e-01 2.915875196223500097e+04
7.935890372342389032e-01 2.909659181669920144e+04
7.975020865694744110e-01 2.903467422924338098e+04
8.014258925035089298e-01 2.897299758159938938e+04
8.053604121026607388e-01 2.891155981493936997e+04
8.093056017221462728e-01 2.885035925570275867e+04
8.132614170057594905e-01 2.878939169311456862e+04
8.172278128856451662e-01 2.872866343893867088e+04
8.212047435821534513e-01 2.866817407004941924e+04
8.251921626037874713e-01 2.860792200916001093e+04
8.291900227472379648e-01 2.854790578952848955e+04
8.331982760975070734e-01 2.848812406101883971e+04
8.372168740281255017e-01 2.842857555485926059e+04
8.412457672014573840e-01 2.836925905697123017e+04
8.452849055690991875e-01 2.831017339297846047e+04
8.493342383723714306e-01 2.825131742757139000e+04
8.533937141428994400e-01 2.819269002980657024e+04
8.574632807032926962e-01 2.813429002690485140e+04
8.615428851679134414e-01 2.807611624372112055e+04
8.656324739437457616e-01 2.801816757860284997e+04
8.697319927313504895e-01 2.796044302064612930e+04
8.738413865259263558e-01 2.790294162583709112e+04
8.779605996184585148e-01 2.784566253401523136e+04
8.820895755969684338e-01 2.778860394641632956e+04
8.862282573478594827e-01 2.773176415573808845e+04
8.903765870573564500e-01 2.767514270635299181e+04
8.945345062130493075e-01 2.761873945498268949e+04
8.987019556055300118e-01 2.756255379392717077e+04
9.028788753301272285e-01 2.750658485606472095e+04
9.070652047887444169e-01 2.745083181402202899e+04
9.112608826917910632e-01 2.739529399353713961e+04
9.154658470602188292e-01 2.733997088520805119e+04
9.196800352276536250e-01 2.728486213080722882e+04
9.239033838426273793e-01 2.722996750720800992e+04
9.281358288709125048e-01 2.717528690945190101e+04
9.323773055979533986e-01 2.712082033189565118e+04
9.366277486314005252e-01 2.706656784716044058e+04
9.408870919037458647e-01 2.701252958385420061e+04
9.451552686750545051e-01 2.695870570409753054e+04
9.494322115358024838e-01 2.690509638198259927e+04
9.537178524098117727e-01 2.685170178404018952e+04
9.580121225572878485e-01 2.679852205202800178e+04
9.623149525779575164e-01 2.674555728886418001e+04
9.666262724143084295e-01 2.669280754730073022e+04
9.709460113549277516e-01 2.664027282177469169e+04
9.752740980379434044e-01 2.658795304295817914e+04
9.796104604545671224e-01 2.653584807455263945e+04
9.839550259527337639e-01 2.648395771228722151e+04
9.883077212408474255e-01 2.643228168454976912e+04
9.926684723916224806e-01 2.638081965412757927e+04
9.970372048460273140e-01 2.632957122092175996e+04
1.001413843417328975e+00 2.627853592533462142e+04
1.005798312295238084e+00 2.622771325169608099e+04
1.010190535050146998e+00 2.617710263234934973e+04
1.014590434637478999e+00 2.612670345174357863e+04
1.018997933402123968e+00 2.607651505671105042e+04
1.023412953082984078e+00 2.602653673535184134e+04
1.027835414817608983e+00 2.597676775315617124e+04
1.032265239146932911e+00 2.592720734154259844e+04
1.036702346020111021e+00 2.587785470315318889e+04
1.041146654799451010e+00 2.582870901704240168e+04
1.045598084265437100e+00 2.577976944454283148e+04
1.050056552621861039e+00 2.573103513632396061e+04
1.054521977501039043e+00 2.568250520715405946e+04
1.058994275969125987e+00 2.563417873096240874e+04
1.063473364531533072e+00 2.558605478815736933e+04
1.067959159138418990e+00 2.553813251105718155e+04
1.072451575190302986e+00 2.549041111507593087e+04
1.076950527543742986e+00 2.544288947561728128e+04
1.081455930517130959e+00 2.539556567085301867e+04
1.085967697896554007e+00 2.534843919020393150e+04
1.090485742941766922e+00 2.530150993870948878e+04
1.095009978392250005e+00 2.525477736949862083e+04
1.099540316473347046e+00 2.520824064621072102e+04
1.104076668902504110e+00 2.516189889800022866e+04
1.108618946895586932e+00 2.511575133273189931e+04
1.113167061173286898e+00 2.506979717039581010e+04
1.117720921967622072e+00 2.502403540735896968e+04
1.122280439028507049e+00 2.497846494082684148e+04
1.126845521630420954e+00 2.493308580970230832e+04
1.131416078579150941e+00 2.488789410086558928e+04
1.135992018218624944e+00 2.484289503804293054e+04
1.140573248437813936e+00 2.479808886869116031e+04
1.145159676677728999e+00 2.475347526406874022e+04
1.149751209938485008e+00 2.470905393741879016e+04
1.154347754786452018e+00 2.466482468054147103e+04
1.158949217361475936e+00 2.462078734368269943e+04
1.163555503384180900e+00 2.457694180991963003e+04
1.168166518163344936e+00 2.453328797404894067e+04
1.172782166603345999e+00 2.448982572616437028e+04
1.177402353211687958e+00 2.444655493948682124e+04
1.182026982106586077e+00 2.440347546087734008e+04
1.186655957024637109e+00 2.436058710395593152e+04
1.191289181328545999e+00 2.431788964393288916e+04
1.195926558014928975e+00 2.427538281406898022e+04
1.200567989722175044e+00 2.423306630330597909e+04
1.205213378738376973e+00 2.419093975532209151e+04
1.209862627009328895e+00 2.414900276813800883e+04
1.214515636146582089e+00 2.410725489505488076e+04
1.219172307435556935e+00 2.406569564604015977e+04
1.223832541843727917e+00 2.402432448998490872e+04
1.228496240028853048e+00 2.398314085738810900e+04
1.233163302347269896e+00 2.394214414384182965e+04
1.237833628862240909e+00 2.390133371379719028e+04
1.242507119352356026e+00 2.386070890526531002e+04
1.247183673319983921e+00 2.382026903632464018e+04
1.251863189999780968e+00 2.378001341557559135e+04
1.256545568367241961e+00 2.373994136443232856e+04
1.261230707147305896e+00 2.370005223779455991e+04
1.265918504822999946e+00 2.366034414406129872e+04
1.270608859644136057e+00 2.362081634691661020e+04
1.275301669636047075e+00 2.358146871788092903e+04
1.279996832608363944e+00 2.354230084279748917e+04
1.284694246163839981e+00 2.350331200272835849e+04
1.289393807707198913e+00 2.346450139050402140e+04
1.294095414454035975e+00 2.342586822581259912e+04
1.298798963439742993e+00 2.338741178099719036e+04
1.303504351528474992e+00 2.334913137875983011e+04
1.308211475422144110e+00 2.331102638745641161e+04
1.312920231669441939e+00 2.327309622086232048e+04
1.317630516674898944e+00 2.323534033773373085e+04
1.322342226707960977e+00 2.319775823337769907e+04
1.327055257912099995e+00 2.316034945122363933e+04
1.331769506313938978e+00 2.312311357274655165e+04
1.336484867832407941e+00 2.308605021479625066e+04
1.341201238287913933e+00 2.304915902541080868e+04
1.345918513411535011e+00 2.301243967889998021e+04
1.350636588854223996e+00 2.297589187018746088e+04
1.355355360196033088e+00 2.293951530943300168e+04
1.360074722955348925e+00 2.290330971697840869e+04
1.364794572598142075e+00 2.286727481835104118e+04
1.369514804547222075e+00 2.283141034022155873e+04
1.374235314191504020e+00 2.279571600617789954e+04
1.378955996895280922e+00 2.276019153309104877e+04
1.383676748007502955e+00 2.272483662790212111e+04
1.388397462871048038e+00 2.268965098477487118e+04
1.393118036832013074e+00 2.265463428295106132e+04
1.397838365248988968e+00 2.261978618547759106e+04
1.402558343502336990e+00 2.258510634141706032e+04
1.407277867003466909e+00 2.255059435226496134e+04
1.411996831204098024e+00 2.251624985185540936e+04
1.416715131605525979e+00 2.248207257240467879e+04
1.421432663767872029e+00 2.244806128987425836e+04
1.426149323319318096e+00 2.241421527265572877e+04
1.430865005965342052e+00 2.238053439369406988e+04
1.435579607497917909e+00 2.234701847749712033e+04
1.440293023804726902e+00 2.231366709708310009e+04
1.445005150878323930e+00 2.228047967169863114e+04
1.449715884825300893e+00 2.224745557285282121e+04
1.454425121875424054e+00 2.221459416960840827e+04
1.459132758390744078e+00 2.218189483784170079e+04
1.463838690874690096e+00 2.214935696006786020e+04
1.468542815981128902e+00 2.211697992518481988e+04
1.473245030523401056e+00 2.208476313018018845e+04
1.477945231483323907e+00 2.205270598330648136e+04
1.482643316020167079e+00 2.202080790692783921e+04
1.487339181479587991e+00 2.198906834132771110e+04
1.492032725402542948e+00 2.195748673780792160e+04
1.496723845534150943e+00 2.192606251703611997e+04
1.501412439832527035e+00 2.189479515470298065e+04
1.506098406477569984e+00 2.186368418719229885e+04
1.510781643879717029e+00 2.183272908170723895e+04
1.515462050688646922e+00 2.180192912318239178e+04
1.520139525801943892e+00 2.177128389054145009e+04
1.524813968373712969e+00 2.174079260596632957e+04
1.529485277823150913e+00 2.171045246742488962e+04
1.534153353843066947e+00 2.168026614556787899e+04
1.538818096408347991e+00 2.165023364440839941e+04
1.543479405784383918e+00 2.162035448276091120e+04
1.548137182535423095e+00 2.159062814376797905e+04
1.552791327532887955e+00 2.156105420673812114e+04
1.557441741963625947e+00 2.153163229315245917e+04
1.562088327338104987e+00 2.150236200635378918e+04
1.566730985498548945e+00 2.147324291630200969e+04
1.571369618627012077e+00 2.144427456961862117e+04
1.576004129253395947e+00 2.141545650194295013e+04
1.580634420263395068e+00 2.138678824492977947e+04
1.585260394906387038e+00 2.135826932874424892e+04
1.589881956803250951e+00 2.132989928247904027e+04
1.594499009954114976e+00 2.130167763436340101e+04
1.599111458746045988e+00 2.127360391219169833e+04
1.603719207960665916e+00 2.124567764422357868e+04
1.608322162781687936e+00 2.121789836034799009e+04
1.612920228802390943e+00 2.119026559350909156e+04
1.617513312033018957e+00 2.116277888087834071e+04
1.622101318908103051e+00 2.113543776519324092e+04
1.626684156293709993e+00 2.110824179567450119e+04
1.631261731494610956e+00 2.108119052903099873e+04
1.635833952261376956e+00 2.105428352971228014e+04
1.640400726797393016e+00 2.102752037052657033e+04
1.644961963765791069e+00 2.100090063256664143e+04
1.649517572296304024e+00 2.097442390482602059e+04
1.654067461992041022e+00 2.094808978372441925e+04
1.658611542936166972e+00 2.092189787215678007e+04
1.663149725698515047e+00 2.089584777841838149e+04
1.667681921342105023e+00 2.086993911505146025e+04
1.672208041429575021e+00 2.084417149758555024e+04
1.676727998029529099e+00 2.081854454327502026e+04
1.681241703722802017e+00 2.079305786965574953e+04
1.685749071608624083e+00 2.076771109311351029e+04
1.690250015310710063e+00 2.074250382771367003e+04
1.694744448983247942e+00 2.071743568638955912e+04
1.699232287316805090e+00 2.069250627119726050e+04
1.703713445544136063e+00 2.066771518303827906e+04
1.708187839445902911e+00 2.064306201569940822e+04
1.712655385356302018e+00 2.061854635586584118e+04
1.717116000168600110e+00 2.059416778294025062e+04
1.721569601340565026e+00 2.056992586927376033e+04
1.726016106899822100e+00 2.054582018004186102e+04
1.730455435449095081e+00 2.052185027389004972e+04
1.734887506171362892e+00 2.049801570347310917e+04
1.739312238834920032e+00 2.047431601631849844e+04
1.743729553798333054e+00 2.045075075578765973e+04
1.748139372015311999e+00 2.042731946221158069e+04
1.752541615039469924e+00 2.040402167404776992e+04
1.756936205028994946e+00 2.038085692926128104e+04
1.761323064751225020e+00 2.035782476634158957e+04
1.765702117587111930e+00 2.033492472562411058e+04
1.770073287535598894e+00 2.031215634991519983e+04
1.774436499217896035e+00 2.028951918476232822e+04
1.778791677881651934e+00 2.026701277724573083e+04
1.783138749405027035e+00 2.024463667162571073e+04
1.787477640300670911e+00 2.022239039842744023e+04
1.791808277719596054e+00 2.020027344796460966e+04
1.796130589454949966e+00 2.017828520967077930e+04
1.800444503945686003e+00 2.015642483339387036e+04
1.804749950280144066e+00 2.013469091482919976e+04
1.809046858199514052e+00 2.011308078422295148e+04
1.813335158101212041e+00 2.009158890250411059e+04
1.817614781042147021e+00 2.007020325220263840e+04
1.821885658741889014e+00 2.004889723476086874e+04
1.826147723585743066e+00 2.002761152003947063e+04
1.830400908627711098e+00 2.000621348185062016e+04
1.834645147593358061e+00 1.998440683133139100e+04
1.838880374882581936e+00 1.996153147862786864e+04
1.843106525572274057e+00 1.993612771970834001e+04
1.847323535418883944e+00 1.990533113647854043e+04
1.851531340860891106e+00 1.986525881541784838e+04
1.855729879021152051e+00 1.980437170932715890e+04
1.859919087709180907e+00 1.969624816513351834e+04
1.864098905423303920e+00 1.949281309738113850e+04
1.868269271352724914e+00 1.913069480356384884e+04
1.872430125379493049e+00 1.857352666667425001e+04
1.876581408080360003e+00 1.785090043109331964e+04
1.880723060728558993e+00 1.693974547134834938e+04
1.884855025295463893e+00 1.571267534567740040e+04
1.888977244452163973e+00 1.399714439453968953e+04
1.893089661570932059e+00 1.192904189579974991e+04
1.897192220726602097e+00 1.001644654601685033e+04
1.901284866697849019e+00 8.628097951232726700e+03
1.905367544968368021e+00 7.821579943532236939e+03
1.909440201727959918e+00 7.492129806785804249e+03
1.913502783873521906e+00 7.504205826059888750e+03
1.917555239009937962e+00 7.692518822425182407e+03
1.921597515450885973e+00 7.971154733116522948e+03
1.925629562219536961e+00 8.291027895144919967e+03
1.929651329049173913e+00 8.593765715484722023e+03
1.933662766383700937e+00 8.884458270970544618e+03
1.937663825378078020e+00 9.139059524240854444e+03
1.941654457898654984e+00 9.347872596354061898e+03
1.945634616523407967e+00 9.554071701140877849e+03
1.949604254542101955e+00 9.693240863696621091e+03
1.953563325956346075e+00 9.832200333722694268e+03
1.957511785479568056e+00 9.946899218275613748e+03
1.961449588536902988e+00 1.002050957419531915e+04
1.965376691264981934e+00 1.010800481126220984e+04
1.969293050511649046e+00 1.017537721296808922e+04
1.973198623835580978e+00 1.021296221511057956e+04
1.977093369505819931e+00 1.026850277671659933e+04
1.980977246501230082e+00 1.032348927035617089e+04
1.984850214509864097e+00 1.034513287498005957e+04
1.988712233928243034e+00 1.037652714313336037e+04
1.992563265860560096e+00 1.043132902894981089e+04
1.996403272117798000e+00 1.046160847547999037e+04
2.000232215216764864e+00 1.048048245995623984e+04
2.004050058379056143e+00 1.051543949858346059e+04
2.007856765529921983e+00 1.057142070369688918e+04
2.011652301297079060e+00 1.059901660931317019e+04
2.015436631009416946e+00 1.062145775481685996e+04
2.019209720695649857e+00 1.065754459942305948e+04
2.022971537082884019e+00 1.071034187474925966e+04
2.026722047595106879e+00 1.074773527885350086e+04
2.030461220351603036e+00 1.077321139976585982e+04
2.034189024165300896e+00 1.080316033075396990e+04
2.037905428541042063e+00 1.084734787637080990e+04
2.041610403673781882e+00 1.090101529585209028e+04
2.045303920446719825e+00 1.093233169693861055e+04
2.048985950429352165e+00 1.095886806826788052e+04
2.052656465875466019e+00 1.099061268544997074e+04
2.056315439721061900e+00 1.103396855356229935e+04
2.059962845582203883e+00 1.108755427122303081e+04
2.063598657752816035e+00 1.112122636934741058e+04
2.067222851202390910e+00 1.114671228182171035e+04
2.070835401573667856e+00 1.117297427557656920e+04
2.074436285180211836e+00 1.121101467939167014e+04
2.078025479003954956e+00 1.125852494607367953e+04
2.081602960692670923e+00 1.130554985763815966e+04
2.085168708557377126e+00 1.133369001358286005e+04
2.088722701569695861e+00 1.135357698962932045e+04
2.092264919359147157e+00 1.137365215411192003e+04
2.095795342210379886e+00 1.140562465342142968e+04
2.099313951060361116e+00 1.144930444728308976e+04
2.102820727495488207e+00 1.149876563380646076e+04
2.106315653748672023e+00 1.152888376875502036e+04
2.109798712696348222e+00 1.154481851574641951e+04
2.113269887855437901e+00 1.155291965185419031e+04
2.116729163380270951e+00 1.156623594903426056e+04
2.120176524059436129e+00 1.159765445652386006e+04
2.123611955312603161e+00 1.164295233123247090e+04
2.127035443187288877e+00 1.169275284785133954e+04
2.130446974355567846e+00 1.172087775578565015e+04
2.133846536110744818e+00 1.172811168193374942e+04
2.137234116363985859e+00 1.172105203825154058e+04
2.140609703640890871e+00 1.171507819448980081e+04
2.143973287078040801e+00 1.172842690807628060e+04
2.147324856419485783e+00 1.176659881254922038e+04
2.150664402013199972e+00 1.181884604030209994e+04
2.153991914807499075e+00 1.186740953483546946e+04
2.157307386347406819e+00 1.188610885784218954e+04
2.160610808770999203e+00 1.187524199322973072e+04
2.163902174805691914e+00 1.184394283881955016e+04
2.167181477764514863e+00 1.181201102552150951e+04
2.170448711542324993e+00 1.180282516489346926e+04
2.173703870612000877e+00 1.182951502530065954e+04
2.176946950020609783e+00 1.188454278835353034e+04
2.180177945385517901e+00 1.194824676254199039e+04
2.183396852890493012e+00 1.199721546488947024e+04
2.186603669281763196e+00 1.200647229919628080e+04
2.189798391864055116e+00 1.197565329000591009e+04
2.192981018496585222e+00 1.191553736982715054e+04
2.196151547589051845e+00 1.184828608411764981e+04
2.199309978097571783e+00 1.180178228510261943e+04
2.202456309520609778e+00 1.179838608626071073e+04
2.205590541894871137e+00 1.184291334659921995e+04
2.208712675791181024e+00 1.192022261736953078e+04
2.211822712310330008e+00 1.200493796798619951e+04
2.214920653078907176e+00 1.207168128534095922e+04
2.218006500245099044e+00 1.209801270190567993e+04
2.221080256474487147e+00 1.207256661585034090e+04
2.224141924945799875e+00 1.200055673105328060e+04
2.227191509346673204e+00 1.189716503428139913e+04
2.230229013869371002e+00 1.178880812686494028e+04
2.233254443206503126e+00 1.170577222967745911e+04
2.236267802546719974e+00 1.167216880823671090e+04
2.239269097570390166e+00 1.169796363417266912e+04
2.242258334445276002e+00 1.177583067122433022e+04
2.245235519822176062e+00 1.188599381048770010e+04
2.248200660830570019e+00 1.200285365534800985e+04
2.251153765074248803e+00 1.210214627368557922e+04
2.254094840626930107e+00 1.216356228809439926e+04
2.257023896027857912e+00 1.217213719063503959e+04
2.259940940277413990e+00 1.212102988395708053e+04
2.262845982832690783e+00 1.201589593286821037e+04
2.265739033603083818e+00 1.187225220184347927e+04
2.268620102945853922e+00 1.171516855143159046e+04
2.271489201661703206e+00 1.157407185629790001e+04
2.274346340990328841e+00 1.147553640744949917e+04
2.277191532605984836e+00 1.143753813031621030e+04
2.280024788613029152e+00 1.146608904067257026e+04
2.282846121541470819e+00 1.155543011986064994e+04
2.285655544342525047e+00 1.169145089490043028e+04
2.288453070384142141e+00 1.185480398735661038e+04
2.291238713446558162e+00 1.202307408305568970e+04
2.294012487717838056e+00 1.217548344594919035e+04
2.296774407789412109e+00 1.229578557542688941e+04
2.299524488651619958e+00 1.237170678567405957e+04
2.302262745689255041e+00 1.239416788100742997e+04
2.304989194677109055e+00 1.235740944473170021e+04
2.307703851775520842e+00 1.226223318063308943e+04
2.310406733525927958e+00 1.211549328455378964e+04
2.313097856846420886e+00 1.193041193199717054e+04
2.315777239027307921e+00 1.172548590562506979e+04
2.318444897726672949e+00 1.152190309618265928e+04
2.321100850965958085e+00 1.134052110468397950e+04
2.323745117125525006e+00 1.119888469168974007e+04
2.326377714940258024e+00 1.110965074445060054e+04
2.328998663495144950e+00 1.107960943966100967e+04
2.331607982220877062e+00 1.110984653269094997e+04
2.334205690889464169e+00 1.119659636886561930e+04
2.336791809609851001e+00 1.133220085479728914e+04
2.339366358823542935e+00 1.150590877129864020e+04
2.341929359300248148e+00 1.170486830895394087e+04
2.344480832133521986e+00 1.191514282809645920e+04
2.347020798736433100e+00 1.212294850736808985e+04
2.349549280837234910e+00 1.231617243175969998e+04
2.352066300475045946e+00 1.248527250017339065e+04
2.354571879995552841e+00 1.262286400225086072e+04
2.357066042046719989e+00 1.272499554309203995e+04
2.359548809574512074e+00 1.279008932476976042e+04
2.362020205818637031e+00 1.281751729230256933e+04
2.364480254308297003e+00 1.280764968359256090e+04
2.366928978857953947e+00 1.276201635061733941e+04
2.369366403563125001e+00 1.268261513599940918e+04
2.371792552796168962e+00 1.257222855506660017e+04
2.374207451202114960e+00 1.243474892987538078e+04
2.376611123694484018e+00 1.227453898110549017e+04
2.379003595451151920e+00 1.209664030319628910e+04
2.381384891910208967e+00 1.190648112599610067e+04
2.383755038765849044e+00 1.170900597408123031e+04
2.386114061964275113e+00 1.150843304506583991e+04
2.388461987699614930e+00 1.130838033950767931e+04
2.390798842409875835e+00 1.111199657642191960e+04
2.393124652772895100e+00 1.092140968122957020e+04
2.395439445702324033e+00 1.073773836981681052e+04
2.397743248343632949e+00 1.056119330872152022e+04
2.400036088070121032e+00 1.039123055620882951e+04
2.402317992478975928e+00 1.022678307341537038e+04
2.404588989387320019e+00 1.006645036709188935e+04
2.406849106828305107e+00 9.908637882120005088e+03
2.409098373047207087e+00 9.751848650468318738e+03
2.411336816497566815e+00 9.594932941428838603e+03
2.413564465837329198e+00 9.437349829943133955e+03
2.415781349925012922e+00 9.279676674626703971e+03
2.417987497815914821e+00 9.124870460097114119e+03
2.420182938758319136e+00 8.977472967934609187e+03
2.422367702189733851e+00 8.841256570304170964e+03
2.424541817733164795e+00 8.720911966652645788e+03
2.426705315193391055e+00 8.623010443222659887e+03
2.428858224553279044e+00 8.556561763327037625e+03
2.431000575970117872e+00 8.533411560023296261e+03
2.433132399771975152e+00 8.567950026475487903e+03
2.435253726454078116e+00 8.676985336908177487e+03
2.437364586675223155e+00 8.879458371789796729e+03
2.439465011254203120e+00 9.195915897562847022e+03
2.441555031166267931e+00 9.646390587772018989e+03
2.443634677539599842e+00 1.025031999678903958e+04
2.445703981651822012e+00 1.102594391777501914e+04
2.447762974926530166e+00 1.198973308229649956e+04
2.449811688929846021e+00 1.315904268742900058e+04
2.451850155367004014e+00 1.453659163678428922e+04
2.453878406078951802e+00 1.610493091151432964e+04
2.455896473038992056e+00 1.782811066263613975e+04
2.457904388349430036e+00 1.962923317618195870e+04
2.459902184238270006e+00 2.142792791819955164e+04
2.461889893055920986e+00 2.316625774306631865e+04
2.463867547271930025e+00 2.480496515229397119e+04
2.465835179471751903e+00 2.631211348363785146e+04
2.467792822353538806e+00 2.765590422224818030e+04
2.469740508724949102e+00 2.880574461125804009e+04
2.471678271499997859e+00 2.973101225397006056e+04
2.473606143695921133e+00 3.040265298959844949e+04
2.475524158430071786e+00 3.079565864219842842e+04
2.477432348916846827e+00 3.089005555733140864e+04
2.479330748464627199e+00 3.067355808809260998e+04
2.481219390472761077e+00 3.014346398628965107e+04
2.483098308428564049e+00 2.930777769796293069e+04
2.484967535904345048e+00 2.819967954131240913e+04
2.486827106554466926e+00 2.692116146288724121e+04
2.488677054112427900e+00 2.549043469443116919e+04
2.490517412387970975e+00 2.395264504801493968e+04
2.492348215264216016e+00 2.235487636572863994e+04
2.494169496694831789e+00 2.074838556776928090e+04
2.495981290701220878e+00 1.918207890513776147e+04
2.497783631369736135e+00 1.768938983792094950e+04
2.499576552848926880e+00 1.629431311572368031e+04
2.501360089346809978e+00 1.501993662282877085e+04
2.503134275128164887e+00 1.388854604062454928e+04
2.504899144511861131e+00 1.291556914669161051e+04
2.506654731868210195e+00 1.210665913867337986e+04
2.508401071616336964e+00 1.145435689747161996e+04
2.510138198221595118e+00 1.093587667683262043e+04
2.511866146192989202e+00 1.051740643504784930e+04
2.513584950080637093e+00 1.015617813104287052e+04
2.515294644473256014e+00 9.805289305662787228e+03
2.516995263995669863e+00 9.431397217969621124e+03
2.518686843306349843e+00 9.036208592483033499e+03
2.520369417094979081e+00 8.678014478332252111e+03
2.522043020080042108e+00 8.487857208447790981e+03
2.523707687006437883e+00 8.660993576309443597e+03
2.525363452643134998e+00 9.401694731531788420e+03
2.527010351780826891e+00 1.083909666506553003e+04
2.528648419229636790e+00 1.298263869650769993e+04
2.530277689816835984e+00 1.571018876281146004e+04
2.531898198384589183e+00 1.888915420283901040e+04
2.533509979787734068e+00 2.234627154299920949e+04
2.535113068891575061e+00 2.587928846476317995e+04
2.536707500569709950e+00 2.925581868749919886e+04
2.538293309701883160e+00 3.229199997127832103e+04
2.539870531171855017e+00 3.492781507224471716e+04
2.541439199865310083e+00 3.715582873507380282e+04
2.542999350667781044e+00 3.896698824981784128e+04
2.544551018462602787e+00 4.034103220150007837e+04
2.546094238128883802e+00 4.126158267935181357e+04
2.547629044539517107e+00 4.172795414489370887e+04
2.549155472559199165e+00 4.176621411782503856e+04
2.550673557042482997e+00 4.142594593430162058e+04
2.552183332831865048e+00 4.076714124557851028e+04
2.553684834755867161e+00 3.984565540405538923e+04
2.555178097627183842e+00 3.870902811684115295e+04
2.556663156240814860e+00 3.739498024251426250e+04
2.558140045372245819e+00 3.593431719334211812e+04
2.559608799775649146e+00 3.436011358930713322e+04
2.561069454182100191e+00 3.270709779805384096e+04
2.562522043297827068e+00 3.105611337230178106e+04
2.563966601802481815e+00 2.942023952755685968e+04
2.565403164347427989e+00 2.781300240088206920e+04
2.566831765554062006e+00 2.623639050773952840e+04
2.568252440012150029e+00 2.468231041559129881e+04
2.569665222278195049e+00 2.316253062574316937e+04
2.571070146873815965e+00 2.169196617307155975e+04
2.572467248284167951e+00 2.026979661195951849e+04
2.573856560956358841e+00 1.884673911733127170e+04
2.575238119297920125e+00 1.735248486707510892e+04
2.576611957675269071e+00 1.573990883254585060e+04
2.577978110412214807e+00 1.400682396988139953e+04
2.579336611788486167e+00 1.219320693812218997e+04
2.580687496038255979e+00 1.040735377213926949e+04
2.582030797348730200e+00 9.122121447067514964e+03
2.583366549858714833e+00 8.765451481899310238e+03
2.584694787657237036e+00 9.205225830927129209e+03
2.586015544782167996e+00 1.017058492095863949e+04
2.587328855218876011e+00 1.124945560071580076e+04
2.588634752898903990e+00 1.222229987718996017e+04
2.589933271698654949e+00 1.296564440959890089e+04
2.591224445438113033e+00 1.352360878626132944e+04
2.592508307879572094e+00 1.391878457958311083e+04
2.593784892726393121e+00 1.415997260800418007e+04
2.595054233621789219e+00 1.423581820977149073e+04
2.596316364147603029e+00 1.414708792924161025e+04
2.597571317823144099e+00 1.390593296270004976e+04
2.598819128104004950e+00 1.352028144634734053e+04
2.600059828380932192e+00 1.299265414721397974e+04
2.601293451978694993e+00 1.233246141493845971e+04
2.602520032154978846e+00 1.148153724572415922e+04
2.603739602099305106e+00 1.039381841099029953e+04
2.604952194931954956e+00 9.162671090189936876e+03
2.606157843702935129e+00 8.535115962945812498e+03
2.607356581390932071e+00 9.908863539694099018e+03
2.608548440902319854e+00 1.252066625576875049e+04
2.609733455070149866e+00 1.379094446302791948e+04
2.610911656653193802e+00 1.404279461252359943e+04
2.612083078334976882e+00 1.447731044041588029e+04
2.613247752722844819e+00 1.536525034511761987e+04
2.614405712347045885e+00 1.639946190995268989e+04
2.615556989659823195e+00 1.749396942379976826e+04
2.616701617034535854e+00 1.866364362543847164e+04
2.617839626764792982e+00 1.992467894651463939e+04
2.618971051063598843e+00 2.128715990284556028e+04
2.620095922062525062e+00 2.275944505840276906e+04
2.621214271810885954e+00 2.434921465825748965e+04
2.622326132274956034e+00 2.606542853206007931e+04
2.623431535337170217e+00 2.792000628090109967e+04
2.624530512795370196e+00 2.991594495490238114e+04
2.625623096362045938e+00 3.206258987923356108e+04
2.626709317663607823e+00 3.437472563612586964e+04
2.627789208239668994e+00 3.685961437278759695e+04
2.628862799542338813e+00 3.953394998622009734e+04
2.629930122935542069e+00 4.240237578991117334e+04
2.630991209694343969e+00 4.548902048035280313e+04
2.632046091004296873e+00 4.882064288583924645e+04
2.633094797960803923e+00 5.238933744912959810e+04
2.634137361568482216e+00 5.610228836157020851e+04
2.635173812740566834e+00 5.975039948567622923e+04
2.636204182298306886e+00 6.305091404742847226e+04
2.637228500970385969e+00 6.582543838625367789e+04
2.638246799392352848e+00 6.749899560242492589e+04
2.639259108106077889e+00 6.740295476793951821e+04
2.640265457559205053e+00 6.261860818109593674e+04
2.641265878104631870e+00 5.255798578495564288e+04
2.642260400000000065e+00 2.918744173128504917e+04
2.643003544825476947e+00 3.173507201120367972e+04
2.643746699659584198e+00 2.590768287822408092e+04
2.644489872820067866e+00 2.520834046082432178e+04
2.645233073977713012e+00 3.021582894216258137e+04
2.645976312465450953e+00 3.279257908258958923e+04
2.646719597616685959e+00 3.278747588182251639e+04
2.647462938765404061e+00 3.285194063736943644e+04
2.648206345246296944e+00 3.383338000424784695e+04
2.648949826394877860e+00 3.519497513565501140e+04
2.649693391547596200e+00 3.667151366862792202e+04
2.650437050041955178e+00 3.821558543629843916e+04
2.651180811216633071e+00 3.981936628600666882e+04
2.651924684411593791e+00 4.148168545654194895e+04
2.652668678968213012e+00 4.320260206597075739e+04
2.653412804229385191e+00 4.498240031645980343e+04
2.654157069539650138e+00 4.682136779745300737e+04
2.654901484245303145e+00 4.871973016392054706e+04
2.655646057694518891e+00 5.067758951254186832e+04
2.656390799237462019e+00 5.269486576685991167e+04
2.657135718226411925e+00 5.477126336607657140e+04
2.657880824015872001e+00 5.690609979619857768e+04
2.658626125962694875e+00 5.909823037982320238e+04
2.659371633426196091e+00 6.134574969212489668e+04
2.660117355768270020e+00 6.364708155953646929e+04
2.660863302353510207e+00 6.600042011118664232e+04
2.661609482549327055e+00 6.840468773344294459e+04
2.662355905726064176e+00 7.085647917265586148e+04
2.663102581257116075e+00 7.335354443278429972e+04
2.663849518519047166e+00 7.589097570406665909e+04
2.664596726891708123e+00 7.846564546076145780e+04
2.665344215758354007e+00 8.107314481366665859e+04
2.666091994505761065e+00 8.371193035368763958e+04
2.666840072524347960e+00 8.636654566618487297e+04
2.667588459208292129e+00 8.903616955681471154e+04
2.668337163955643021e+00 9.170985666312173998e+04
2.669086196168448222e+00 9.438214803135421243e+04
2.669835565252864917e+00 9.703823494188865880e+04
2.670585280619283797e+00 9.969090873052140523e+04
2.671335351682441850e+00 1.023108596614053968e+05
2.672085787861543160e+00 1.049033012271309999e+05
2.672836598580374812e+00 1.074464089631141978e+05
2.673587793267432122e+00 1.099418496592308948e+05
2.674339381356027001e+00 1.123753698057221045e+05
2.675091372284415847e+00 1.147448961403996946e+05
2.675843775495910126e+00 1.170226408581496071e+05
2.676596600439002049e+00 1.192196468923204957e+05
2.677349856567476927e+00 1.213275289665207965e+05
2.678103553340537957e+00 1.233405769100150937e+05
2.678857700222918137e+00 1.252928356031117000e+05
2.679612306685005052e+00 1.274990728859185037e+05
2.680367382202956783e+00 1.296621996034977929e+05
2.681122936258823142e+00 1.317714493130987976e+05
2.681878978340662023e+00 1.338267739105850051e+05
2.682635517942660197e+00 1.358229971690142120e+05
2.683392564565250993e+00 1.377584402857047971e+05
2.684150127715235978e+00 1.396202245445397857e+05
2.684908216905903977e+00 1.414300729717276117e+05
2.685666841657149195e+00 1.432081308826254099e+05
2.686426011495588018e+00 1.449078140408007894e+05
2.687185735954686905e+00 1.465182521253961895e+05
2.687946024574875192e+00 1.480401008205423132e+05
2.688706886903664994e+00 1.494779366364825983e+05
2.689468332495775105e+00 1.508379189024874941e+05
2.690230370913247793e+00 1.521206981928031892e+05
2.690993011725570039e+00 1.533251599972473923e+05
2.691756264509795216e+00 1.544485297346157895e+05
2.692520138850658107e+00 1.554869742627147934e+05
2.693284644340701028e+00 1.564354521738417097e+05
2.694049790580392845e+00 1.572858155936161929e+05
2.694815587178248872e+00 1.580225545176634914e+05
2.695582043750949008e+00 1.586241733881444088e+05
2.696349169923462075e+00 1.590649813217954070e+05
2.697116975329167055e+00 1.593183473464506096e+05
2.697885469609969888e+00 1.593658016430751013e+05
2.698654662416430927e+00 1.592072710583751905e+05
2.699424563407879951e+00 1.588663889624639996e+05
2.700195182252537851e+00 1.583879439358252857e+05
2.700966528627644969e+00 1.578363319817222073e+05
2.701738612219574787e+00 1.572853475140120136e+05
2.702511442723960045e+00 1.568069336027500976e+05
2.703285029845810872e+00 1.564612656925469055e+05
2.704059383299640018e+00 1.562854912443934008e+05
2.704834512809584979e+00 1.562885496984637866e+05
2.705610428109527010e+00 1.564636005924447963e+05
2.706387138943214143e+00 1.567836368375575985e+05
2.707164655064388192e+00 1.572012786301819142e+05
2.707942986236898886e+00 1.576512564583912899e+05
2.708722142234837094e+00 1.580289475716014858e+05
2.709502132842644961e+00 1.582330169723962899e+05
2.710282967855250913e+00 1.581776578914420970e+05
2.711064657078183782e+00 1.578373892826834926e+05
2.711847210327701152e+00 1.572043478123320092e+05
2.712630637430910152e+00 1.563019820192575862e+05
2.713414948225890910e+00 1.552144798695892969e+05
2.714200152561821788e+00 1.540812526559277030e+05
2.714986260299101950e+00 1.529584977982142009e+05
2.715773281309476150e+00 1.519609503054961970e+05
2.716561225476154195e+00 1.511460806992395082e+05
2.717350102693941949e+00 1.505071882975153858e+05
2.718139922869362124e+00 1.500180203031779965e+05
2.718930695920776852e+00 1.496040848409403989e+05
2.719722431778517802e+00 1.491858809589405137e+05
2.720515140385003861e+00 1.486941166090629122e+05
2.721308831694869923e+00 1.480884074253638973e+05
2.722103515675093011e+00 1.473591092053008033e+05
2.722899202305114841e+00 1.465251711500213132e+05
2.723695901576967948e+00 1.456261483715515933e+05
2.724493623495403138e+00 1.447102843480272859e+05
2.725292378078008948e+00 1.438215060754581064e+05
2.726092175355347980e+00 1.429887895214126911e+05
2.726893025371072810e+00 1.422208016179472907e+05
2.727694938182056994e+00 1.415067170363820915e+05
2.728497923858518970e+00 1.408224401625648024e+05
2.729301992484150841e+00 1.401395657253103855e+05
2.730107154156248050e+00 1.394343308101205912e+05
2.730913418985824848e+00 1.386945080171381123e+05
2.731720797097754172e+00 1.379204400490300904e+05
2.732529298630888004e+00 1.371231827262348088e+05
2.733338933738184817e+00 1.363197759624515893e+05
2.734149712586838810e+00 1.355273404031684040e+05
2.734961645358409132e+00 1.347580744129582017e+05
2.735774742248941127e+00 1.340165124419495114e+05
2.736589013469102216e+00 1.332995580552562024e+05
2.737404469244305805e+00 1.325988727512193145e+05
2.738221119814841842e+00 1.319045003444695903e+05
2.739038975436002055e+00 1.312083723351522058e+05
2.739858046378211842e+00 1.305065897561564052e+05
2.740678342927159949e+00 1.297999604292490985e+05
2.741499875383922813e+00 1.290929181060950941e+05
2.742322654065099119e+00 1.283915105657664972e+05
2.743146689302938146e+00 1.277011376047181984e+05
2.743971991445464997e+00 1.270249328557075060e+05
2.744798570856620046e+00 1.263631636966528022e+05
2.745626437916377061e+00 1.257136783008635975e+05
2.746455603020883984e+00 1.250730849868031946e+05
2.747286076582588166e+00 1.244381417450169974e+05
2.748117869030366922e+00 1.238068507535865065e+05
2.748950990809662986e+00 1.231789229275020043e+05
2.749785452382608852e+00 1.225554675531108951e+05
2.750621264228163998e+00 1.219386993792842986e+05
2.751458436842245003e+00 1.213308513510025950e+05
2.752296980737852117e+00 1.207333639505777974e+05
2.753136906445210919e+00 1.201465909604178014e+05
2.753978224511897999e+00 1.195698898693673982e+05
2.754820945502974183e+00 1.190020202631157008e+05
2.755665080001116873e+00 1.184415920354802947e+05
2.756510638606756824e+00 1.178876445899120008e+05
2.757357631938206044e+00 1.173398266607541009e+05
2.758206070631792795e+00 1.167983952855107927e+05
2.759055965342000150e+00 1.162639891448051931e+05
2.759907326741589007e+00 1.157373375083440042e+05
2.760760165521745080e+00 1.152189352371598943e+05
2.761614492392201026e+00 1.147088675231927045e+05
2.762470318081381215e+00 1.142068054557459982e+05
2.763327653336529188e+00 1.137121244745986041e+05
2.764186508923844876e+00 1.132240986594655988e+05
2.765046895628621826e+00 1.127420910979848995e+05
2.765908824255380871e+00 1.122656787520640937e+05
2.766772305628003803e+00 1.117946843644571054e+05
2.767637350589875034e+00 1.113291245021200011e+05
2.768503970004009052e+00 1.108691089229335048e+05
2.769372174753196969e+00 1.104147354389613029e+05
2.770241975740137086e+00 1.099660167571006023e+05
2.771113383887569004e+00 1.095228568381953955e+05
2.771986410138417956e+00 1.090850737148238986e+05
2.772861065455929808e+00 1.086524503357610956e+05
2.773737360823806064e+00 1.082247887477088952e+05
2.774615307246342866e+00 1.078019436531638057e+05
2.775494915748572211e+00 1.073837913942505984e+05
2.776376197376396071e+00 1.069702482740979030e+05
2.777259163196728053e+00 1.065612803614510049e+05
2.778143824297631070e+00 1.061570134832304029e+05
2.779030191788456783e+00 1.057573548025396012e+05
2.779918276799986820e+00 1.053622024488930037e+05
2.780808090484569117e+00 1.049714259176109044e+05
2.781699644016260020e+00 1.045848718187549966e+05
2.782592948590965065e+00 1.042023781420048035e+05
2.783488015426578865e+00 1.038237858821151021e+05
2.784384855763125888e+00 1.034489456769582030e+05
2.785283480862903005e+00 1.030777192227720952e+05
2.786183902010618052e+00 1.027099784819642955e+05
2.787086130513531934e+00 1.023455993086232047e+05
2.787990177701606065e+00 1.019844599992735020e+05
2.788896054927636037e+00 1.016264325987167977e+05
2.789803773567403056e+00 1.012713879487022059e+05
2.790713345019808056e+00 1.009191886823098030e+05
2.791624780707020026e+00 1.005696963913858053e+05
2.792538092074622114e+00 1.002227653040859004e+05
2.793453290591747962e+00 9.987823709616658743e+04
2.794370387751229146e+00 9.953596340814918221e+04
2.795289395069743943e+00 9.919577749233551731e+04
2.796210324087955001e+00 9.885751185365705169e+04
2.797133186370655888e+00 9.852100570994368172e+04
2.798057993506921193e+00 9.818607962261780631e+04
2.798984757110246857e+00 9.785254255068452039e+04
2.799913488818697171e+00 9.752023837452912994e+04
2.800844200295049991e+00 9.718899727284187975e+04
2.801776903226949056e+00 9.685862357843427162e+04
2.802711609327042996e+00 9.652896471409696096e+04
2.803648330333134986e+00 9.619986854385062179e+04
2.804587078008331957e+00 9.587112765465996927e+04
2.805527864141193817e+00 9.554255818560512853e+04
2.806470700545875108e+00 9.521397888408698782e+04
2.807415599062278222e+00 9.488536981686142099e+04
2.808362571556202170e+00 9.455658995374421647e+04
2.809311629919490017e+00 9.422753365961356030e+04
2.810262786070178098e+00 9.389805910256101924e+04
2.811216051952646122e+00 9.356812709150688897e+04
2.812171439537768158e+00 9.323764303113396454e+04
2.813128960823060964e+00 9.290661894133973692e+04
2.814088627832838085e+00 9.257509536604701134e+04
2.815050452618355070e+00 9.224331044345413102e+04
2.816014447257965791e+00 9.191166608423626167e+04
2.816980623857275212e+00 9.158077027298040048e+04
2.817948994549284158e+00 9.125133850462344708e+04
2.818919571494550080e+00 9.092414472384528199e+04
2.819892366881334045e+00 9.059956510794848145e+04
2.820867392925756167e+00 9.027802108508931997e+04
2.821844661871947935e+00 8.995913525129022310e+04
2.822824185992208967e+00 8.964281443422602024e+04
2.823805977587155791e+00 8.932844497188122477e+04
2.824790048985882152e+00 8.901539194091732497e+04
2.825776412546107785e+00 8.870325422247133974e+04
2.826765080654340956e+00 8.839203592430925346e+04
2.827756065726025003e+00 8.808121949916072481e+04
2.828749380205703989e+00 8.777051665149220207e+04
2.829745036567170136e+00 8.746040011588248308e+04
2.830743047313625915e+00 8.715006677774568379e+04
2.831743424977839929e+00 8.683922770726268936e+04
2.832746182122305001e+00 8.652772114215781039e+04
2.833751331339393165e+00 8.621541182580318127e+04
2.834758885251514204e+00 8.590218852564170083e+04
2.835768856511278191e+00 8.558797050242751720e+04
2.836781257801650913e+00 8.527271917154075345e+04
2.837796101836114193e+00 8.495645790760347154e+04
2.838813401358822208e+00 8.463930499411179335e+04
2.839833169144768910e+00 8.432153489178742166e+04
2.840855417999943011e+00 8.400366694826837920e+04
2.841880160761486973e+00 8.368662793121930736e+04
2.842907410297863091e+00 8.337200072844205715e+04
2.843937179509012925e+00 8.306546816824414418e+04
2.844969481326522054e+00 8.278135010789416265e+04
2.846004328713775955e+00 8.254467932296535582e+04
2.847041734666126978e+00 8.238829414939755225e+04
2.848081712211060879e+00 8.235489880013439688e+04
2.849124274408353141e+00 8.245400822764594341e+04
2.850169434350239062e+00 8.209103900499020529e+04
2.851217205161573176e+00 8.046950636682673940e+04
2.852267599999999792e+00 1.662387692952839134e+05
