1.598006715504179010e+05 2.084672187475049213e+03
1.594546290052749100e+05 2.073773057534588133e+03
1.590283852117935021e+05 2.068530298568467060e+03
1.588275984283217113e+05 2.059275664144096027e+03
1.585325223513566016e+05 2.057254218123443025e+03
1.583740215981088113e+05 2.050701130986050885e+03
1.580201774647124112e+05 2.048878155441488161e+03
1.577729770322538971e+05 2.045690222157501012e+03
1.576894318545442075e+05 2.041559959962487028e+03
1.573606004241263145e+05 2.040819586190224982e+03
1.572781482313598972e+05 2.038326941530021031e+03
1.570126986483180081e+05 2.037656747137287084e+03
1.569461465863065096e+05 2.033342124077029894e+03
1.567293718801891082e+05 2.035425637546755979e+03
1.566530084548373125e+05 2.033197643455629986e+03
1.565003282390024979e+05 2.031600338699656959e+03
1.562946429060577066e+05 2.033159131364297991e+03
1.562648652312300110e+05 2.032347464356779028e+03
1.560826255366418918e+05 2.032666426849463051e+03
1.559714018654940883e+05 2.032453772712420914e+03
1.559489210869125964e+05 2.028996052220730917e+03
1.558127358572939993e+05 2.031995572362937992e+03
1.556872226522495912e+05 2.031984691249610023e+03
1.556736847898064880e+05 2.028821495621783924e+03
1.555035488632144989e+05 2.031503839911827981e+03
1.554981061454036098e+05 2.030200836217032020e+03
1.553104030695015099e+05 2.031220576645840083e+03
1.553162221812442003e+05 2.029048834266656968e+03
1.552576623126261984e+05 2.030211015046505963e+03
1.551013736472653109e+05 2.031437656568931970e+03
1.551330088752484880e+05 2.029881237266364906e+03
1.550225523611399112e+05 2.030837383994625952e+03
1.548779219706029980e+05 2.031530835274510991e+03
1.548706928514977044e+05 2.028516307585957975e+03
1.547387436167665874e+05 2.031242289850109046e+03
1.547164179033538967e+05 2.030574474938581943e+03
1.546700921793591988e+05 2.030237941844198076e+03
1.544951537678599998e+05 2.030992138593353957e+03
1.545322367591898073e+05 2.029561796808558029e+03
1.544352258695134951e+05 2.030097628209500044e+03
1.542629665083884029e+05 2.030748293119608888e+03
1.543039578935356112e+05 2.029667431163742094e+03
1.541607270295369090e+05 2.030506196853210895e+03
1.541316335024212021e+05 2.030264077307180969e+03
1.540071591464407102e+05 2.030595020820579975e+03
1.539328234627417987e+05 2.030492831836917958e+03
1.538683123386185907e+05 2.030318468245683107e+03
1.538630464946441061e+05 2.029723548808392934e+03
1.537428845904131013e+05 2.030260624764875047e+03
1.536772864616819134e+05 2.030248322191403986e+03
1.537332358748395054e+05 2.027723982425620989e+03
1.535615308924285928e+05 2.030169823230082102e+03
1.535772000883207947e+05 2.027861587338539039e+03
1.534303831237014092e+05 2.029992249167933096e+03
1.533900682903314009e+05 2.029489109282623986e+03
1.533656080935453938e+05 2.029131982739251953e+03
1.532164400338862033e+05 2.029710184469226988e+03
1.531553334515379975e+05 2.029715782782348924e+03
1.532205152878428053e+05 2.028150958399096908e+03
1.530724972861013084e+05 2.029790667430931990e+03
1.530897431710968958e+05 2.028302296136276937e+03
1.529624813156723103e+05 2.029880845974382055e+03
1.530115630153056991e+05 2.028392693470643053e+03
1.528394677696553117e+05 2.029777762515938093e+03
1.528189496645946929e+05 2.025876420719150929e+03
1.527224423677771119e+05 2.029410394327697077e+03
1.527440907403235033e+05 2.028050133849096937e+03
1.526655454695346998e+05 2.028307608427174955e+03
1.525126153544209956e+05 2.029127342042321970e+03
1.525466914536579861e+05 2.027885850052359956e+03
1.524981135349078104e+05 2.027630549917508915e+03
1.523321524572916096e+05 2.028789585004587025e+03
1.523445009408598125e+05 2.027849497571035045e+03
1.522943453331259079e+05 2.027509246865145997e+03
1.521380393681719142e+05 2.028516727841675902e+03
1.520792256707948982e+05 2.028585557877006067e+03
1.521150509076280869e+05 2.027982600670254897e+03
1.520925257816136873e+05 2.027901699490623969e+03
1.519647781959633867e+05 2.028795635655988008e+03
1.519014892276115133e+05 2.028800584044492098e+03
1.519522057685827895e+05 2.027101326225335924e+03
1.517981503884406120e+05 2.028614441741063956e+03
1.518226061088202987e+05 2.027518572904499024e+03
1.516588086226290907e+05 2.028407856434665973e+03
1.516898845495771093e+05 2.026331554058293023e+03
1.515666195989649859e+05 2.028256708360866014e+03
1.515067558269776928e+05 2.028327270521373066e+03
1.514479808399250905e+05 2.028298575806097915e+03
1.514904763848989969e+05 2.026669472378818000e+03
1.513452130127965065e+05 2.028110733209693080e+03
1.513623141277238901e+05 2.027018852753024930e+03
1.513217474239174044e+05 2.026690589293993980e+03
1.511682079455153143e+05 2.027856332206787101e+03
1.511811888990814914e+05 2.024511343615464057e+03
1.510862490096974070e+05 2.027684297751817894e+03
1.511235505047859915e+05 2.026714565265433066e+03
1.509490158042999101e+05 2.027572064416795001e+03
1.509118870647267031e+05 2.027002398416452024e+03
1.508880288988252869e+05 2.026583150993878917e+03
1.508304055407083943e+05 2.026458146374021908e+03
1.506776333208266005e+05 2.027126690617197937e+03
1.507368500870288990e+05 2.025803238437749087e+03
1.506181141678086133e+05 2.026993395392832099e+03
1.506319726631795056e+05 2.026283445889928998e+03
1.505059295156252920e+05 2.027015541554442962e+03
1.504998843482127122e+05 2.023501156478800112e+03
1.504091971452056896e+05 2.026932964900732941e+03
1.504104362460515113e+05 2.025042283633385978e+03
1.502736768299046962e+05 2.026803506617628955e+03
1.502006659450216976e+05 2.026805672379053931e+03
1.501476315294266096e+05 2.026702771819341024e+03
1.501394661711289082e+05 2.026342333599327048e+03
1.500570226016138040e+05 2.026489532128570090e+03
1.501199353922219889e+05 2.025406148726810898e+03
1.499790691717815062e+05 2.026342864391679086e+03
1.500244656304609962e+05 2.024964571839127984e+03
1.498710062125771074e+05 2.026170359864164084e+03
1.498767439957241877e+05 2.025423974105593061e+03
1.498219316409803869e+05 2.025226263022534113e+03
1.496544846657514863e+05 2.026036244584792939e+03
1.496973167416990036e+05 2.024315479583678098e+03
1.495457082727419911e+05 2.025893726474175082e+03
1.495742046671753924e+05 2.025264761058944032e+03
1.494588619865757064e+05 2.025791175401308010e+03
1.494173219563050952e+05 2.025758324280518991e+03
1.494235535159969877e+05 2.025338196282106082e+03
1.493482343789103907e+05 2.025771141143321984e+03
1.493863773595126113e+05 2.024719764635834053e+03
1.493400630626619968e+05 2.024031065853210066e+03
1.491778937190219876e+05 2.025593914611679111e+03
1.491840855259296077e+05 2.023540781341268030e+03
1.490254347023559094e+05 2.025275077233354978e+03
1.489363310183796857e+05 2.025339232350359907e+03
1.489638424642042082e+05 2.024178607744594046e+03
1.488394761030242080e+05 2.025308476348466002e+03
1.488869313313633902e+05 2.023705782948079104e+03
1.488379714278969914e+05 2.024342012934346030e+03
1.487109913563801965e+05 2.024936014128621082e+03
1.486544114352061006e+05 2.024755042228664024e+03
1.486870566747203120e+05 2.021225907023788068e+03
1.487094049400138902e+05 2.022474803445531052e+03
1.485915072859778884e+05 2.024825293522495031e+03
1.484461032479194982e+05 2.017758636080438919e+03
1.485484670480040077e+05 2.025102189509547998e+03
1.484214389380046050e+05 2.024954575421320897e+03
1.483596988673348096e+05 2.022522520274390899e+03
1.481442695562664012e+05 2.017202177778872056e+03
1.481140812472651014e+05 2.023570071076745990e+03
1.480025293739518092e+05 2.023764534426697992e+03
1.478893359323200129e+05 2.017039489010827083e+03
1.480071969211678079e+05 2.024362973048421964e+03
1.479887919180860918e+05 2.018652457502397965e+03
1.480909105823148857e+05 2.024936593315158007e+03
1.480868907871725096e+05 2.019453377370389035e+03
1.480623602850355092e+05 2.023689843549190073e+03
1.477302305518382927e+05 2.016349149357406986e+03
1.475783902668057126e+05 2.022570400559340897e+03
1.474941607031052990e+05 2.022563221622200899e+03
1.475405023032749887e+05 2.016150766928564963e+03
1.477052481739126088e+05 2.016822625026732112e+03
1.475951585642349964e+05 2.025085091060997001e+03
1.476241239756965078e+05 2.018553593007927020e+03
1.476094441504750866e+05 2.018227280845992937e+03
1.474532040415137890e+05 2.024362592788186021e+03
1.472129926150609099e+05 2.016444201286245971e+03
1.471237844079035858e+05 2.021439329662789987e+03
1.468036792949619994e+05 2.020738875876425936e+03
1.466831237517468981e+05 2.020737651783143974e+03
1.466665841611530923e+05 2.014544554640224987e+03
1.469514591318627936e+05 2.022738869035830021e+03
1.469739612569326127e+05 2.024805601153828093e+03
1.470539699444189901e+05 2.019190472046052946e+03
1.470528349170132133e+05 2.019319978633832079e+03
1.470856883449766901e+05 2.025711309715334892e+03
1.468558638522227993e+05 2.024290801515523071e+03
1.466101967770631891e+05 2.015339290632244911e+03
1.465231942433177028e+05 2.019891306417561964e+03
1.462733303460112074e+05 2.011372032330644060e+03
1.461995933304911887e+05 2.018200890608854024e+03
1.461165330454710056e+05 2.019221948418357897e+03
1.463031785562257865e+05 2.014890551077603959e+03
1.465807666233284108e+05 2.023685738641899889e+03
1.467990279758638935e+05 2.026162342157366993e+03
1.469901023202158103e+05 2.027962597297030015e+03
1.469045073739411891e+05 2.021116040443419934e+03
1.468754697143895901e+05 2.027188519160167061e+03
1.463829650863026036e+05 2.018035798339517896e+03
1.460622831825590110e+05 2.021924537938371941e+03
1.456229262687553128e+05 2.018621490513857907e+03
1.452626535825279134e+05 2.008811526010565103e+03
1.450916156175436918e+05 2.014488913828163959e+03
1.449897493105372996e+05 2.007136504147834103e+03
1.451400148480788921e+05 2.015524009613530097e+03
1.452678797403993085e+05 2.018868696640789040e+03
1.456964566286350018e+05 2.020409950829329091e+03
1.458944919795076130e+05 2.018247650543150939e+03
1.461892649001635145e+05 2.029256763268012946e+03
1.464386734848463966e+05 2.028407426255459086e+03
1.463619920508778014e+05 2.027881176764293969e+03
1.462420120556222100e+05 2.023465916197452998e+03
1.457772866546057048e+05 2.026372594932053062e+03
1.454998043041942874e+05 2.017514630875966077e+03
1.451275107846471074e+05 2.012921591065283110e+03
1.447322062755794905e+05 2.009172363562329110e+03
1.443676612415050040e+05 2.005776049529953980e+03
1.440508951064652938e+05 2.010745520776056082e+03
1.441697707914990897e+05 2.007470566229382939e+03
1.444229599353932135e+05 2.012633030131748910e+03
1.444489667471066059e+05 2.009163030155981005e+03
1.448020401888949855e+05 2.020405762544947038e+03
1.451856375868289906e+05 2.017552563265928029e+03
1.456331559644154913e+05 2.021006034492409981e+03
1.459577093662697880e+05 2.032108969264502093e+03
1.458284348415946879e+05 2.034436668814468021e+03
1.457528882255057106e+05 2.026948543233854934e+03
1.457887171339757915e+05 2.032133661265851970e+03
1.453959954163084039e+05 2.020975362222610102e+03
1.449772345574366045e+05 2.018439339516490918e+03
1.445188026715879969e+05 2.022209377896781007e+03
1.440473467232974072e+05 2.011446761695189025e+03
1.434711625279780128e+05 2.013764174285616946e+03
1.430099922816326143e+05 2.003709306415290030e+03
1.427500468783522956e+05 2.007521836027678091e+03
1.425458840720058943e+05 1.999810703792765025e+03
1.424451325187874027e+05 2.006128696800182979e+03
1.424130871148075967e+05 2.000745744466222050e+03
1.426535194505703985e+05 2.009842525412178020e+03
1.429072549701117969e+05 2.007075897727454958e+03
1.433020526030762121e+05 2.009147655331401893e+03
1.437581619431189029e+05 2.022534945687883010e+03
1.441443659180978138e+05 2.027453072775233068e+03
1.446679919289757090e+05 2.031546581665286112e+03
1.447587276630105043e+05 2.027874912918447990e+03
1.449924831960487063e+05 2.036038523977703107e+03
1.448804312431305880e+05 2.036036905177754988e+03
1.447759946834649891e+05 2.027770822025549933e+03
1.445314802315765992e+05 2.032788253344524037e+03
1.442685014082367998e+05 2.022676720776004004e+03
1.439012460852412914e+05 2.026854528376856933e+03
1.434704130675928900e+05 2.023503965788248934e+03
1.431351743910149962e+05 2.012643618042799972e+03
1.427786931364676857e+05 2.016031105235867017e+03
1.424972964246720076e+05 2.012604896640501920e+03
1.420101107308464998e+05 2.010210990200610922e+03
1.417223435189269949e+05 2.000565237845125921e+03
1.414690963517996133e+05 2.005445491799491037e+03
1.412202646718132019e+05 2.004139271837751039e+03
1.409788040513936139e+05 1.996013824645624936e+03
1.410066312987997080e+05 1.995849898833748057e+03
1.409851657321187085e+05 2.003294286850614071e+03
1.410181240281974024e+05 1.997592179330727959e+03
1.413743285177779908e+05 2.006069079658502915e+03
1.414886890558475861e+05 2.001780156619285890e+03
1.418247911727112078e+05 2.011314207312949975e+03
1.419005469062739867e+05 2.008652807714694063e+03
1.422438997599153081e+05 2.019442591261765074e+03
1.427006188026267919e+05 2.022554179145108037e+03
1.428675349959736050e+05 2.020008120694807076e+03
1.433335763190037978e+05 2.029570157997974093e+03
1.435648804372244922e+05 2.032933798546067919e+03
1.434700336511197966e+05 2.027943175300566054e+03
1.436983257268819143e+05 2.032788726853088974e+03
1.434104897234525124e+05 2.036308346765169063e+03
1.433796805566361872e+05 2.028168602441460052e+03
1.434305927136891114e+05 2.030647226191972095e+03
1.431410610078982136e+05 2.027823981602120966e+03
1.427363004517281952e+05 2.027752139945383078e+03
1.424642785374755913e+05 2.027726448397183049e+03
1.421784116345026996e+05 2.021035329569132955e+03
1.418290915940027917e+05 2.016472392885166983e+03
1.416289268579462951e+05 2.019102753273359895e+03
1.412102884143147094e+05 2.009665038272331003e+03
1.409236287849115906e+05 2.014266076175065109e+03
1.405716339995180897e+05 2.007100735962964109e+03
1.404803882415650878e+05 2.009386673881688012e+03
1.400472326796783018e+05 2.001308921666633069e+03
1.397641558409309946e+05 2.006617641652039083e+03
1.395164918279190024e+05 1.998485684386316962e+03
1.395906990611334913e+05 1.998853067756700057e+03
1.394005231179764087e+05 2.003920622701881030e+03
1.393701314678511117e+05 1.997965973273901000e+03
1.392403766306948091e+05 1.996651707039693974e+03
1.393023091346769070e+05 2.003643806204185921e+03
1.392998770195067918e+05 2.004256942423892951e+03
1.393163760205789877e+05 1.999244916963484002e+03
1.394262832747839857e+05 2.004566958843437078e+03
1.393791481181789131e+05 1.999550847183975975e+03
1.393216309860107140e+05 1.999410252324415978e+03
1.393154629728406144e+05 2.005847899456432970e+03
1.392626923052365019e+05 2.006147088296200991e+03
1.391576136052951042e+05 2.000623864498744979e+03
1.391553869288291899e+05 2.000857517971661082e+03
1.391184391440910113e+05 2.007267504254956066e+03
1.391814065268517879e+05 2.008258640116044035e+03
1.390913689033279079e+05 2.003550510880166939e+03
1.392627787236359145e+05 2.010079942722758915e+03
1.393137173191297043e+05 2.005801043507367012e+03
1.393389615310847876e+05 2.013791977142466976e+03
1.395442243578803900e+05 2.009453000479031971e+03
1.398089062878531113e+05 2.017484204270481996e+03
1.399220975089948915e+05 2.019776793476054991e+03
1.399000937126558856e+05 2.015000762693413890e+03
1.400896483774558874e+05 2.023381796902498991e+03
1.402446460225773917e+05 2.025218296020185107e+03
1.403329366641436063e+05 2.019853874002676093e+03
1.404381716178407951e+05 2.027677535695095912e+03
1.403705166044154030e+05 2.021621563268736963e+03
1.403054869435032888e+05 2.021748915019616106e+03
1.402075209406302019e+05 2.028395158996353985e+03
1.402583569774354110e+05 2.028073509186900992e+03
1.399884331617756980e+05 2.021149013001376943e+03
1.399034637822211953e+05 2.026464195970294895e+03
1.396477933612425986e+05 2.025689281615766049e+03
1.394677764121044020e+05 2.017068380659635068e+03
1.393545078625832102e+05 2.016523168202518946e+03
1.392913992059383891e+05 2.022038708776236035e+03
1.389486331238560961e+05 2.013913667694487003e+03
1.388100188864463125e+05 2.019786463139284024e+03
1.386776162901491916e+05 2.011938304203207053e+03
1.387194776024011080e+05 2.017470658246943913e+03
1.383322408572506101e+05 2.010814882183484997e+03
1.381140192950199125e+05 2.015908078365385109e+03
1.379408610146298888e+05 2.008160151760183908e+03
1.378496679491742980e+05 2.014027113100763927e+03
1.377296183663530101e+05 2.013473241364273008e+03
1.375917414344552089e+05 2.005906575036096910e+03
1.374551622618960100e+05 2.012238128650016051e+03
1.374015725132855005e+05 2.004546816451942959e+03
1.374359830944022979e+05 2.010798823533147015e+03
1.372307849025533069e+05 2.003354845068605982e+03
1.372302278363424994e+05 2.009165265413626912e+03
1.370213144586728013e+05 2.009108974048802111e+03
1.370203382349585008e+05 2.001858778116449912e+03
1.368170121182310977e+05 2.008275697348708036e+03
1.367211505522963998e+05 2.000966853079444036e+03
1.367862212122378987e+05 2.007020778512508059e+03
1.367219756515675981e+05 2.006146045939020951e+03
1.365201125732953078e+05 1.999650853415616893e+03
1.366709631363007065e+05 2.003874461919881014e+03
1.364975183453237114e+05 2.005890924095207993e+03
1.365108852408078092e+05 2.005137980720025098e+03
1.364645342786452966e+05 2.005625435997159911e+03
1.363711090644233918e+05 1.998696536824717896e+03
1.362134812981653959e+05 2.005555643535617946e+03
1.362188594904413039e+05 1.998527124310980071e+03
1.363439757209242089e+05 2.000986162147888081e+03
1.360576056194468983e+05 2.005500881742927959e+03
1.360187220559977868e+05 2.003227033983670026e+03
1.361028979953374073e+05 2.002949714390337931e+03
1.360351906198539946e+05 2.005811176343931038e+03
1.359810466423883918e+05 2.001517846845707936e+03
1.357063498818638909e+05 1.998062316080460960e+03
1.355380080192862952e+05 2.005689938651941929e+03
1.355121603046366072e+05 2.000907090980974999e+03
1.352053736898564093e+05 2.005950495378730011e+03
1.349292821681277128e+05 1.999220914911546970e+03
1.349978170279778133e+05 2.005419214125638064e+03
1.350328091790855106e+05 1.998398708365112952e+03
1.353609673723122978e+05 1.999880248422148043e+03
1.354403767357591132e+05 2.005399070468321042e+03
1.356242435864883882e+05 2.005345119299146063e+03
1.354372329318301927e+05 1.999623682668189076e+03
1.355326556702023081e+05 2.000896167413839066e+03
1.354882512908074132e+05 2.006309179618498092e+03
1.353831157589693903e+05 2.001111773673907919e+03
1.353918937010974914e+05 2.001224638446160952e+03
1.353968592938183865e+05 2.001822873910853104e+03
1.353608340781312145e+05 2.007357849395051062e+03
1.351923154838347109e+05 2.002899960456448980e+03
1.352637474550032930e+05 2.002711108986072077e+03
1.351351673772798968e+05 2.007757388028157948e+03
1.349942308466628892e+05 2.008048574298411040e+03
1.348533367574083095e+05 2.001788082054911001e+03
1.350023517423681915e+05 2.008065594488270108e+03
1.349141686974599143e+05 2.001027076101903958e+03
1.347934591599593114e+05 2.008631011453813016e+03
1.347404499920893868e+05 2.008662814184099943e+03
1.347020932088941918e+05 2.008819558389368012e+03
1.346249494820249092e+05 2.003261010405115030e+03
1.345725201227691141e+05 2.003358195970120050e+03
1.345899490999742120e+05 2.009133028100354977e+03
1.345154478402092936e+05 2.009473430816889959e+03
1.343261516163324122e+05 2.002939601464606994e+03
1.344024295615442970e+05 2.009635825324194911e+03
1.342959269035726902e+05 2.004127526721237018e+03
1.342387162888467137e+05 2.010112629857768979e+03
1.341855473988924932e+05 2.003763991541075939e+03
1.341832380912865046e+05 2.010411106045017050e+03
1.340852309884461865e+05 2.010394141891345953e+03
1.339778206190083874e+05 2.004296824653263002e+03
1.339175295031641144e+05 2.010478916033825044e+03
1.337658156414600962e+05 2.004054344981861050e+03
1.337795286464173114e+05 2.010391276479397902e+03
1.337381963082810107e+05 2.004137078086924021e+03
1.338322717191237025e+05 2.010110223701444966e+03
1.337031450837524899e+05 2.002797458430642109e+03
1.335375449937520025e+05 2.010076130837768005e+03
1.334839147132610087e+05 2.003449749537402113e+03
1.334394796356947045e+05 2.009731511522295023e+03
1.333175725773912854e+05 2.002936659488854957e+03
1.332133253052746877e+05 2.008814115595163912e+03
1.330564781379922060e+05 2.002207190451603992e+03
1.330788413271153113e+05 2.007844292730412917e+03
1.329399271176345064e+05 2.007707599935991084e+03
1.327993774050450884e+05 2.007279019943053981e+03
1.326275220135670970e+05 2.000621817982347011e+03
1.326740357738019084e+05 2.005813759246387917e+03
1.325542229894071061e+05 2.005586440495342003e+03
1.323543382159303001e+05 2.005090662728591042e+03
1.322600944936528103e+05 1.998058718718142927e+03
1.323361378407317097e+05 2.003519593130565909e+03
1.321362950878498086e+05 1.996597011746617000e+03
1.319677144056666002e+05 2.002359759929277061e+03
1.317366539778501028e+05 1.995388420718531961e+03
1.316735034635356860e+05 2.000888525233684049e+03
1.315897486667073099e+05 2.000237929736674914e+03
1.313900603116200073e+05 1.993455455507747047e+03
1.313101351131437114e+05 1.999117258348554969e+03
1.311405137576643901e+05 1.992158838875129049e+03
1.311395623779282905e+05 1.997613982640775021e+03
1.309748643993574951e+05 1.997353444788870092e+03
1.308493782482919050e+05 1.996902104075754096e+03
1.307628500270648947e+05 1.996289111790325023e+03
1.306504012284796045e+05 1.995724440855281955e+03
1.305440231309664960e+05 1.988990087384039043e+03
1.305110773059031053e+05 1.994569163084333923e+03
1.303588678045723063e+05 1.994361915372202020e+03
1.302148733544363931e+05 1.994152380836170096e+03
1.300619661567565054e+05 1.987176382240995054e+03
1.301386506103967986e+05 1.993013790742189940e+03
1.299865451711289061e+05 1.986521107537723083e+03
1.299400246724659955e+05 1.992815587049525902e+03
1.297735495538761024e+05 1.986285996056714112e+03
1.297666641647387005e+05 1.991876187435417023e+03
1.296822680672254937e+05 1.991645970598166969e+03
1.295384101573205990e+05 1.985055824349193017e+03
1.296397424096954055e+05 1.991057544839588900e+03
1.295806980719491985e+05 1.990445241931324063e+03
1.294478579427530931e+05 1.984176345661926007e+03
1.294418213329856953e+05 1.990571959185991091e+03
1.292475289325985068e+05 1.989989306612066002e+03
1.291751748481693940e+05 1.988998954526377929e+03
1.291213345749332948e+05 1.987865254866346049e+03
1.289301524373978027e+05 1.983505612974089900e+03
1.289416078323544061e+05 1.989748716406737913e+03
1.287940107312797045e+05 1.983405183702004024e+03
1.288588552368522942e+05 1.989409897330848025e+03
1.287408924226639065e+05 1.983153923793282956e+03
1.287264750032384036e+05 1.989627519954357012e+03
1.287044367428655969e+05 1.986858530479941919e+03
1.286576452111177932e+05 1.987451065889855954e+03
1.284542342445899994e+05 1.989644326085071043e+03
1.283798519173540990e+05 1.983174949700960951e+03
1.284714068994419067e+05 1.989386119869026970e+03
1.282890315476974065e+05 1.982915988250837017e+03
1.283029918585912965e+05 1.989446756448043971e+03
1.281578334009862010e+05 1.989981233340729887e+03
1.281734393939291040e+05 1.986037204650051990e+03
1.280990338346064964e+05 1.983683424665179018e+03
1.280937844024512015e+05 1.990353348726732065e+03
1.279824663173630979e+05 1.990532773881498088e+03
1.278166311246403056e+05 1.984527181182241975e+03
1.279103124977578991e+05 1.986254573178332066e+03
1.278036124764840933e+05 1.991288991279822085e+03
1.276271191164342017e+05 1.985472887541295904e+03
1.277324657730829931e+05 1.987783959187888058e+03
1.276760891882435972e+05 1.992103577347269038e+03
1.275381360034547979e+05 1.986448471218584018e+03
1.275987719133667997e+05 1.992494420184772025e+03
1.275343777473147056e+05 1.989705071057504028e+03
1.274805305667070061e+05 1.989706864950453109e+03
1.274955146680158068e+05 1.989832797633900100e+03
1.273787616629944969e+05 1.994218006728450973e+03
1.273401835709153966e+05 1.990987992111801987e+03
1.273551049309341033e+05 1.994588389662827012e+03
1.271649418203724053e+05 1.989065097783950932e+03
1.272542843866151961e+05 1.995491398111520994e+03
1.272177323548218992e+05 1.990883520013252109e+03
1.271452188461537007e+05 1.991009658147642995e+03
1.271381882605887949e+05 1.991632169944936095e+03
1.271419933583142993e+05 1.996907039662575926e+03
1.270315393554089969e+05 1.993013357436250089e+03
1.269818075117340049e+05 1.992677112098386942e+03
1.269716279748030938e+05 1.998003964308923059e+03
1.269406904045449046e+05 1.998478374465079014e+03
1.267885927311444975e+05 1.992822041271909939e+03
1.268726766913898027e+05 1.999092077073757991e+03
1.268114033206552995e+05 1.994707575060564977e+03
1.267819931772202981e+05 1.994919423897274100e+03
1.267440303040220024e+05 2.000067030690788897e+03
1.265969401802361972e+05 1.995719980359866895e+03
1.266177198781080951e+05 1.995473607129755010e+03
1.266636826492349064e+05 2.000342345714077055e+03
1.265711255162598973e+05 2.000716031117156035e+03
1.265340455262511969e+05 1.994681305593021079e+03
1.265850017912485928e+05 2.001003222645616006e+03
1.263307579050165950e+05 1.995242889460914057e+03
1.262114523099602957e+05 2.001249845926128955e+03
1.261588051824263966e+05 1.995730087567158080e+03
1.262295043049585947e+05 2.000507846435639976e+03
1.261187677756813064e+05 2.000706233260448016e+03
1.259802146382943029e+05 1.995025911003993087e+03
1.259566370216584037e+05 2.000183938694653989e+03
1.257894147148999036e+05 1.994078605926272985e+03
1.257138503938104986e+05 1.999869036464717965e+03
1.256045181799308048e+05 1.994093635077875888e+03
1.256406370805579063e+05 1.998677297092842991e+03
1.255172528433256957e+05 1.998606639586269011e+03
1.253017228422743065e+05 1.992512345272276889e+03
1.252150925539253949e+05 1.992271859617821065e+03
1.252710299140649004e+05 1.996641097480852977e+03
1.251024510669784067e+05 1.996511567888850095e+03
1.249497811335380975e+05 1.996030278160824992e+03
1.248007346036922972e+05 1.989832410319289920e+03
1.247124378762746928e+05 1.994796210784184950e+03
1.245405537953434978e+05 1.988515733252420887e+03
1.245338407389440981e+05 1.993209841531408983e+03
1.243419070819449989e+05 1.986723847673265936e+03
1.242476352625402069e+05 1.986389742581937981e+03
1.241714265887408983e+05 1.991289966294930991e+03
1.240878861810419039e+05 1.990661385306507100e+03
1.239260626875173039e+05 1.989992557038337054e+03
1.237175227416028065e+05 1.983732913388415909e+03
1.237213276022310019e+05 1.988356312381984026e+03
1.235787174823845999e+05 1.987899752469186978e+03
1.233644291772089055e+05 1.981839243139934069e+03
1.233176606120411016e+05 1.986644007815259101e+03
1.231954113609695050e+05 1.986077921008600015e+03
1.229932876688863034e+05 1.979937523808330980e+03
1.229965388829346048e+05 1.984708152480310901e+03
1.228041914358522044e+05 1.978759369657647085e+03
1.227756520807156048e+05 1.983838556514908987e+03
1.226181402576054970e+05 1.983549942389636954e+03
1.224487868077688036e+05 1.977369000510243950e+03
1.224935595859650057e+05 1.982385436405914106e+03
1.223595594983290066e+05 1.982230144762625059e+03
1.222034603266444028e+05 1.982201475924468923e+03
1.220379941796581988e+05 1.976301495827126928e+03
1.220792543489192030e+05 1.981452405480484913e+03
1.219519034300654021e+05 1.981767018422747924e+03
1.218583047152476938e+05 1.975799010359146905e+03
1.218189306773226999e+05 1.981342408782795928e+03
1.216255964861594985e+05 1.975946389225166058e+03
1.216601942838779069e+05 1.981487551453446031e+03
1.216118815014222928e+05 1.981728929374987956e+03
1.214250446443488036e+05 1.976596701814250991e+03
1.213929502607736940e+05 1.976554597379195002e+03
1.213865321658042958e+05 1.982771070935486932e+03
1.212404764153307042e+05 1.977701919008083905e+03
1.212728124367072014e+05 1.983622551286619000e+03
1.211433953787101927e+05 1.978724799502756014e+03
1.211946134567904955e+05 1.984730279514031963e+03
1.211038674683706049e+05 1.979515663748215957e+03
1.211115099683578010e+05 1.985964159454518040e+03
1.210048082661832013e+05 1.980828299458590891e+03
1.210676360917147977e+05 1.987069057821229990e+03
1.210431914528627967e+05 1.987758042732214108e+03
1.209091550629799021e+05 1.983072385338158938e+03
1.209481386572321935e+05 1.989223039367836918e+03
1.209269008591187012e+05 1.989731186199828926e+03
1.208543685544342006e+05 1.990385367415605060e+03
1.208354936531299027e+05 1.990822462276267970e+03
1.207512315240255994e+05 1.991456776526910062e+03
1.207210680352208001e+05 1.991754660045995934e+03
1.206005538188328064e+05 1.986328423280039033e+03
1.206639281223457947e+05 1.992347289599033047e+03
1.205017406194220966e+05 1.987086362375096996e+03
1.205164502222213050e+05 1.993140726431352050e+03
1.203592040196469025e+05 1.987466992253105900e+03
1.204263684779070027e+05 1.993155174979706999e+03
1.203629240299544035e+05 1.993441569513835020e+03
1.202113038160647993e+05 1.987561527983275937e+03
1.202514475247215014e+05 1.993132989869023049e+03
1.201665403392389999e+05 1.993302438385127061e+03
1.200454511057815980e+05 1.993388864568571989e+03
1.198822754553395062e+05 1.987699588668750948e+03
1.199595050664754963e+05 1.992544043892447007e+03
1.199061304518316028e+05 1.991939615481883948e+03
1.197468276507554983e+05 1.992175433673196949e+03
1.197075245725638961e+05 1.990519630885650031e+03
1.195598367062050966e+05 1.991590968534789909e+03
1.193738535939022986e+05 1.985110169567982894e+03
1.194642783854228037e+05 1.989221867972117025e+03
1.193821166890776949e+05 1.989492527494096976e+03
1.192029595411561022e+05 1.989930468834028034e+03
1.191563341018565989e+05 1.988397015363706032e+03
1.189524152106227993e+05 1.983092004503359021e+03
1.189589703308994940e+05 1.988434312014479019e+03
1.188638898438197066e+05 1.986989463461331979e+03
1.186312861002786958e+05 1.981716076805606008e+03
1.186069058466231072e+05 1.987113735034414958e+03
1.184186657081816957e+05 1.980922511258266923e+03
1.184701597674812947e+05 1.983608000811052989e+03
1.183887171861937968e+05 1.984179242412563099e+03
1.181878937322087004e+05 1.985281294550788971e+03
1.180093094259061036e+05 1.979586123127970950e+03
1.180038096872228052e+05 1.984333496068762088e+03
1.178246771859486034e+05 1.978034871876348006e+03
1.178545844365412049e+05 1.981001975608698103e+03
1.177868940703161934e+05 1.981221057759192945e+03
1.176178366712877032e+05 1.982682544706894078e+03
1.175378979272589931e+05 1.979351342675616934e+03
1.174293071816076990e+05 1.979649163207310949e+03
1.173394986052942986e+05 1.977448487503646902e+03
1.172725970311884012e+05 1.979027728706663993e+03
1.171087083028485940e+05 1.981204352731062954e+03
1.169261673710221949e+05 1.975454959035570027e+03
1.169392018564931932e+05 1.977590341322069889e+03
1.167657221784735011e+05 1.974761157213278011e+03
1.167198962761497969e+05 1.980394793656882030e+03
1.165468296589169040e+05 1.974809106448476996e+03
1.166069472737339966e+05 1.979984748935539983e+03
1.164413063885739975e+05 1.980585243363593008e+03
1.162491244446205965e+05 1.974561830052763980e+03
1.162725547621737060e+05 1.980406071706556986e+03
1.162058262291319988e+05 1.978241248499547964e+03
1.161637557554792002e+05 1.978137226239422034e+03
1.160543038494500070e+05 1.980562622360695968e+03
1.159505880714458035e+05 1.977932437765798113e+03
1.158782355731412972e+05 1.976919518674128994e+03
1.158238461418356019e+05 1.977931844330958938e+03
1.157171384783513931e+05 1.981334145144407103e+03
1.156638051169890969e+05 1.979321134163172928e+03
1.155657313596330932e+05 1.981844332101366035e+03
1.154681472817164031e+05 1.978250616003236019e+03
1.153169282478707028e+05 1.976569479903123010e+03
1.153591634104344994e+05 1.982416716643856944e+03
1.152538084779889032e+05 1.982994259052547932e+03
1.151492427237509983e+05 1.980227893929599986e+03
1.151017516659639950e+05 1.980460298741448923e+03
1.150381915037649014e+05 1.983517017540164034e+03
1.149557894510651968e+05 1.981028155894239944e+03
1.149004311928745010e+05 1.980759776193350035e+03
1.148325067958119034e+05 1.984154545930000040e+03
1.147439711922053975e+05 1.980900906562900900e+03
1.146517330804413068e+05 1.984815086859021903e+03
1.144945660230229987e+05 1.978344233260806050e+03
1.145208521245547017e+05 1.984828711270841950e+03
1.144575583199424000e+05 1.985212620974831907e+03
1.143618937792716024e+05 1.985422655870670042e+03
1.141939964329328941e+05 1.979761775016670072e+03
1.142146557509840932e+05 1.980715704963284907e+03
1.141792335074649018e+05 1.985350365545184104e+03
1.140535089947486995e+05 1.985684854322890033e+03
1.139559133092658012e+05 1.981900499866218070e+03
1.139348247581247997e+05 1.981504851905348005e+03
1.138736786704281985e+05 1.985369429187187961e+03
1.138046888311346993e+05 1.981195471384887014e+03
1.136874570329840935e+05 1.985469907016482011e+03
1.135249131808606035e+05 1.979784271312847977e+03
1.135192412201346015e+05 1.985250491085846988e+03
1.134385051572947996e+05 1.981672299750681077e+03
1.134035299300131010e+05 1.984980636561954043e+03
1.132711292419430974e+05 1.981167408050816903e+03
1.131848893736640021e+05 1.980965279368025904e+03
1.131332037840083940e+05 1.980957218890471950e+03
1.130772029960375949e+05 1.984577729402931027e+03
1.129577438684428053e+05 1.984743480631886086e+03
1.127796425233639020e+05 1.978987023784831990e+03
1.127905989169417007e+05 1.979447533053993993e+03
1.127402370407041017e+05 1.984124154456528913e+03
1.125948136602602026e+05 1.979117269502085037e+03
1.124884883871892962e+05 1.978274378106053064e+03
1.125004426274375001e+05 1.983543466135376093e+03
1.124221312237318052e+05 1.983665514888383996e+03
1.122305279681263055e+05 1.978073183633345025e+03
1.122713850744622032e+05 1.983068812197340094e+03
1.121241482119019929e+05 1.983392724510071957e+03
1.120293320346864057e+05 1.979127598112841952e+03
1.119887812819327955e+05 1.982897683087925998e+03
1.118789524663859047e+05 1.978064218760182939e+03
1.118474528771176992e+05 1.982463799629832010e+03
1.117162977324925014e+05 1.977703426444488969e+03
1.116780294897941058e+05 1.982184525889219003e+03
1.115568807909252937e+05 1.982362484397370963e+03
1.114174907448774029e+05 1.976592230931775021e+03
1.114411321727612958e+05 1.981712439683594994e+03
1.113206950299196033e+05 1.977340261099182953e+03
1.112635573531565024e+05 1.981559226740253962e+03
1.111071825154444959e+05 1.976707142948268938e+03
1.110337956493529055e+05 1.976185016374553925e+03
1.109682940781164943e+05 1.981336771704520061e+03
1.108117533357303037e+05 1.975626402146737064e+03
1.107978499540085031e+05 1.980930582967090913e+03
1.106608035161599983e+05 1.975614545962185957e+03
1.106370961017711961e+05 1.975702717935329019e+03
1.105748198445106973e+05 1.980791189542977918e+03
1.104218546258526039e+05 1.976196973047110077e+03
1.103753690712481039e+05 1.975999224228075036e+03
1.103707475444612937e+05 1.980186083605603926e+03
1.102417536901810963e+05 1.980544292820768987e+03
1.100599999398713990e+05 1.975223076967954967e+03
1.099926869319771067e+05 1.974652114115830045e+03
1.099661973231784941e+05 1.980105159884707064e+03
1.098284008212782064e+05 1.974825266821826062e+03
1.098614992904362007e+05 1.979836767828142911e+03
1.097296657213778963e+05 1.980187229064207031e+03
1.095729102507565985e+05 1.974420900726779109e+03
1.095376431970720005e+05 1.980064267921108922e+03
1.093961491839541995e+05 1.974974520826686103e+03
1.093053080589480960e+05 1.974508672957063027e+03
1.093163522778156039e+05 1.979589009738381947e+03
1.092338913016392034e+05 1.979837085840043073e+03
1.091065604813241953e+05 1.980083225552223894e+03
1.089778153034085990e+05 1.975554737860207979e+03
1.089909402030787023e+05 1.979649497155196059e+03
1.088616634660248965e+05 1.980164175058441970e+03
1.086951916677655972e+05 1.974602706884503959e+03
1.086682546035831037e+05 1.979835967320294912e+03
1.085170838568799954e+05 1.973586419980433902e+03
1.085169493563386932e+05 1.979820363065809033e+03
1.083721596902293968e+05 1.974444827250358003e+03
1.083630833514990954e+05 1.979652994951198934e+03
1.082544327803243941e+05 1.980078262997448064e+03
1.081312691792811966e+05 1.975345488419243111e+03
1.081527274716550019e+05 1.979574348259986891e+03
1.080282333471505990e+05 1.980060462534303952e+03
1.078273605172332027e+05 1.974273632279971935e+03
1.078167206715706998e+05 1.979999015954392007e+03
1.076355732434449019e+05 1.974017418192772084e+03
1.076482384687969025e+05 1.979906010219438031e+03
1.075544357258285017e+05 1.973711683809872056e+03
1.075020804251730005e+05 1.979894180943168976e+03
1.073367667504179990e+05 1.974278953528515103e+03
1.073261271441785939e+05 1.979831026024372022e+03
1.071944645001733006e+05 1.974920317216864987e+03
1.071639042708409979e+05 1.979874966258428003e+03
1.070314531995137950e+05 1.975264608926237088e+03
1.070020629400236940e+05 1.979990102749728976e+03
1.068562284051536990e+05 1.974997163925369023e+03
1.068414761138709000e+05 1.979841631422064893e+03
1.066659830541302945e+05 1.973839792560733031e+03
1.066959174641387945e+05 1.979800978639522100e+03
1.066308640951872949e+05 1.979947066884632022e+03
1.065143327389818005e+05 1.980145174488472094e+03
1.063709472634705016e+05 1.975284811373562889e+03
1.063513788083690015e+05 1.979840142791899098e+03
1.062585872177960991e+05 1.979933801933849963e+03
1.062095107651489961e+05 1.979954575765065101e+03
1.060988400915470993e+05 1.980110699683953953e+03
1.059507249915980065e+05 1.974766607403247008e+03
1.059502271117656928e+05 1.979830728901150906e+03
1.058428124285789963e+05 1.980119065022844097e+03
1.057129164696805965e+05 1.974640714378941993e+03
1.057121026331221947e+05 1.979775852784679046e+03
1.056156474369374046e+05 1.980009302834921073e+03
1.054824011440650938e+05 1.975169360815996015e+03
1.054637298079288012e+05 1.979800999741110900e+03
1.053324419313127000e+05 1.973883787819320105e+03
1.053151996060937963e+05 1.979779990391448109e+03
1.052249376145949063e+05 1.979876272779034025e+03
1.051722657394818962e+05 1.979893026596525033e+03
1.050640384820650070e+05 1.980010705137291097e+03
1.049164334625048068e+05 1.975110499157912955e+03
1.049106642803629948e+05 1.979805067518700980e+03
1.047737046881879069e+05 1.974546947480012932e+03
1.047381871625444037e+05 1.979891384951165037e+03
1.046091636522946064e+05 1.974629010120062958e+03
1.046271770097828994e+05 1.979584845014213897e+03
1.045451757216436963e+05 1.979847614884492941e+03
1.044612886627403059e+05 1.979953267487546100e+03
1.043348318562930945e+05 1.980086610366646937e+03
1.042015136518923973e+05 1.974974847870736994e+03
1.041961482459051040e+05 1.979836620793306110e+03
1.040744652817952010e+05 1.974609073587213061e+03
1.040852267492169049e+05 1.979554296080284985e+03
1.040055057474714995e+05 1.979743311025702951e+03
1.038430425416145008e+05 1.974555031310356981e+03
1.038236811244699929e+05 1.979807561459186900e+03
1.037066920091244974e+05 1.974772983124410985e+03
1.037052597578483983e+05 1.979646469325492944e+03
1.036088129755263944e+05 1.979753884215665039e+03
1.035361206961143034e+05 1.979770793196463956e+03
1.034501015176873043e+05 1.979762529984935099e+03
1.033755470276637934e+05 1.979737798097957011e+03
1.033154161246767035e+05 1.979691087787264905e+03
1.032129465727291972e+05 1.979859224197228059e+03
1.030810612660041952e+05 1.974308058429817038e+03
1.030629689446467964e+05 1.979732385156225064e+03
1.029302615797960025e+05 1.974413740189201008e+03
1.029449627645158034e+05 1.979420367581067012e+03
1.028779783163276006e+05 1.979619534931186081e+03
1.028059422845852969e+05 1.979633623467603002e+03
1.026088841919151018e+05 1.974362493514132893e+03
1.026444951276929933e+05 1.979416087880895020e+03
1.026141973800429987e+05 1.979306096511651958e+03
1.024766856689294946e+05 1.979759391662083090e+03
1.023388595821859053e+05 1.974716779907915907e+03
1.023422947506404016e+05 1.979457143645721089e+03
1.022773172627849999e+05 1.979583794350716971e+03
1.022096191271152056e+05 1.979527416777048074e+03
1.021200928137672017e+05 1.979576117196033920e+03
1.019440928708157007e+05 1.974509805836818032e+03
1.019684449976402975e+05 1.979326218040461072e+03
1.018721893993479025e+05 1.979785334294113909e+03
1.017692383099743020e+05 1.974103853278312954e+03
1.017329926017778052e+05 1.979372301959358992e+03
1.017096904523456033e+05 1.979029700673007028e+03
1.015234693808477023e+05 1.974570692572267035e+03
1.015316678993600945e+05 1.979256501279103986e+03
1.014282327603143931e+05 1.979661793051200902e+03
1.012939744271694944e+05 1.974671475519113073e+03
1.013289072169877036e+05 1.978949496948865999e+03
1.012744277789276966e+05 1.978748608015466971e+03
1.011203209579138929e+05 1.979554650635775943e+03
1.009955427012777072e+05 1.974497981601246011e+03
1.009794088516819029e+05 1.979393957735678896e+03
1.008628432622932014e+05 1.974010727524658932e+03
1.008447385743156046e+05 1.979359931450964041e+03
1.008044091220569971e+05 1.979025440794556971e+03
1.006338418392729945e+05 1.974499401922412062e+03
1.006703799412101071e+05 1.977926827814336093e+03
1.005169805105651030e+05 1.979487300927838987e+03
1.003841858719978045e+05 1.974666453840625991e+03
1.004419986362806958e+05 1.977925851839354891e+03
1.003813683712198981e+05 1.978524671930478917e+03
1.002355188863220974e+05 1.979435876410869014e+03
1.000932597153140960e+05 1.973691618361910969e+03
1.000748248203663970e+05 1.979391889942575972e+03
9.994340390233053768e+04 1.974277012361254037e+03
9.998611068928020541e+04 1.978025922258947958e+03
9.988780696546929539e+04 1.979075010048110016e+03
9.977574406773799274e+04 1.979578665295442079e+03
9.963087386020692065e+04 1.974296234671455977e+03
9.960484150524644065e+04 1.979220099012017045e+03
9.950293329166923650e+04 1.974051787785042961e+03
9.948004357541557692e+04 1.979285144951340953e+03
9.935429432295115839e+04 1.973642044811540927e+03
9.933931402338978660e+04 1.979206990080311016e+03
9.930811758181071491e+04 1.977524695000726069e+03
9.922756392366220825e+04 1.978000511179983960e+03
9.915556608495826367e+04 1.977987406789927945e+03
9.909975560749880970e+04 1.977864583120835050e+03
9.902236491592954553e+04 1.978138061642003095e+03
9.888154790738038719e+04 1.979125936802500973e+03
9.884638392357654811e+04 1.977508408788916995e+03
9.877380319292527565e+04 1.977686825312724977e+03
9.871729669688567810e+04 1.978132184983385969e+03
9.859213697839858651e+04 1.979156353746378045e+03
9.844421011238486972e+04 1.974490196812615977e+03
9.848394220160003169e+04 1.977231572433169958e+03
9.834431656346438103e+04 1.979275754086115057e+03
9.821942550972886966e+04 1.974502457020093061e+03
9.821936249617258727e+04 1.978864211138020892e+03
9.813457050299928233e+04 1.979232534370785061e+03
9.799060834329176578e+04 1.973613892084742020e+03
9.797304317126194655e+04 1.979116102333857953e+03
9.794745899532437033e+04 1.977660336874771019e+03
9.787389283593502478e+04 1.976609627621256095e+03
9.781735416773184261e+04 1.977370336372863903e+03
9.769421073617078946e+04 1.978999335136270020e+03
9.763670647878538875e+04 1.976989024773215078e+03
9.747733543668144557e+04 1.973825644477034984e+03
9.746929508536546200e+04 1.978940245911662942e+03
9.741330983064456086e+04 1.977595028392195900e+03
9.727369802576169604e+04 1.973922384976867988e+03
9.725638586226824555e+04 1.978948890382868967e+03
9.724752365081646712e+04 1.977401064789020893e+03
9.711513869356915529e+04 1.979078737157796922e+03
9.696932714565690549e+04 1.974417845786374983e+03
9.698143130728378310e+04 1.975991388243058054e+03
9.690806035334242915e+04 1.978816956114146024e+03
9.680902669758746924e+04 1.979245837458626966e+03
9.674066531353320170e+04 1.977069288343243898e+03
9.661207442614535103e+04 1.974007667443275977e+03
9.660547916039140546e+04 1.978844144530374933e+03
9.653760605592789943e+04 1.976129451704669918e+03
9.648522520014467591e+04 1.976897582026628015e+03
9.637428267780240276e+04 1.978896811864751953e+03
9.634087110260696500e+04 1.976978731109722958e+03
9.623745508247353428e+04 1.978942067315296072e+03
9.616301183945219964e+04 1.976296192406917044e+03
9.603635970467480365e+04 1.974054427219575018e+03
9.604365907566261012e+04 1.978682941883725107e+03
9.594194362187736260e+04 1.979174588061837994e+03
9.582777365091559477e+04 1.974169555731559967e+03
9.580884863242153369e+04 1.978763162888642910e+03
9.572224753490327566e+04 1.979157295909973072e+03
9.560851879499845381e+04 1.974073122830692000e+03
9.558360392139550822e+04 1.978944795976444084e+03
9.554504177939858346e+04 1.975981665509709956e+03
9.545575967521872371e+04 1.978926427532119988e+03
9.533204331111545616e+04 1.973828696679280029e+03
9.531554994466475910e+04 1.978865649898365064e+03
9.527535834316760884e+04 1.977344692879989907e+03
9.516250476369935495e+04 1.978958537198536078e+03
9.503644861704797950e+04 1.973717250702143929e+03
9.501877727510393015e+04 1.978890978780761088e+03
9.486580489972536452e+04 1.973292193097026939e+03
9.488754850608562992e+04 1.978850536546784951e+03
9.476266910013700544e+04 1.973390379094616037e+03
9.476405864867918717e+04 1.978861158541242958e+03
9.464789482610482082e+04 1.973578377085698094e+03
9.462055486380406364e+04 1.978841821921480005e+03
9.456875198218537844e+04 1.976972760766409920e+03
9.447308577565010637e+04 1.978954333812765981e+03
9.433896806723883492e+04 1.974175835865924000e+03
9.435437196737094200e+04 1.975703068642540075e+03
9.428276440048324002e+04 1.978749173411049014e+03
9.424129797629483801e+04 1.977032824604274083e+03
9.413617743268646882e+04 1.979016716857031042e+03
9.405003899735567393e+04 1.975084064565194012e+03
9.402496103526701336e+04 1.975926737424759949e+03
9.394391882863330829e+04 1.978907209134807999e+03
9.387427111329193576e+04 1.976589563054157907e+03
9.383225668401016446e+04 1.976716060323595912e+03
9.376177916745124094e+04 1.978671105741738074e+03
9.370175146921438864e+04 1.976775199712254107e+03
9.360069230385711126e+04 1.979079043749188941e+03
9.347303297872896655e+04 1.973933134923717944e+03
9.347855387567596335e+04 1.978689124445601010e+03
9.340315935365977930e+04 1.979010302841586054e+03
9.333018032735039014e+04 1.975969325433196900e+03
9.326106521368183894e+04 1.979020784276910035e+03
9.313353577603721351e+04 1.973108978121515975e+03
9.312209944605048804e+04 1.979006851290690975e+03
9.300062746855085425e+04 1.974417449961453030e+03
9.300002189410934807e+04 1.975439494270284058e+03
9.296246949381503509e+04 1.978564038006235933e+03
9.290405379367708520e+04 1.978873884905141949e+03
9.280393825419349014e+04 1.979173056826585025e+03
9.268045537401427282e+04 1.974362886902762966e+03
9.266858677269129839e+04 1.978894542580884945e+03
9.262489362124764011e+04 1.975918158053465049e+03
9.253927555987959204e+04 1.978975549763224990e+03
9.248426673290203325e+04 1.975685941220591985e+03
9.242974904169542424e+04 1.978899909882035899e+03
9.236709663611948781e+04 1.976290625966930975e+03
9.231128910463940701e+04 1.976167784271756091e+03
9.222173772583501705e+04 1.979050205045472012e+03
9.211393691021234554e+04 1.974553620384971055e+03
9.210782247129679308e+04 1.978699711644495892e+03
9.202957852359868411e+04 1.979086459891961113e+03
9.191131233948310546e+04 1.973848210692960038e+03
9.192594945664412808e+04 1.978695024564342020e+03
9.185706196289219952e+04 1.979062309579591101e+03
9.178485922413722437e+04 1.976226806690011927e+03
9.173043209503014805e+04 1.975887660468961940e+03
9.166458274172501115e+04 1.978912301189988966e+03
9.159964495182478277e+04 1.976028088734128005e+03
9.154810201980036800e+04 1.975886322480597073e+03
9.147078272453587851e+04 1.979009086504493098e+03
9.137114080228008970e+04 1.975142667728940069e+03
9.130422816641670943e+04 1.973843982113922038e+03
9.128631930089792877e+04 1.978876363875745938e+03
9.117116719594174356e+04 1.973901212734702085e+03
9.115520764187452733e+04 1.978948529103384999e+03
9.106635971643246012e+04 1.975271961761550983e+03
9.104668371937514166e+04 1.975710440610736896e+03
9.101025212561027729e+04 1.978718573163444944e+03
9.091464914845203748e+04 1.975093995893340889e+03
9.089315442234744842e+04 1.978721495272463017e+03
9.081709040434099734e+04 1.979126562214654996e+03
9.073578524979508074e+04 1.975966521665782921e+03
9.068837308304152975e+04 1.975946446170984018e+03
9.062330502249341225e+04 1.978944215223357105e+03
9.053055253895753413e+04 1.974809410099557908e+03
9.050265458179889538e+04 1.978949493341410971e+03
9.044362154432349780e+04 1.976251708910632033e+03
9.040575469455441635e+04 1.978693660132686091e+03
9.033054337952478090e+04 1.979067457880669963e+03
9.020075192241840705e+04 1.973188448110533955e+03
9.019797663525403186e+04 1.978942547778929111e+03
9.011421249514748342e+04 1.975065893200234996e+03
9.003246463000834046e+04 1.974128540759802945e+03
9.005112164666864555e+04 1.978595324932409994e+03
8.998212578010819561e+04 1.978991556938359054e+03
8.991974933738018444e+04 1.975615190384889047e+03
8.986155014356585161e+04 1.978943803677859023e+03
8.974400362369972572e+04 1.973876116717254945e+03
8.975069922491555917e+04 1.978750389669964079e+03
8.969043391283439996e+04 1.979057812557643047e+03
8.956502020653265936e+04 1.974332724138268077e+03
8.955750137418399390e+04 1.978804143571846907e+03
8.950184063450233953e+04 1.975643561930741953e+03
8.946063343737579999e+04 1.975639957449732947e+03
8.942075103851297172e+04 1.978749866931811084e+03
8.933721164341430995e+04 1.975686015334204967e+03
8.929059336421756598e+04 1.975691804061252014e+03
8.923117393716581864e+04 1.978865385002397034e+03
8.915232982376289146e+04 1.975747496574274010e+03
8.911886989142640959e+04 1.975641088265688040e+03
8.908770998637619778e+04 1.978530168016947982e+03
8.900891255832488241e+04 1.978903235824797093e+03
8.895409157361535472e+04 1.976053093207847041e+03
8.891994183212975622e+04 1.978644515462611025e+03
8.885989956715366861e+04 1.978928818132586002e+03
8.871532788575437735e+04 1.972981145061650977e+03
8.872883502829441568e+04 1.978814606996036900e+03
8.866658804086278542e+04 1.975528089968067889e+03
8.862211849774126313e+04 1.975373743561264064e+03
8.857146085665556893e+04 1.978806325733334916e+03
8.847225080277478264e+04 1.973783479129154102e+03
8.848703561504438403e+04 1.978543962863662045e+03
8.840883764995701495e+04 1.978876549120577010e+03
8.831112810459130560e+04 1.974255377116780892e+03
8.832612218694693001e+04 1.978535326171333963e+03
8.824336917568286299e+04 1.978869216874725907e+03
8.818172999949482619e+04 1.975795398681940924e+03
8.814467241204401944e+04 1.978720468956523064e+03
8.809413717166165588e+04 1.974743376762068010e+03
8.804018444215481577e+04 1.978701918818537933e+03
8.794214492383273318e+04 1.973631079500941041e+03
8.793096498071924725e+04 1.978752630802958038e+03
8.786241543542916770e+04 1.975329100250846977e+03
8.783161549506220035e+04 1.974989690963287103e+03
8.778990196249767905e+04 1.978624229601256957e+03
8.769117544379056199e+04 1.972947697567499063e+03
8.769782502437962103e+04 1.978409862608024014e+03
8.763035125157500443e+04 1.978900074114271092e+03
8.752863672240739106e+04 1.974532782525921903e+03
8.750829703901235189e+04 1.978470024580025893e+03
8.744731735169008607e+04 1.975111565659753978e+03
8.741844968856775085e+04 1.974712836992322991e+03
8.739783374785594060e+04 1.978279064377054965e+03
8.732831030262383865e+04 1.978656255800919098e+03
8.726479358908886206e+04 1.974622036929989918e+03
8.722621938458670047e+04 1.978491540149039110e+03
8.714193239551302395e+04 1.974058406622212033e+03
8.711775519610896299e+04 1.974554354888120088e+03
8.708452583416976267e+04 1.978405967877346029e+03
8.702075556724895432e+04 1.974684572655103011e+03
8.700935845584742492e+04 1.978208939792870069e+03
8.693320015081096790e+04 1.978603593245205047e+03
8.684655456703144591e+04 1.974016063753859044e+03
8.684238797858500038e+04 1.978390915042745974e+03
8.677065735944607877e+04 1.974802329904777935e+03
8.673509846765585826e+04 1.974846514801181911e+03
8.671481403635363677e+04 1.978148400218213965e+03
8.664980721944695688e+04 1.978443355917054078e+03
8.658458290006237803e+04 1.975100653296638029e+03
8.655205104999232572e+04 1.978263381014754032e+03
8.649168363489479816e+04 1.974827751665384994e+03
8.645642056654185581e+04 1.974626841445837044e+03
8.643311167066545750e+04 1.978013492922894102e+03
8.636787342241597071e+04 1.978360505615288957e+03
8.630272516389633529e+04 1.974077289359189990e+03
8.626887672483471397e+04 1.978193984778192089e+03
8.618775427928689169e+04 1.974313618246301075e+03
8.616019240344339050e+04 1.973790070715039974e+03
8.613889421448475332e+04 1.978042719123980987e+03
8.608303749563160818e+04 1.974564719110363967e+03
8.605277283884680946e+04 1.978082894455428004e+03
8.600028904918003536e+04 1.973933024033510037e+03
8.596017054180607374e+04 1.978065098538791062e+03
8.587515721204580041e+04 1.973065925177588042e+03
8.587606441740161972e+04 1.977966946606876036e+03
8.580845529043707938e+04 1.974359035973169057e+03
8.579561209575427347e+04 1.977862127473191094e+03
8.572367171348557167e+04 1.973981850489836006e+03
8.569311774058923766e+04 1.977910371558122961e+03
8.563566393127953052e+04 1.973573437376342099e+03
8.563170506850042148e+04 1.977808914268721082e+03
8.558218445546420116e+04 1.978013413179447980e+03
8.550770428160364099e+04 1.974031265188194084e+03
8.548380379524386080e+04 1.977853714807203005e+03
8.543896009355619026e+04 1.973668443566451060e+03
8.538678582677579834e+04 1.977829558328184021e+03
8.530817404257184535e+04 1.973117370782503031e+03
8.530440769998611358e+04 1.977782310860302005e+03
8.521691044676915044e+04 1.973341409118040019e+03
8.517284318116531358e+04 1.972536332673943889e+03
8.517022403334805858e+04 1.977670491600827063e+03
8.510881335466291057e+04 1.973937298183517896e+03
8.509370892795863620e+04 1.973610318842853985e+03
8.509160454750084318e+04 1.977397186631179920e+03
8.502316063451684022e+04 1.977844355281664093e+03
8.494722720877254324e+04 1.973971448132290107e+03
8.493059922490078316e+04 1.973621576971230979e+03
8.490956816727419209e+04 1.977474797597348925e+03
8.482973613994027255e+04 1.973109504499647073e+03
8.483318238926443155e+04 1.977343583136723964e+03
8.477628653001760540e+04 1.973824077229525074e+03
8.474333450627615093e+04 1.977410782651196996e+03
8.468635600892946240e+04 1.973427152441023964e+03
8.468035903362584941e+04 1.977332154298705973e+03
8.461707778353139292e+04 1.973254602289372997e+03
8.458627581142864074e+04 1.977342858127665977e+03
8.452816344221669715e+04 1.973415797343375061e+03
8.451608510438202939e+04 1.977305037516063067e+03
8.444633291119785281e+04 1.972952225530065107e+03
8.444649041406027391e+04 1.977171635727075000e+03
8.436023137127225345e+04 1.972807254972941109e+03
8.434868803838951862e+04 1.977245228864265982e+03
8.428582350176737236e+04 1.973517831318534945e+03
8.426497205723365187e+04 1.973270692322628065e+03
8.425912453550432110e+04 1.976993435965792060e+03
8.418814135445383727e+04 1.971882564919631022e+03
8.420524695616400277e+04 1.976989072828296003e+03
8.415713037780729064e+04 1.977187769975419997e+03
8.406520826478353410e+04 1.972075578740124911e+03
8.407456573586598097e+04 1.976925538505179020e+03
8.400832649147507618e+04 1.972157120503545912e+03
8.402161479615804274e+04 1.976773465008149060e+03
8.399037478781376558e+04 1.976858644668694069e+03
8.393620865884544037e+04 1.977087112557280079e+03
8.387759505095230998e+04 1.972794210779333980e+03
8.387786601659511507e+04 1.976694561336333891e+03
8.384887174058741948e+04 1.976670420165793075e+03
8.382473859671887476e+04 1.976750021728702905e+03
8.375753148818171758e+04 1.977023948186076041e+03
8.369337661162864242e+04 1.972664058676238028e+03
8.370929139395494713e+04 1.976515577225028892e+03
8.366146376100159250e+04 1.976891336994420044e+03
8.358103643486449437e+04 1.972304322778868027e+03
8.356554904098196130e+04 1.972579315024041080e+03
8.355510566546059272e+04 1.976553546334396970e+03
8.348033332320293994e+04 1.971798913065010993e+03
8.349254299344876199e+04 1.976404543481655082e+03
8.345050655363594706e+04 1.972387354047803001e+03
8.343737729588737420e+04 1.976429102443579950e+03
8.336602144540721201e+04 1.971719168206894892e+03
8.339065134202220361e+04 1.976210248838865027e+03
8.336184540961573657e+04 1.976428098301324098e+03
8.329695257599328761e+04 1.972147683031485030e+03
8.330635908481771185e+04 1.976125299447026919e+03
8.328524437689485785e+04 1.976069764741625022e+03
8.324359034591942327e+04 1.976168194157527978e+03
8.321345630458294181e+04 1.976199333049356937e+03
8.317447621583106229e+04 1.976383923543578021e+03
8.310724734524812084e+04 1.971834684559596099e+03
8.310659673194248171e+04 1.976120702133353916e+03
8.303704237030835066e+04 1.971725828192807057e+03
8.304097495192184579e+04 1.975984544273602069e+03
8.298226421131200914e+04 1.971662117775299976e+03
8.298772880379408889e+04 1.975877930366586043e+03
8.293167857799344347e+04 1.971605970256766113e+03
8.295015127220474824e+04 1.975705251641438963e+03
8.292600044755350973e+04 1.975932699968770976e+03
8.284791857736112433e+04 1.971594421779504955e+03
8.284501084299142531e+04 1.975778038942150943e+03
8.278163812935876194e+04 1.971699958945489016e+03
8.276610299151050276e+04 1.971341707637785021e+03
8.277758202094412991e+04 1.975535766721086020e+03
8.272125999077431334e+04 1.971714761037902008e+03
8.271931069333542837e+04 1.971748209544080055e+03
8.272207747751282295e+04 1.975333888093787891e+03
8.266320777351447032e+04 1.971431122276793985e+03
8.268572865249004099e+04 1.975270841071021096e+03
8.263266090341217932e+04 1.975565562499351927e+03
8.258601292009001190e+04 1.971820523046133076e+03
8.260712139678261883e+04 1.975232424397230943e+03
8.256782148833759129e+04 1.975468783774130088e+03
8.250473102089695749e+04 1.970936611308191914e+03
8.252506105997455597e+04 1.975027467440844930e+03
8.250627855998917948e+04 1.975148297533163031e+03
8.246045313895989966e+04 1.975321440918957023e+03
8.240631254302464367e+04 1.971477401289992031e+03
8.241812069957562198e+04 1.975067314909786091e+03
8.236389188796434610e+04 1.970716945269507050e+03
8.238048414362006588e+04 1.974813122372313956e+03
8.236743674464692594e+04 1.975118456575790105e+03
8.223084223426305107e+04 1.970277668242541040e+03
8.236469444620794093e+04 1.972390498985636896e+03
1.135430165087274945e+05 2.036288320029528904e+03
2.168187090108488221e+06 1.236211582599860049e+04
1.889494718424967956e+06 2.585634799578832099e+04
1.116923309316657018e+06 1.912489955103406828e+04
8.033264160322769312e+05 1.699643038652251926e+04
7.073363604345542844e+05 1.736780339065493899e+04
6.100911209948351607e+05 1.729086334088808144e+04
5.536422983102455037e+05 1.739577493937985128e+04
5.264385506179656368e+05 1.793138754458838957e+04
5.162955002335992758e+05 1.863505226780727025e+04
5.171142281464458210e+05 1.918409660508991874e+04
5.223960845858955872e+05 1.984188152309576981e+04
5.362457419460067758e+05 2.065362511250350144e+04
5.547861790582154645e+05 2.114960008555063905e+04
5.818970113755244529e+05 2.159974441851858865e+04
6.204788123584369896e+05 2.208673545395796100e+04
6.558531751884892583e+05 2.209996864400296181e+04
6.508163769108600682e+05 2.155437683382191972e+04
5.530474193218878936e+05 1.931630659082346028e+04
4.250678428653200972e+05 1.697240052561859920e+04
3.495789925133303041e+05 1.588244462648867011e+04
3.121247014092192985e+05 1.551889361643481971e+04
2.915456374428506242e+05 1.549165653136611945e+04
2.729070873087139917e+05 1.560615724271387990e+04
2.405891875099448953e+05 1.544906672802437060e+04
1.864287913423115970e+05 1.482485856422276083e+04
1.569522102605891996e+05 1.415039458848930917e+04
1.714676169751512934e+05 1.350754129168337931e+04
2.026430846346825128e+05 1.292422011220786044e+04
2.365377096775163081e+05 1.256838413164670055e+04
2.860194858463447890e+05 1.320303586695452032e+04
3.303448469974041218e+05 1.447136301020087922e+04
3.654382891552004730e+05 1.562086625798999921e+04
3.974885760513456189e+05 1.719514365815189012e+04
3.760907527789645828e+05 1.842504422957987117e+04
1.844399494528502109e+05 1.796046888851212134e+04
2.312917476405584021e+05 1.622061323972765058e+04
1.876070809792281943e+05 1.445669855373724931e+04
1.638341708786684903e+05 1.315798872542311983e+04
1.483637160883297038e+05 1.195888608335569006e+04
1.482663024578593031e+05 1.152227182773015920e+04
1.510792341549842968e+05 1.167149747103606023e+04
1.548995862534492044e+05 1.212707534106975072e+04
1.608531568743150856e+05 1.251544100692804022e+04
1.675866941522567940e+05 1.309788674674325011e+04
1.753315063753827126e+05 1.354969756659718041e+04
1.836761742034693889e+05 1.416834415321060078e+04
1.929963449329391879e+05 1.463705439712372026e+04
2.028408049853669072e+05 1.528676699879979969e+04
2.133552636682458105e+05 1.578784970916386010e+04
2.244802126545339997e+05 1.650813495405470167e+04
2.367653279056950996e+05 1.707141592712144848e+04
2.502312430700321856e+05 1.790980910927009973e+04
2.653128998427793267e+05 1.859767060503058019e+04
2.830029835315883975e+05 1.962048365951133019e+04
3.034212859058732283e+05 2.053304008564757169e+04
3.277969332905518822e+05 2.184083430749546096e+04
3.564084563233709778e+05 2.309115972796543065e+04
3.908591112970617833e+05 2.483908820500738148e+04
4.308236458730266895e+05 2.677357273041463850e+04
4.782712497980946209e+05 2.899458728376400177e+04
5.345802081822388573e+05 3.197778283423537141e+04
6.069276405396782793e+05 3.558290371779150155e+04
7.038222315553145017e+05 4.024604224429016904e+04
8.258965879709242145e+05 4.606860267131175351e+04
9.698754435291066766e+05 5.347364485436915857e+04
1.125218778191742022e+06 6.142856030613025359e+04
1.291903218203963013e+06 7.009982438352624013e+04
1.459723571996615035e+06 7.897108129691790964e+04
1.630739073021556018e+06 8.868580002039538522e+04
1.786701041751401965e+06 9.888141443839862768e+04
1.923147016500381054e+06 1.095468812860820035e+05
2.033011690289685037e+06 1.201970994689882064e+05
2.122389795079309028e+06 1.303293420394577988e+05
2.179394452511487063e+06 1.392979939042981132e+05
2.210755480828824919e+06 1.464114536942235136e+05
2.224570655259700958e+06 1.513965517556407140e+05
2.215095073451211210e+06 1.542061710012361873e+05
2.199323105316662230e+06 1.557257071860391006e+05
2.213394363992439117e+06 1.565686267094266950e+05
2.232324366961018182e+06 1.573975063103821885e+05
2.250966576755483169e+06 1.582951205983145919e+05
2.315777411390868947e+06 1.589623934984740044e+05
2.384659302866805810e+06 1.602873924165465869e+05
2.435518092294950970e+06 1.608162228858938906e+05
2.484586443758795969e+06 1.597989960335697106e+05
2.497903250939522870e+06 1.555349894869164855e+05
2.403424793728874996e+06 1.478692210910487920e+05
2.226826519442686811e+06 1.373137624723630142e+05
1.998198603410605108e+06 1.254098916018907039e+05
1.766301490754714003e+06 1.152709241907972028e+05
1.571320775197471026e+06 1.081584268389070930e+05
1.453292411352219060e+06 1.033663523349848983e+05
1.381001918348798994e+06 1.005801303024912049e+05
1.336030519204169977e+06 9.869730814499668486e+04
1.296359263059755089e+06 9.756441859655933513e+04
1.262148622587584890e+06 9.671796039680625836e+04
1.232613606993062887e+06 9.621472236794020864e+04
1.209553427768293070e+06 9.583759139341684931e+04
1.193583488214021083e+06 9.563256688163992658e+04
1.184656304746598005e+06 9.553982894334959565e+04
1.174953027848365018e+06 9.556396549563584267e+04
1.173359968823977979e+06 9.580407900713622803e+04
1.174095808073566994e+06 9.618976861613293295e+04
1.170672042302886024e+06 9.678670658748121059e+04
1.183565938190069981e+06 9.747827067478849494e+04
1.184439934044715017e+06 9.833806893837645475e+04
1.204181748021695064e+06 9.912232951573573519e+04
1.205992462743005017e+06 9.998739036874574958e+04
1.207771742501745932e+06 1.006715591444063029e+05
1.213408806704306044e+06 1.010185999026097998e+05
1.214515397829657886e+06 1.011887907863712026e+05
1.214949549353814917e+06 1.013419772999144043e+05
1.218073983971975977e+06 1.014042484962150047e+05
1.218721909010784933e+06 1.014766915826899931e+05
1.220493505153320963e+06 1.014939854084088001e+05
1.218970709541538963e+06 1.014660403727411031e+05
1.212139767844927963e+06 1.014051692150235031e+05
1.203805645775435027e+06 1.013044732203660969e+05
1.198717711382783949e+06 1.011379924041810009e+05
1.190363402543867007e+06 1.009693457436147000e+05
1.194571577859161887e+06 1.008311502248561010e+05
1.188186903594611911e+06 1.009305274476094928e+05
1.181561337440257892e+06 1.010004007445931056e+05
1.174838183969822945e+06 1.010420068069645058e+05
1.176210118161547929e+06 1.009840460286658054e+05
1.175767248790756101e+06 1.009791782628888031e+05
1.183574575634008041e+06 1.010295500929607952e+05
1.176152811823080061e+06 1.012858421731014969e+05
1.173467167805610923e+06 1.014842332358652056e+05
1.172450260463206097e+06 1.014308725107609935e+05
1.164958175872094929e+06 1.014023956386179052e+05
1.153021375834596111e+06 1.011496940966650000e+05
1.151966388826844981e+06 1.008822494132495049e+05
1.150950276342319092e+06 1.008897065878308058e+05
1.146395405911752023e+06 1.011419732257527066e+05
1.150716021756645991e+06 1.016133843485670950e+05
1.153806682012767065e+06 1.019529200571615947e+05
1.154808676429243991e+06 1.022284554351302941e+05
1.152676081925414968e+06 1.023695118016039050e+05
1.155526383182255086e+06 1.024598899153769016e+05
1.171383179964364972e+06 1.024988547539441934e+05
1.165218890462901909e+06 1.027979231985141960e+05
1.156714477675982052e+06 1.029025841719291057e+05
1.157700638229089091e+06 1.028816419534560991e+05
1.149281969500503968e+06 1.028684098191800003e+05
1.147333879647027003e+06 1.028329487527810998e+05
1.153165785544926068e+06 1.028718328097120975e+05
1.144268706517006969e+06 1.028935861053586996e+05
1.148417128520197002e+06 1.026456116707399051e+05
1.139283074897906044e+06 1.024436442403521069e+05
1.131892355126020033e+06 1.021173697713197034e+05
1.130617298947444884e+06 1.017677997261107957e+05
1.132347357011931017e+06 1.015202931952283980e+05
1.131730683148266980e+06 1.014022712662431004e+05
1.126682475869704969e+06 1.013670624901256961e+05
1.119143223551504081e+06 1.012616763889995054e+05
1.114189005313792033e+06 1.010973148804469965e+05
1.108611432969966903e+06 1.009732686029609031e+05
1.100835679071838036e+06 1.008517705847103935e+05
1.100484269390142057e+06 1.007140664939692942e+05
1.100179996992117027e+06 1.007055095481589960e+05
1.094527817334323889e+06 1.006843574361412029e+05
1.093188394122069003e+06 1.006456904912400933e+05
1.098750022481780965e+06 1.006831560169339937e+05
1.093128564271044917e+06 1.008288230383041955e+05
1.091507995156334946e+06 1.009916084231356072e+05
1.087189714512557024e+06 1.010163562856392964e+05
1.091301765138478950e+06 1.010647763913412928e+05
1.092709273700648919e+06 1.012731786538628949e+05
1.089392216532282997e+06 1.014317356614232995e+05
1.089626989354602061e+06 1.015434422891685972e+05
1.088379609945900971e+06 1.017081263837084989e+05
1.088924208171490114e+06 1.017355485035122983e+05
1.097119979516976979e+06 1.018688669244696939e+05
1.099838915275359992e+06 1.020764000230888050e+05
1.099947619036650984e+06 1.021840635056573956e+05
1.098678880919270916e+06 1.022880857735367026e+05
1.095794355162210064e+06 1.022386832488266955e+05
1.096877958258025115e+06 1.022038508086942020e+05
1.095595459715049015e+06 1.021072132936960988e+05
1.098542428733669920e+06 1.020916367286775931e+05
1.102532748603144893e+06 1.021452857761804044e+05
1.102781194894789951e+06 1.023068798211826943e+05
1.112827590018894058e+06 1.023694524329389969e+05
1.108942546459025005e+06 1.024221551355295960e+05
1.104246102631845977e+06 1.023529312322359037e+05
1.111548318583891029e+06 1.022580988366389938e+05
1.105576601758186938e+06 1.021567111777832033e+05
1.105319721807877999e+06 1.020455491628799064e+05
1.106985200694466010e+06 1.020810830038424028e+05
1.106367323305831058e+06 1.021675074535081949e+05
1.104117146260973997e+06 1.020753289618292038e+05
1.105625802877486916e+06 1.019597544404918008e+05
1.107082278016874101e+06 1.019349733058963029e+05
1.102989418987316079e+06 1.019239830618003034e+05
1.096074173596154898e+06 1.017604929221803031e+05
1.091799821772858035e+06 1.015879913865231938e+05
1.090418357034740038e+06 1.012422031976152066e+05
1.086278865421354072e+06 1.010194608868838986e+05
1.087099983515609987e+06 1.006830275788009021e+05
1.083032772677394096e+06 1.002917115646460006e+05
1.081435954000612954e+06 1.000871539177279046e+05
1.079666473326015985e+06 9.992962448837287957e+04
1.072564641285266029e+06 9.970519099225365790e+04
1.063356735898351064e+06 9.943507523010135628e+04
1.071153983689286979e+06 9.913581208579016675e+04
1.064286124619170092e+06 9.886468981677595002e+04
1.062907706285937922e+06 9.868930582819138363e+04
1.062936799296912970e+06 9.851461102587607456e+04
1.057385384098601993e+06 9.833602031254496251e+04
1.056526533514009090e+06 9.823882790178374853e+04
1.054963764382747002e+06 9.821341754471632885e+04
1.051947513216621010e+06 9.813116606092730945e+04
1.050584705253398046e+06 9.806773965619680530e+04
1.051742744964153040e+06 9.794750890289498784e+04
1.054164876789163100e+06 9.787546193837345345e+04
1.056699022931586951e+06 9.787367849537248549e+04
1.058468211300394963e+06 9.789022903993359068e+04
1.059580109142580070e+06 9.805728855661988200e+04
1.057040695404469036e+06 9.820188680128059059e+04
1.054446736347870901e+06 9.829861199796362780e+04
1.056722362877150998e+06 9.837550116673680895e+04
1.051183249486007029e+06 9.842272238589769404e+04
1.063724371228663018e+06 9.841692470814695116e+04
1.061543144340519095e+06 9.850214519517279405e+04
1.060829881672760937e+06 9.856747505573595117e+04
1.060762196015991038e+06 9.846189046988297196e+04
1.064945748628160916e+06 9.856594529464449442e+04
1.066231464527134085e+06 9.865232967312489927e+04
1.064510166120541980e+06 9.862441194085862662e+04
1.064010081027180888e+06 9.858620907393345260e+04
1.061805677829565946e+06 9.850182880460793967e+04
1.062718843815736938e+06 9.848340930784447119e+04
1.063276619215718936e+06 9.850483047629492648e+04
1.065746114289077930e+06 9.852753201367445581e+04
1.064531107183608925e+06 9.855420004042942310e+04
1.066329579781584907e+06 9.862928272736558574e+04
1.061672340277307900e+06 9.848133165322701097e+04
1.056394173409702023e+06 9.813574828031501966e+04
1.057870612845195923e+06 9.790811700234461750e+04
1.057286991963010980e+06 9.768758639154491539e+04
1.054262864165772917e+06 9.757635328210814623e+04
1.066423544556159992e+06 9.760833959877544839e+04
1.057720861421752954e+06 9.750095675672763900e+04
1.056518569759154925e+06 9.747877606405889674e+04
1.057534623913507909e+06 9.735708186464267783e+04
1.054553776131090010e+06 9.721197644119928009e+04
1.063740487866825890e+06 9.707797679486972629e+04
1.056939468295098050e+06 9.692080878490938630e+04
1.056329517133611022e+06 9.675842132298945216e+04
1.054505412180536892e+06 9.670551126269543602e+04
1.052941018385722069e+06 9.662487991450715344e+04
1.051117116206095088e+06 9.655165360314957798e+04
1.051690324861352099e+06 9.650988866047056217e+04
1.049649736398919020e+06 9.651173716414673254e+04
1.045182645628034021e+06 9.628820672985557758e+04
1.046075930308397044e+06 9.614196268283789686e+04
1.045546736680843052e+06 9.600274846940822317e+04
1.043339025844592019e+06 9.577576437651622109e+04
1.043718659344556043e+06 9.587131247730807809e+04
1.051143387061697897e+06 9.595511221316133742e+04
1.042919918137475965e+06 9.594375931341815158e+04
1.040873123111485969e+06 9.598260807934316108e+04
1.041030890755002038e+06 9.616216951762016106e+04
1.048165725721874973e+06 9.614764124678562803e+04
1.046633865426562959e+06 9.612772433101819479e+04
1.048366840306306025e+06 9.614342188994419121e+04
1.050737914114482934e+06 9.620992875817570894e+04
1.052047084692717995e+06 9.622842718482359487e+04
1.056323361088064965e+06 9.632330697720021999e+04
1.057673546763699967e+06 9.635954972677427577e+04
1.056808267865594942e+06 9.641957693588543043e+04
1.057451184795928886e+06 9.641631233312061522e+04
1.059304269127333071e+06 9.667987374908175843e+04
1.070465430820286972e+06 9.684919789769838098e+04
1.065848895872198045e+06 9.690224670674052322e+04
1.062046178764932090e+06 9.690024347327293071e+04
1.063616641384981107e+06 9.697073671355347324e+04
1.067309873653260060e+06 9.704468978278794384e+04
1.071369599545777077e+06 9.710354731043401989e+04
1.067471142612908036e+06 9.712378475832764525e+04
1.069408793528296053e+06 9.712840663419474731e+04
1.072671436057087034e+06 9.721237951363308821e+04
1.071261287753696088e+06 9.723237985929792922e+04
1.083998759344509104e+06 9.729277240513508150e+04
1.081175303987494903e+06 9.730909779092198005e+04
1.076786658890092047e+06 9.730604836035569315e+04
1.076768715199720114e+06 9.725987599649751792e+04
1.078585047271271003e+06 9.724687499969477358e+04
1.080089978117052000e+06 9.718746706442743016e+04
1.078450859232171904e+06 9.710298791969867307e+04
1.078266621295524063e+06 9.696398982194853306e+04
1.081180055423944956e+06 9.698758909314881021e+04
1.080403997902838979e+06 9.697566808210396266e+04
1.077756742433083942e+06 9.692069459379595355e+04
1.076378689985346049e+06 9.691865432913665427e+04
1.072522995867402060e+06 9.694403883287232020e+04
1.080406893750577001e+06 9.697983927351838793e+04
1.083653585164881079e+06 9.681751809798584145e+04
1.073237923321457114e+06 9.684952286117688345e+04
1.077691371931270929e+06 9.691755073371283652e+04
1.082319152472427115e+06 9.671247152493562317e+04
1.073073738017306896e+06 9.661084247598978982e+04
1.070880800669384887e+06 9.647933906258882780e+04
1.073008283152665012e+06 9.639077089251764119e+04
1.069684916125328047e+06 9.611813928439196025e+04
1.069119179713231046e+06 9.590343407604553795e+04
1.067147767806139076e+06 9.569811632434879721e+04
1.066905203076197999e+06 9.550736054495410644e+04
1.071275404163632076e+06 9.553709052011706808e+04
1.070528466366166947e+06 9.554710703250666847e+04
1.066178041570286965e+06 9.534527791559530306e+04
1.068739948488774011e+06 9.543975282045562926e+04
1.071648835511431098e+06 9.553440235470002517e+04
1.069316547905802960e+06 9.568466686391955591e+04
1.070650838208505884e+06 9.571888145354119479e+04
1.068882296006228076e+06 9.564595360635708494e+04
1.067238780212952988e+06 9.545507259358023293e+04
1.071180154061621986e+06 9.547532256499012874e+04
1.068809022777677979e+06 9.546595196462977037e+04
1.065937925759380916e+06 9.538296384787895659e+04
1.063940056394977961e+06 9.532265957190010522e+04
1.062080635026837932e+06 9.528280477238699677e+04
1.073892239236844005e+06 9.516181710259104148e+04
1.068162678971389076e+06 9.509894256385286280e+04
1.066344506841145921e+06 9.523373979251037235e+04
1.071357981358793098e+06 9.534142392281937646e+04
1.072015849262967939e+06 9.513950034428844810e+04
1.061199386328270892e+06 9.499458358936477453e+04
1.059789563061309978e+06 9.480268842724109709e+04
1.061944395664836979e+06 9.463295455408049747e+04
1.062840365299698897e+06 9.451027344226789137e+04
1.061762032217321917e+06 9.431803962822216272e+04
1.060039585606679088e+06 9.419542176855141588e+04
1.062748558780160034e+06 9.406640266185613291e+04
1.060784363557100995e+06 9.406015438490889210e+04
1.059434224247602979e+06 9.387902204970848106e+04
1.060875787672453094e+06 9.379954174994527420e+04
1.061572581570487004e+06 9.372538220405901666e+04
1.060747380659099901e+06 9.362204854988126317e+04
1.060611855734470068e+06 9.359583663978416007e+04
1.060510664030994056e+06 9.360547872734471457e+04
1.056238691741507966e+06 9.350537630124500720e+04
1.051485970900442917e+06 9.333397402796598908e+04
1.050594888982288074e+06 9.316600791293312795e+04
1.050051365627900930e+06 9.303001783301298565e+04
1.049167838617641013e+06 9.309382368236983893e+04
1.059772310090051964e+06 9.312902422159472189e+04
1.053289890202705981e+06 9.309221550315343484e+04
1.048164292280617054e+06 9.299709298149752431e+04
1.047628246377730044e+06 9.292152472138839948e+04
1.050173545884364052e+06 9.314084261015529046e+04
1.055054993610233068e+06 9.327642333862070518e+04
1.058463405437015928e+06 9.320491019991831854e+04
1.053209012998823076e+06 9.325856041921651922e+04
1.051833644732811954e+06 9.334504384749353630e+04
1.051402507500360021e+06 9.327635790587661904e+04
1.053496794969791081e+06 9.321212283813141403e+04
1.055524625956034986e+06 9.320738188869881560e+04
1.052509928174004890e+06 9.319323828035040060e+04
1.064854527753257891e+06 9.324413610316366248e+04
1.054895676092641894e+06 9.329752379919281520e+04
1.064754096627097111e+06 9.339727922497859981e+04
1.062825797012053896e+06 9.353137505945512385e+04
1.062258376452055993e+06 9.373485159418785770e+04
1.073737447062782012e+06 9.400402167849375110e+04
1.070757729846983915e+06 9.409163188187777996e+04
1.068322727107452927e+06 9.413734107675148698e+04
1.077814656577968039e+06 9.433191143120835477e+04
1.074790026299811900e+06 9.437912012319632049e+04
1.073564378181126900e+06 9.463295059465226950e+04
1.083049752173976041e+06 9.479272478849820618e+04
1.085019232649954967e+06 9.496717383583723858e+04
1.084128143277429044e+06 9.511206888949105632e+04
1.085076441442275885e+06 9.513619353308272548e+04
1.086963795938947005e+06 9.535083981773459527e+04
1.100796450726351934e+06 9.543939005515933968e+04
1.083145098163563991e+06 9.477010966124435072e+04
1.078234046469470952e+06 9.437981453530043655e+04
1.080689448071612045e+06 9.397235205306937860e+04
1.073982198678947054e+06 9.338799059336114442e+04
1.058539919455165043e+06 9.235110505168093368e+04
1.052178645473195938e+06 9.139454078630173171e+04
1.043416480859666015e+06 9.026850861038542644e+04
1.027008953729217057e+06 8.880640635055105668e+04
1.011221209748737980e+06 8.736367015259746404e+04
1.009735258546449943e+06 8.584518740810493182e+04
9.890263016868734267e+05 8.425360761929818545e+04
9.720168178376489086e+05 8.253669979992590379e+04
9.528593652641378576e+05 8.101124874886954785e+04
9.329936537909049075e+05 7.934014157289362629e+04
9.245100838068393059e+05 7.778597576110331283e+04
9.097515105478961486e+05 7.628882116510831111e+04
8.908975738424116280e+05 7.470912446401560737e+04
8.766670667756986804e+05 7.330207776220070082e+04
8.589305525774207199e+05 7.182495833248573763e+04
8.432360955827413127e+05 7.032121900776069378e+04
8.298722096101611387e+05 6.892774872801972379e+04
8.171943351194481365e+05 6.764500334467817447e+04
7.998823849024935625e+05 6.633474599051644327e+04
7.843867833966262406e+05 6.500659929956542328e+04
7.725596847687934060e+05 6.383520295611523761e+04
7.580167846579178004e+05 6.272415433798058075e+04
7.420259349846750265e+05 6.149317364716208249e+04
7.314868267443409422e+05 6.033417333430962753e+04
7.234000623819843167e+05 5.934981435899784992e+04
7.134751664642767282e+05 5.843513959485491068e+04
7.022314462171470514e+05 5.756431284144710662e+04
6.996696953227635240e+05 5.682859603549286840e+04
6.895892143018593779e+05 5.613665845181263285e+04
6.831620071496694582e+05 5.555893724490574823e+04
6.806019894539029337e+05 5.506153607437713799e+04
6.794298768022570293e+05 5.452462374424313748e+04
6.736592425206254702e+05 5.412313862295184663e+04
6.722934760070345365e+05 5.368996226477703749e+04
6.710153303582438966e+05 5.340135174490781355e+04
6.738138717213519849e+05 5.306958908472789335e+04
6.667286315527594415e+05 5.264566224583813892e+04
6.646321458876682445e+05 5.222547494134146109e+04
6.622194195874822326e+05 5.184222932403856248e+04
6.582128096796926111e+05 5.150613111727154319e+04
6.526181722882173490e+05 5.114816169792629807e+04
6.471181251033428125e+05 5.072537360035844176e+04
6.453984806443880079e+05 5.039523168151833670e+04
6.421058514092491241e+05 5.019004475953390647e+04
6.418329443758460693e+05 5.010514334142082953e+04
6.374877637043853756e+05 4.979946340387978125e+04
6.335332008685951587e+05 4.961736332288532140e+04
6.343023163240310969e+05 4.951559058409395220e+04
6.329188898497871123e+05 4.951979348690395273e+04
6.332879232963450486e+05 4.935594219515870645e+04
6.288384040833358886e+05 4.927162959338213841e+04
6.313771935013640905e+05 4.917932248248045653e+04
6.276250375137218507e+05 4.909593485869540746e+04
6.305106601471352624e+05 4.911178723460267065e+04
6.266877243558723712e+05 4.898540270197867358e+04
6.261346219573562266e+05 4.894837312850612943e+04
6.265761650390552823e+05 4.900391791370677674e+04
6.284492436303237919e+05 4.896727862804585311e+04
6.288774397303181468e+05 4.897141484168650641e+04
6.299229383444548585e+05 4.903558984915522160e+04
6.308225342626281781e+05 4.906029923030283680e+04
6.324090715407056268e+05 4.913481513855562662e+04
6.326861246837502113e+05 4.906267144829207245e+04
6.346078225820106454e+05 4.908041911950975918e+04
6.345869247881436022e+05 4.914823535641041963e+04
6.324496634982083924e+05 4.918309066288059694e+04
6.296950207632117672e+05 4.911971468353593809e+04
6.285933564944989048e+05 4.909788431079818838e+04
6.270141995436785510e+05 4.897407096329471824e+04
6.259068989018490538e+05 4.898679348218531231e+04
6.258601705060910899e+05 4.904223160202240979e+04
6.216165333232406992e+05 4.888634626376132655e+04
6.186240239898898872e+05 4.880622051812966674e+04
6.209631644233291736e+05 4.875557793794594181e+04
6.162652975190045545e+05 4.867403486318756768e+04
6.185359744284583721e+05 4.864070446833791357e+04
6.139391707007292425e+05 4.856081894791746163e+04
6.128972388745886274e+05 4.849378025509102008e+04
6.116050031005822821e+05 4.838271918592281145e+04
6.114538236272644717e+05 4.835076509586223256e+04
6.088967827194944257e+05 4.827504967099644273e+04
6.059228944960884983e+05 4.823635756783266697e+04
6.080307305197729729e+05 4.821057449298893334e+04
6.034013912473752862e+05 4.813771409730774030e+04
6.030286677185026929e+05 4.808598071720740700e+04
6.023151719796941616e+05 4.797641743440296705e+04
6.019963925323638832e+05 4.795472805980266276e+04
6.000561997123396723e+05 4.795516404418607272e+04
5.965168942420771345e+05 4.786784930499680195e+04
5.987476931566194398e+05 4.781081214831180841e+04
5.965852712868496310e+05 4.769516770012197230e+04
5.961025333389529260e+05 4.770069245755300653e+04
5.942322899275369709e+05 4.774275060607672640e+04
5.918584485359303653e+05 4.763936542966159323e+04
5.927220433207232272e+05 4.761336027648292657e+04
5.932819347721958766e+05 4.761648504393608891e+04
5.926582991825036006e+05 4.759268018780923740e+04
5.956665689226947725e+05 4.761903227344003244e+04
5.939864444472159958e+05 4.758561566502504866e+04
5.931571217048611725e+05 4.758608820507096243e+04
5.937103537833011942e+05 4.760572621291146788e+04
5.979382110356631456e+05 4.796438642838744272e+04
5.748566318508960539e+05 4.686114509670622647e+04
