4.759629480263301814e-03 3.594719939334139781e+04
4.834629528244015380e-03 2.397991502938182020e+04
4.915467031118145140e-03 1.439246822611217067e+04
2.850146315151515175e+00 6.052131890404759906e+04
2.848025030303031002e+00 6.141695791336594266e+04
2.845903745454545053e+00 6.218475744898559060e+04
2.843782460606060880e+00 6.294325649786611029e+04
2.841661175757575819e+00 6.371322026968259888e+04
2.839539890909091202e+00 6.449798980677359941e+04
2.837418606060606141e+00 6.529703224918004707e+04
2.835297321212121968e+00 6.610891176406442537e+04
2.833176036363636019e+00 6.693191257855386357e+04
2.831054751515151846e+00 6.776414405077848642e+04
2.828933466666666785e+00 6.860360527558058675e+04
2.826812181818182168e+00 6.944820146885042777e+04
2.824690896969697107e+00 7.029578970792044129e+04
2.822569612121212046e+00 7.114415735189395491e+04
2.820448327272726985e+00 7.199105650749405322e+04
2.818327042424241924e+00 7.283423552103780094e+04
2.816205757575758195e+00 7.367143625219636306e+04
2.814084472727273134e+00 7.450043169542463147e+04
2.811963187878788073e+00 7.531905146581708686e+04
2.809841903030303012e+00 7.612523882540863997e+04
2.807720618181817951e+00 7.691701603802453610e+04
2.805599333333332890e+00 7.769252261214554892e+04
2.803478048484849161e+00 7.845002514202719613e+04
2.801356763636364100e+00 7.918792252861667657e+04
2.799235478787879039e+00 7.990473851281273528e+04
2.797114193939393978e+00 8.059917808528814930e+04
2.794992909090908917e+00 8.127007410582184093e+04
2.792871624242423856e+00 8.191643726931346464e+04
2.790750339393940127e+00 8.253742730424240290e+04
2.788629054545455066e+00 8.313236870457294572e+04
2.786507769696970005e+00 8.370076124468885246e+04
2.784386484848484944e+00 8.424229814354183327e+04
2.782265199999999883e+00 8.475688772771319782e+04
2.780143915151514822e+00 8.524467959263580269e+04
2.778022630303030205e+00 8.570608487715023512e+04
2.775901345454546032e+00 8.614178297865235072e+04
2.773780060606060971e+00 8.655271134562001680e+04
2.771658775757575910e+00 8.694006111416008207e+04
2.769537490909090849e+00 8.730524737988831475e+04
2.767416206060605788e+00 8.764988556824790430e+04
2.765294921212121171e+00 8.797572081014412106e+04
2.763173636363636110e+00 8.828449290375382407e+04
2.761052351515151049e+00 8.857782612138138211e+04
2.758931066666665988e+00 8.885714347383561835e+04
2.756809781818181815e+00 8.912360999952501152e+04
2.754688496969697198e+00 8.937812340125588526e+04
2.752567212121212137e+00 8.962135421398823382e+04
2.750445927272727076e+00 8.985382235909540032e+04
2.748324642424242015e+00 9.007599432514129148e+04
2.746203357575756954e+00 9.028835064494518156e+04
2.744082072727272781e+00 9.049141166685805365e+04
2.741960787878788164e+00 9.068569044887754717e+04
2.739839503030303103e+00 9.087160979069162568e+04
2.737718218181818042e+00 9.104944623728269653e+04
2.735596933333332981e+00 9.121936861814484291e+04
2.733475648484847920e+00 9.138165167401538929e+04
2.731354363636364191e+00 9.153706919051420118e+04
2.729233078787879130e+00 9.168737823393024155e+04
2.727111793939394069e+00 9.183570861971004342e+04
2.724990509090909008e+00 9.198663289869668370e+04
2.722869224242423947e+00 9.214573156173291500e+04
2.720747939393938886e+00 9.231862415765659534e+04
2.718626654545455157e+00 9.250965461358653556e+04
2.716505369696970096e+00 9.272060778798206593e+04
2.714384084848485035e+00 9.294988661348405003e+04
2.712262799999999974e+00 9.319243845544327633e+04
2.710141515151514913e+00 9.344042577237398655e+04
2.708020230303029852e+00 9.368443096504565619e+04
2.705898945454544791e+00 9.391484184924775036e+04
2.703777660606061062e+00 9.412324675914415275e+04
2.701656375757576001e+00 9.430374308192059107e+04
2.699535090909090940e+00 9.445414482549879176e+04
2.697413806060605879e+00 9.457678516432110337e+04
2.695292521212120818e+00 9.467809417798493814e+04
2.693171236363636201e+00 9.476604267786353012e+04
2.691049951515152028e+00 9.484498641593490902e+04
2.688928666666666967e+00 9.490900102919427445e+04
2.686807381818181906e+00 9.493641343677000259e+04
2.684686096969696845e+00 9.488888743677310413e+04
2.682564812121211784e+00 9.471594240633556910e+04
2.680443527272727167e+00 9.436144912566042331e+04
2.678322242424242994e+00 9.376487246039176534e+04
2.676200957575757045e+00 9.285436250828579068e+04
2.674079672727272872e+00 9.154061241977792815e+04
2.671958387878787811e+00 8.972501644032823970e+04
2.669837103030303194e+00 8.732079989112068142e+04
2.667715818181818133e+00 8.426505814130256476e+04
2.665594533333333960e+00 8.051372487174489652e+04
2.663473248484848011e+00 7.605410549885789806e+04
2.661351963636363838e+00 7.095016712736480986e+04
2.659230678787879221e+00 6.535216058074679313e+04
2.657109393939394160e+00 5.943278550403514237e+04
2.654988109090909099e+00 5.334729257739416062e+04
2.652866824242424038e+00 4.722106355279069976e+04
2.650745539393938977e+00 4.105404854544353293e+04
2.648624254545454804e+00 3.459951615045609651e+04
2.646502969696970187e+00 2.732970613617248819e+04
2.644381684848485126e+00 1.849199731209941092e+04
2.639620499699700140e+00 3.470042180410206129e+03
2.636980599399398884e+00 2.674176875724776892e+03
2.634340699099098959e+00 2.289356097082230008e+03
2.631700798798799035e+00 2.217235127129208195e+03
2.629060898498499110e+00 2.208418064866375971e+03
2.626420998198197854e+00 2.207501545892425838e+03
2.623781097897897929e+00 2.207422561713211962e+03
2.621141197597598005e+00 2.207431760730699807e+03
2.618501297297297192e+00 2.207450251014052810e+03
2.615861396996996824e+00 2.207469710901660164e+03
2.613221496696696899e+00 2.207489263964338988e+03
2.610581596396396975e+00 2.207508817672758141e+03
2.607941696096096162e+00 2.207528362526223191e+03
2.605301795795795794e+00 2.207547898184381211e+03
2.602661895495494981e+00 2.207567425560047923e+03
2.600021995195195057e+00 2.207586945961525998e+03
2.597382094894895133e+00 2.207606460982534827e+03
2.594742194594595208e+00 2.207625972467264091e+03
2.592102294294293952e+00 2.207645482472203184e+03
2.589462393993994027e+00 2.207664993222229896e+03
2.586822493693694103e+00 2.207684507062645025e+03
2.584182593393392846e+00 2.207704026408111076e+03
2.581542693093092922e+00 2.207723553684238141e+03
2.578902792792792997e+00 2.207743091275784991e+03
2.576262892492493073e+00 2.207762641472630094e+03
2.573622992192191816e+00 2.207782206423056778e+03
2.570983091891891892e+00 2.207801788089479942e+03
2.568343191591591967e+00 2.207821388214033050e+03
2.565703291291291155e+00 2.207841008290376067e+03
2.563063390990990786e+00 2.207860649544260923e+03
2.560423490690690862e+00 2.207880312924271948e+03
2.557783590390390049e+00 2.207899999097997807e+03
2.555143690090090125e+00 2.207919708462802191e+03
2.552503789789790201e+00 2.207939441161175182e+03
2.549863889489488944e+00 2.207959197107124965e+03
2.547223989189189020e+00 2.207978976018208868e+03
2.544584088888889095e+00 2.207998777457575216e+03
2.541944188588589171e+00 2.208018600873956984e+03
2.539304288288287914e+00 2.208038445635992957e+03
2.536664387987987990e+00 2.208058311045208029e+03
2.534024487687688065e+00 2.208078196318423124e+03
2.531384587387386809e+00 2.208098100532954049e+03
2.528744687087086884e+00 2.208118022459579151e+03
2.526104786786786960e+00 2.208137960040964117e+03
2.523464886486487035e+00 2.208157911502042225e+03
2.520824986186185779e+00 2.208177875409413900e+03
2.518185085885885854e+00 2.208197850338861826e+03
2.515545185585585042e+00 2.208217834613411014e+03
2.512905285285285117e+00 2.208237826208031038e+03
2.510265384984985193e+00 2.208257823202623058e+03
2.507625484684683936e+00 2.208277824742549001e+03
2.504985584384384012e+00 2.208297830121777224e+03
2.502345684084084088e+00 2.208317838320146166e+03
2.499705783783784163e+00 2.208337848458051212e+03
2.497065883483482907e+00 2.208357859835733052e+03
2.494425983183182982e+00 2.208377871949855944e+03
2.491786082882883058e+00 2.208397884516200065e+03
2.489146182582583133e+00 2.208417897477451788e+03
2.486506282282281877e+00 2.208437911007883031e+03
2.483866381981981952e+00 2.208457925506485935e+03
2.481226481681682028e+00 2.208477941584381824e+03
2.478586581381381215e+00 2.208497960042549039e+03
2.475946681081080847e+00 2.208517981842067002e+03
2.473306780780780034e+00 2.208538008071214790e+03
2.470666880480480110e+00 2.208558039907633884e+03
2.468026980180180185e+00 2.208578078580795136e+03
2.465387079879879817e+00 2.208598125335803161e+03
2.462747179579579004e+00 2.208618181401605852e+03
2.460107279279279080e+00 2.208638247964965103e+03
2.457467378978979156e+00 2.208658326148743981e+03
2.454827478678678787e+00 2.208678417001519847e+03
2.452187578378377975e+00 2.208698521488015103e+03
2.449547678078078050e+00 2.208718640486763888e+03
2.446907777777778126e+00 2.208738774793194807e+03
2.444267877477476869e+00 2.208758925120112053e+03
2.441627977177176945e+00 2.208779092102743107e+03
2.438988076876877020e+00 2.208799276295279924e+03
2.436348176576577096e+00 2.208819478168949900e+03
2.433708276276275839e+00 2.208839698101042814e+03
2.431068375975975915e+00 2.208859936359408948e+03
2.428428475675675990e+00 2.208880193080491154e+03
2.425788575375375178e+00 2.208900468245015873e+03
2.423148675075074809e+00 2.208920761647569179e+03
2.420508774774773997e+00 2.208941072874256861e+03
2.417868874474474961e+00 2.208961401278068024e+03
2.415228974174174148e+00 2.208981745968501855e+03
2.412589073873873780e+00 2.209002105811900037e+03
2.409949173573572967e+00 2.209022479443372049e+03
2.407309273273273043e+00 2.209042865296195032e+03
2.404669372972973118e+00 2.209063261645197144e+03
2.402029472672671861e+00 2.209083666662229007e+03
2.399389572372371937e+00 2.209104078477399071e+03
2.396749672072072013e+00 2.209124495249610845e+03
2.394109771771772088e+00 2.209144915233208849e+03
2.391469871471470832e+00 2.209165336844965168e+03
2.388829971171170907e+00 2.209185758720294871e+03
2.386190070870870983e+00 2.209206179762597912e+03
2.383550170570571058e+00 2.209226599181500205e+03
2.380910270270269802e+00 2.209247016520058878e+03
2.378270369969969877e+00 2.209267431665456115e+03
2.375630469669669953e+00 2.209287844852727176e+03
2.372990569369369140e+00 2.209308256653048829e+03
2.370350669069069216e+00 2.209328667956815025e+03
2.367710768768767959e+00 2.209349079959046776e+03
2.365070868468468035e+00 2.209369494145093086e+03
2.362430968168168111e+00 2.209389912273355094e+03
2.359791067867868186e+00 2.209410336294252829e+03
2.357151167567566930e+00 2.209430768181146959e+03
2.354511267267267005e+00 2.209451210006996007e+03
2.351871366966967081e+00 2.209471664633426826e+03
2.349231466666665824e+00 2.209492131628052903e+03
2.346591566366365900e+00 2.209512614870397101e+03
2.343951666066065975e+00 2.209533116830772997e+03
2.341311765765766051e+00 2.209553639803552869e+03
2.338671865465464794e+00 2.209574185977160141e+03
2.336031965165164870e+00 2.209594757412003219e+03
2.333392064864864945e+00 2.209615355999872918e+03
2.330752164564564133e+00 2.209635983417188072e+03
2.328112264264264208e+00 2.209656641077224776e+03
2.325472363963963840e+00 2.209677330080311094e+03
2.322832463663663027e+00 2.209698051166643836e+03
2.320192563363363103e+00 2.209718804673700106e+03
2.317552663063063179e+00 2.209739590502702868e+03
2.314912762762761922e+00 2.209760408099382857e+03
2.312272862462461998e+00 2.209781256443152870e+03
2.309632962162162073e+00 2.209802134057973944e+03
2.306993061861862149e+00 2.209823039036503815e+03
2.304353161561560892e+00 2.209843969099981223e+03
2.301713261261260968e+00 2.209864921705443066e+03
2.299073360960961043e+00 2.209885893924657921e+03
2.296433460660659787e+00 2.209906882732926988e+03
2.293793560360359862e+00 2.209927884961417021e+03
2.291153660060059938e+00 2.209948896797092857e+03
2.288513759759760013e+00 2.209969913939261914e+03
2.285873859459459201e+00 2.209990937411870163e+03
2.283233959159158832e+00 2.210011962344016865e+03
2.280594058858858020e+00 2.210032985992646900e+03
2.277954158558558984e+00 2.210054005991009035e+03
2.275314258258258171e+00 2.210075020261564987e+03
2.272674357957957803e+00 2.210096027010877151e+03
2.270034457657656990e+00 2.210117024733569906e+03
2.267394557357357066e+00 2.210138012217078995e+03
2.264754657057057141e+00 2.210158988549123023e+03
2.262114756756755884e+00 2.210179953132987976e+03
2.259474856456455960e+00 2.210200905707561105e+03
2.256834956156156036e+00 2.210221846377492056e+03
2.254195055855856111e+00 2.210242775644630910e+03
2.251555155555554855e+00 2.210263694445998226e+03
2.248915255255254930e+00 2.210284604178670179e+03
2.246275354954955006e+00 2.210305506711245016e+03
2.243635454654654193e+00 2.210326404285854096e+03
2.240995554354353825e+00 2.210347297342091224e+03
2.238355654054053900e+00 2.210368193357568998e+03
2.235715753753753976e+00 2.210389094823980940e+03
2.233075853453453163e+00 2.210410005093650852e+03
2.230435953153152795e+00 2.210430928286692051e+03
2.227796052852851982e+00 2.210451868708355050e+03
2.225156152552552058e+00 2.210472830714042175e+03
2.222516252252252134e+00 2.210493818609108075e+03
2.219876351951952209e+00 2.210514836550962173e+03
2.217236451651650952e+00 2.210535888455031909e+03
2.214596551351351028e+00 2.210556977906484917e+03
2.211956651051051104e+00 2.210578108080811944e+03
2.209316750750749847e+00 2.210599281676511964e+03
2.206676850450449923e+00 2.210620500857366096e+03
2.204036950150149998e+00 2.210641767216610788e+03
2.201397049849850074e+00 2.210663081705880813e+03
2.198757149549548817e+00 2.210684444445299050e+03
2.196117249249248893e+00 2.210705854412373810e+03
2.193477348948948968e+00 2.210727309663981032e+03
2.190837448648648156e+00 2.210748808817675126e+03
2.188197548348347787e+00 2.210770350551276806e+03
2.185557648048047863e+00 2.210791932161062959e+03
2.182917747747747050e+00 2.210813550377497904e+03
2.180277847447447126e+00 2.210835201415527990e+03
2.177637947147147202e+00 2.210856881023459209e+03
2.174998046846845945e+00 2.210878584546369893e+03
2.172358146546546021e+00 2.210900306983888186e+03
2.169718246246246096e+00 2.210922043066582773e+03
2.167078345945946172e+00 2.210943787462486853e+03
2.164438445645644915e+00 2.210965534963464961e+03
2.161798545345344991e+00 2.210987280072883095e+03
2.159158645045045066e+00 2.211009017928246976e+03
2.156518744744743810e+00 2.211030743957976938e+03
2.153878844444443885e+00 2.211052454123910138e+03
2.151238944144143961e+00 2.211074145033996047e+03
2.148599043843844036e+00 2.211095814034921204e+03
2.145959143543542780e+00 2.211117459281133051e+03
2.143319243243242855e+00 2.211139079775693972e+03
2.140679342942942043e+00 2.211160675383990110e+03
2.138039442642643007e+00 2.211182246814057180e+03
2.135399542342342194e+00 2.211203795577826895e+03
2.132759642042041826e+00 2.211225323928358193e+03
2.130119741741741013e+00 2.211246834782411952e+03
2.127479841441441089e+00 2.211268331639197186e+03
2.124839941141141164e+00 2.211289818496556109e+03
2.122200040840839907e+00 2.211311299770990900e+03
2.119560140540539983e+00 2.211332780222297970e+03
2.116920240240240059e+00 2.211354264885371776e+03
2.114280339939940134e+00 2.211375759004501106e+03
2.111640439639638878e+00 2.211397267964197908e+03
2.109000539339338953e+00 2.211418797218047985e+03
2.106360639039039029e+00 2.211440352204990177e+03
2.103720738738739104e+00 2.211461938259995804e+03
2.101080838438437848e+00 2.211483560509056133e+03
2.098440938138137923e+00 2.211505223762265814e+03
2.095801037837837999e+00 2.211526932403417959e+03
2.093161137537537186e+00 2.211548690278159029e+03
2.090521237237236818e+00 2.211570500594516034e+03
2.087881336936936005e+00 2.211592365833927033e+03
2.085241436636636081e+00 2.211614287677120046e+03
2.082601536336336157e+00 2.211636266954320035e+03
2.079961636036035788e+00 2.211658303616715784e+03
2.077321735735734975e+00 2.211680396731294877e+03
2.074681835435435051e+00 2.211702544502134970e+03
2.072041935135135127e+00 2.211724744314300096e+03
2.069402034834833870e+00 2.211746992801055057e+03
2.066762134534533946e+00 2.211769285923585812e+03
2.064122234234234021e+00 2.211791619069691023e+03
2.061482333933934097e+00 2.211813987158716827e+03
2.058842433633632840e+00 2.211836384749170065e+03
2.056202533333332916e+00 2.211858806149475186e+03
2.053562633033032991e+00 2.211881245524361020e+03
2.050922732732732179e+00 2.211903696996098006e+03
2.048282832432431810e+00 2.211926154743839106e+03
2.045642932132131886e+00 2.211948613099541944e+03
2.043003031831831962e+00 2.211971066652376066e+03
2.040363131531531149e+00 2.211993510358569893e+03
2.037723231231230780e+00 2.212015939587615776e+03
2.035083330930929968e+00 2.212038349934785856e+03
2.032443430630630044e+00 2.212060736847403859e+03
2.029803530330330119e+00 2.212083096464285973e+03
2.027163630030030195e+00 2.212105428676014071e+03
2.024523729729728938e+00 2.212127733072754836e+03
2.021883829429429014e+00 2.212150010075493810e+03
2.019243929129129089e+00 2.212172261164495922e+03
2.016604028828827833e+00 2.212194488864422965e+03
2.013964128528527908e+00 2.212216696690758909e+03
2.011324228228227984e+00 2.212238889062460203e+03
2.008684327927928059e+00 2.212261071179735154e+03
2.006044427627626803e+00 2.212283248880520205e+03
2.003404527327326878e+00 2.212305428470681818e+03
2.000764627027026954e+00 2.212327616535979814e+03
1.998124726726725919e+00 2.212349819825401028e+03
1.995484826426425995e+00 2.212372044972369167e+03
1.992844926126126071e+00 2.212394298408919894e+03
1.990205025825825036e+00 2.212416586216093037e+03
1.987565125525524889e+00 2.212438914007141193e+03
1.984925225225224965e+00 2.212461286836316049e+03
1.982285324924923930e+00 2.212483709133114189e+03
1.979645424624624006e+00 2.212506184653198943e+03
1.977005524324324082e+00 2.212528716448203795e+03
1.974365624024023047e+00 2.212551306848688000e+03
1.971725723723722901e+00 2.212573957433457963e+03
1.969085823423422976e+00 2.212596668965783920e+03
1.966445923123123052e+00 2.212619441243558867e+03
1.963806022822822017e+00 2.212642272802782827e+03
1.961166122522522093e+00 2.212665160359033052e+03
1.958526222222221946e+00 2.212688099194473125e+03
1.955886321921920912e+00 2.212711084895607200e+03
1.953246421621620987e+00 2.212734112672102128e+03
1.950606521321321063e+00 2.212757177118687196e+03
1.947966621021020028e+00 2.212780272418011918e+03
1.945326720720720104e+00 2.212803392495618027e+03
1.942686820420419958e+00 2.212826531183253792e+03
1.940046920120120033e+00 2.212849682378443958e+03
1.937407019819818998e+00 2.212872840201485815e+03
1.934767119519519074e+00 2.212895999139109790e+03
1.932127219219218928e+00 2.212919154170056117e+03
1.929487318918917893e+00 2.212942300873747172e+03
1.926847418618617969e+00 2.212965435516232901e+03
1.924207518318318044e+00 2.212988555117129181e+03
1.921567618018017898e+00 2.213011657500192086e+03
1.918927717717717085e+00 2.213034741328570817e+03
1.916287817417416939e+00 2.213057806129002984e+03
1.913647917117117014e+00 2.213080852304140990e+03
1.911008016816815980e+00 2.213103881135520169e+03
1.908368116516516055e+00 2.213126894775229175e+03
1.905728216216215909e+00 2.213149896218376853e+03
1.903088315915915985e+00 2.213172889259968997e+03
1.900448415615614950e+00 2.213195878429376990e+03
1.897808515315315026e+00 2.213218868898807159e+03
1.895168615015013991e+00 2.213241866366387057e+03
1.892528714714714067e+00 2.213264876916963203e+03
1.889888814414413920e+00 2.213287906856129212e+03
1.887248914114113996e+00 2.213310962529037170e+03
1.884609013813812961e+00 2.213334050126337843e+03
1.881969113513513037e+00 2.213357175485210064e+03
1.879329213213212890e+00 2.213380343900502794e+03
1.876689312912912078e+00 2.213403559963167936e+03
1.874049412612611931e+00 2.213426827404518008e+03
1.871409512312312007e+00 2.213450148841250211e+03
1.868769612012010972e+00 2.213473525248909027e+03
1.866129711711711048e+00 2.213496955786802118e+03
1.863489811411410901e+00 2.213520439937522042e+03
1.860849911111110977e+00 2.213543978091981899e+03
1.858210010810809942e+00 2.213567568399761967e+03
1.855570110510510018e+00 2.213591208230644042e+03
1.852930210210210094e+00 2.213614894279107830e+03
1.850290309909909059e+00 2.213638622653057155e+03
1.847650409609608912e+00 2.213662388969542917e+03
1.845010509309308988e+00 2.213686188465437226e+03
1.842370609009007953e+00 2.213710016118019212e+03
1.839730708708708029e+00 2.213733866767368909e+03
1.837090808408408105e+00 2.213757735259082892e+03
1.834450908108107958e+00 2.213781616577678960e+03
1.831811007807806924e+00 2.213805505986230855e+03
1.829171107507506999e+00 2.213829399159782042e+03
1.826531207207207075e+00 2.213853292320268793e+03
1.823891306906906040e+00 2.213877182338590046e+03
1.821251406606605894e+00 2.213901066812629779e+03
1.818611506306305969e+00 2.213924944213893014e+03
1.815971606006006045e+00 2.213948813789752876e+03
1.813331705705705010e+00 2.213972675700470063e+03
1.810691805405405086e+00 2.213996530898496985e+03
1.808051905105104051e+00 2.214020381176595947e+03
1.805412004804803905e+00 2.214044229024682863e+03
1.802772104504503980e+00 2.214068077571399954e+03
1.800132204204204056e+00 2.214091930488966227e+03
1.797492303903903021e+00 2.214115791894524136e+03
1.794852403603603097e+00 2.214139666249276161e+03
1.792212503303302951e+00 2.214163558255389944e+03
1.789572603003001916e+00 2.214187472753128986e+03
1.786932702702701992e+00 2.214211414608552786e+03
1.784292802402402067e+00 2.214235388593214793e+03
1.781652902102101033e+00 2.214259399259316979e+03
1.779013001801801108e+00 2.214283450800925038e+03
1.776373101501500962e+00 2.214307546911312784e+03
1.773733201201201037e+00 2.214331690642678950e+03
1.771093300900900003e+00 2.214355884276696997e+03
1.768453400600600078e+00 2.214380129210708219e+03
1.765813500300299044e+00 2.214404425883784825e+03
1.763173599999998897e+00 2.214428773739875851e+03
1.760533699699698973e+00 2.214453171240874781e+03
1.757893799399399049e+00 2.214477615933335983e+03
1.755253899099098014e+00 2.214502104559216150e+03
1.752613998798798089e+00 2.214526633202890935e+03
1.749974098498497943e+00 2.214551197467872953e+03
1.747334198198196908e+00 2.214575792661214109e+03
1.744694297897896984e+00 2.214600413978612778e+03
1.742054397597597060e+00 2.214625056681219121e+03
1.739414497297296913e+00 2.214649716256079046e+03
1.736774596996996101e+00 2.214674388560340958e+03
1.734134696696695954e+00 2.214699069945836072e+03
1.731494796396396030e+00 2.214723757365913116e+03
1.728854896096094995e+00 2.214748448463331897e+03
1.726214995795795071e+00 2.214773141637260778e+03
1.723575095495494924e+00 2.214797836090047895e+03
1.720935195195195000e+00 2.214822531852499196e+03
1.718295294894893965e+00 2.214847229785728814e+03
1.715655394594594041e+00 2.214871931549436795e+03
1.713015494294293894e+00 2.214896639529362801e+03
1.710375593993993082e+00 2.214921356759416994e+03
1.707735693693692935e+00 2.214946086869048031e+03
1.705095793393393011e+00 2.214970833735867927e+03
1.702455893093091976e+00 2.214995601202349008e+03
1.699815992792792052e+00 2.215020391887357164e+03
1.697176092492491906e+00 2.215045207488694814e+03
1.694536192192191093e+00 2.215070054553823866e+03
1.691896291891890947e+00 2.215094937324944112e+03
1.689256391591591022e+00 2.215119859429184999e+03
1.686616491291289988e+00 2.215144824054676974e+03
1.683976590990990063e+00 2.215169833875635959e+03
1.681336690690689917e+00 2.215194890994581783e+03
1.678696790390389992e+00 2.215219996897063993e+03
1.676056890090088958e+00 2.215245152418990983e+03
1.673416989789789033e+00 2.215270357717090974e+03
1.670777089489489109e+00 2.215295612243904998e+03
1.668137189189188963e+00 2.215320914730741151e+03
1.665497288888887928e+00 2.215346263177967103e+03
1.662857388588588003e+00 2.215371654864170978e+03
1.660217488288286969e+00 2.215397086386610226e+03
1.657577587987987044e+00 2.215422553738183979e+03
1.654937687687686898e+00 2.215448052427459970e+03
1.652297787387386974e+00 2.215473577644596844e+03
1.649657887087085939e+00 2.215499124465232853e+03
1.647017986786786015e+00 2.215524688076308848e+03
1.644378086486486090e+00 2.215550264011626041e+03
1.641738186186185056e+00 2.215575848376015074e+03
1.639098285885884909e+00 2.215601438038394008e+03
1.636458385585584985e+00 2.215627030783918144e+03
1.633818485285285060e+00 2.215652625420163986e+03
1.631178584984984026e+00 2.215678221831973133e+03
1.628538684684684101e+00 2.215703820983881997e+03
1.625898784384383955e+00 2.215729424884419132e+03
1.623258884084082920e+00 2.215755036501784161e+03
1.620618983783782996e+00 2.215780659643070067e+03
1.617979083483483072e+00 2.215806298804131075e+03
1.615339183183182037e+00 2.215831958990635940e+03
1.612699282882881890e+00 2.215857645523096835e+03
1.610059382582581966e+00 2.215883363830898816e+03
1.607419482282282042e+00 2.215909119246293812e+03
1.604779581981981007e+00 2.215934916806590991e+03
1.602139681681681083e+00 2.215960761070165063e+03
1.599499781381380048e+00 2.215986655956441155e+03
1.596859881081079902e+00 2.216012604614043084e+03
1.594219980780779977e+00 2.216038609320810792e+03
1.591580080480480053e+00 2.216064671420756895e+03
1.588940180180179018e+00 2.216090791293459006e+03
1.586300279879879094e+00 2.216116968338911192e+03
1.583660379579578947e+00 2.216143201063299784e+03
1.581020479279277913e+00 2.216169487155430033e+03
1.578380578978977988e+00 2.216195823583067067e+03
1.575740678678678064e+00 2.216222206711624949e+03
1.573100778378377029e+00 2.216248632433732837e+03
1.570460878078077105e+00 2.216275096293515162e+03
1.567820977777776958e+00 2.216301593610025975e+03
1.565181077477477034e+00 2.216328119594405962e+03
1.562541177177175999e+00 2.216354669469048986e+03
1.559901276876876075e+00 2.216381238589240184e+03
1.557261376576575929e+00 2.216407822584621954e+03
1.554621476276274894e+00 2.216434417523663797e+03
1.551981575975974970e+00 2.216461020095138792e+03
1.549341675675675045e+00 2.216487627804764998e+03
1.546701775375374899e+00 2.216514239165365780e+03
1.544061875075074086e+00 2.216540853848484858e+03
1.541421974774773940e+00 2.216567472784783149e+03
1.538782074474474015e+00 2.216594098189571014e+03
1.536142174174172981e+00 2.216620733489928170e+03
1.533502273873873056e+00 2.216647382952454791e+03
1.530862373573572910e+00 2.216674050581868869e+03
1.528222473273272097e+00 2.216700739406303001e+03
1.525582572972971951e+00 2.216727456568612979e+03
1.522942672672672026e+00 2.216754210736823097e+03
1.520302772372370992e+00 2.216781009026353786e+03
1.517662872072071067e+00 2.216807858262689933e+03
1.515022971771770921e+00 2.216834764706944952e+03
1.512383071471470997e+00 2.216861733777036079e+03
1.509743171171169962e+00 2.216888769802550996e+03
1.507103270870870038e+00 2.216915875821810914e+03
1.504463370570569891e+00 2.216943053440289987e+03
1.501823470270269079e+00 2.216970302748150061e+03
1.499183569969968932e+00 2.216997622312504973e+03
1.496543669669669008e+00 2.217025009238574057e+03
1.493903769369367973e+00 2.217052459303712112e+03
1.491263869069068049e+00 2.217079967159415901e+03
1.488623968768767902e+00 2.217107526579291971e+03
1.485984068468467978e+00 2.217135130742055026e+03
1.483344168168166943e+00 2.217162772551843773e+03
1.480704267867867019e+00 2.217190444939420104e+03
1.478064367567567094e+00 2.217218141161955828e+03
1.475424467267266948e+00 2.217245855062581086e+03
1.472784566966965913e+00 2.217273581285683122e+03
1.470144666666665989e+00 2.217301315442171926e+03
1.467504766366364954e+00 2.217329054233232910e+03
1.464864866066065030e+00 2.217356795531272837e+03
1.462224965765765106e+00 2.217384538435806007e+03
1.459585065465464959e+00 2.217412283308639871e+03
1.456945165165163925e+00 2.217440031796892981e+03
1.454305264864864000e+00 2.217467786836241885e+03
1.451665364564564076e+00 2.217495552632286035e+03
1.449025464264263041e+00 2.217523334604987213e+03
1.446385563963962895e+00 2.217551139289771982e+03
1.443745663663662970e+00 2.217578974191473208e+03
1.441105763363361936e+00 2.217606847599263801e+03
1.438465863063062011e+00 2.217634768359952886e+03
1.435825962762762087e+00 2.217662745594608168e+03
1.433186062462461052e+00 2.217690788297959898e+03
1.430546162162160906e+00 2.217718904700428993e+03
1.427906261861860981e+00 2.217747101183651921e+03
1.425266361561561057e+00 2.217775380475246948e+03
1.422626461261260022e+00 2.217803742836083984e+03
1.419986560960960098e+00 2.217832188646848863e+03
1.417346660660659952e+00 2.217860717079814094e+03
1.414706760360358917e+00 2.217889325324526908e+03
1.412066860060058993e+00 2.217918008777226078e+03
1.409426959759759068e+00 2.217946761232185054e+03
1.406787059459458034e+00 2.217975575152986039e+03
1.404147159159158109e+00 2.218004442016694156e+03
1.401507258858857963e+00 2.218033352718147853e+03
1.398867358558558038e+00 2.218062298015784108e+03
1.396227458258257004e+00 2.218091268993218819e+03
1.393587557957957079e+00 2.218120257503458106e+03
1.390947657657656933e+00 2.218149256577847154e+03
1.388307757357357008e+00 2.218178260763810158e+03
1.385667857057055974e+00 2.218207266377939050e+03
1.383027956756756049e+00 2.218236271657055113e+03
1.380388056456455015e+00 2.218265276809846000e+03
1.377748156156155090e+00 2.218294283968788932e+03
1.375108255855854944e+00 2.218323297059510878e+03
1.372468355555555020e+00 2.218352321598748858e+03
1.369828455255253985e+00 2.218381364443243001e+03
1.367188554954954061e+00 2.218410433526165889e+03
1.364548654654653914e+00 2.218439537631932126e+03
1.361908754354353990e+00 2.218468686133734082e+03
1.359268854054052955e+00 2.218497888172340936e+03
1.356628953753753031e+00 2.218527151671837146e+03
1.353989053453451996e+00 2.218556487129807010e+03
1.351349153153152072e+00 2.218585902310830988e+03
1.348709252852851925e+00 2.218615403061307006e+03
1.346069352552552001e+00 2.218644994352638150e+03
1.343429452252250966e+00 2.218674679335672863e+03
1.340789551951951042e+00 2.218704459107165803e+03
1.338149651651650895e+00 2.218734332600558901e+03
1.335509751351350083e+00 2.218764296580211976e+03
1.332869851051049936e+00 2.218794345743818212e+03
1.330229950750750012e+00 2.218824472931232776e+03
1.327590050450448977e+00 2.218854669434469997e+03
1.324950150150149053e+00 2.218884925397072038e+03
1.322310249849848907e+00 2.218915230286327187e+03
1.319670349549548094e+00 2.218945573417182004e+03
1.317030449249247948e+00 2.218975944503193205e+03
1.314390548948948023e+00 2.219006334201449135e+03
1.311750648648646989e+00 2.219036734626594807e+03
1.309110748348347064e+00 2.219067139798336029e+03
1.306470848048046918e+00 2.219097545991322022e+03
1.303830947747746993e+00 2.219127951964892873e+03
1.301191047447445959e+00 2.219158359051704792e+03
1.298551147147146034e+00 2.219188771096729852e+03
1.295911246846845000e+00 2.219219194251601948e+03
1.293271346546545075e+00 2.219249636641935012e+03
1.290631446246244929e+00 2.219280107935207980e+03
1.287991545945945004e+00 2.219310618844690907e+03
1.285351645645645080e+00 2.219341180607617844e+03
1.282711745345344045e+00 2.219371804466636149e+03
1.280071845045043899e+00 2.219402501179919909e+03
1.277431944744743975e+00 2.219433280567559905e+03
1.274792044444442940e+00 2.219464151105706151e+03
1.272152144144143016e+00 2.219495119561579941e+03
1.269512243843841981e+00 2.219526190685382062e+03
1.266872343543542057e+00 2.219557366981041014e+03
1.264232443243241910e+00 2.219588648529394050e+03
1.261592542942941986e+00 2.219620032968492978e+03
1.258952642642640951e+00 2.219651515550177010e+03
1.256312742342341027e+00 2.219683089339615890e+03
1.253672842042041102e+00 2.219714745524816863e+03
1.251032941741740956e+00 2.219746473831378808e+03
1.248393041441439921e+00 2.219778263024647913e+03
1.245753141141139997e+00 2.219810101472758106e+03
1.243113240840838962e+00 2.219841977749560101e+03
1.240473340540539038e+00 2.219873881248207908e+03
1.237833440240238891e+00 2.219905802770823811e+03
1.235193539939938079e+00 2.219937735068428083e+03
1.232553639639637932e+00 2.219969673291995150e+03
1.229913739339338008e+00 2.220001615329152173e+03
1.227273839039038084e+00 2.220033561997800007e+03
1.224633938738737049e+00 2.220065517072783223e+03
1.221994038438436903e+00 2.220097487138878023e+03
1.219354138138136978e+00 2.220129481268792915e+03
1.216714237837837054e+00 2.220161510534981971e+03
1.214074337537536019e+00 2.220193587397962801e+03
1.211434437237236095e+00 2.220225725003707794e+03
1.208794536936935948e+00 2.220257936452521790e+03
1.206154636636634914e+00 2.220290234099260033e+03
1.203514736336334989e+00 2.220322628934014119e+03
1.200874836036035065e+00 2.220355130078437014e+03
1.198234935735734030e+00 2.220387744415709221e+03
1.195595035435434106e+00 2.220420476332286853e+03
1.192955135135133959e+00 2.220453327548187190e+03
1.190315234834832925e+00 2.220486296995314206e+03
1.187675334534533000e+00 2.220519380480237032e+03
1.185035434234233076e+00 2.220552569100540950e+03
1.182395533933932041e+00 2.220585847155888132e+03
1.179755633633631895e+00 2.220619203876417032e+03
1.177115733333331971e+00 2.220652630117398985e+03
1.174475833033032046e+00 2.220686113631728858e+03
1.171835932732731012e+00 2.220719642479653885e+03
1.169196032432431087e+00 2.220753205753268958e+03
1.166556132132130053e+00 2.220786794224412915e+03
1.163916231831829906e+00 2.220820400913935828e+03
1.161276331531529982e+00 2.220854021547434058e+03
1.158636431231230057e+00 2.220887654865623972e+03
1.155996530930929023e+00 2.220921302772379022e+03
1.153356630630629098e+00 2.220954970296371812e+03
1.150716730330328952e+00 2.220988665367115118e+03
1.148076830030029027e+00 2.221022398405457807e+03
1.145436929729727993e+00 2.221056181748089784e+03
1.142797029429428068e+00 2.221090028934937891e+03
1.140157129129127922e+00 2.221123953898213131e+03
1.137517228828827998e+00 2.221157970109205053e+03
1.134877328528526963e+00 2.221192089740579831e+03
1.132237428228227039e+00 2.221226322902347874e+03
1.129597527927926892e+00 2.221260677018019123e+03
1.126957627627626080e+00 2.221295156382224832e+03
1.124317727327325933e+00 2.221329761928979224e+03
1.121677827027024898e+00 2.221364491229371197e+03
1.119037926726724974e+00 2.221399338699971850e+03
1.116398026426425050e+00 2.221434295999602000e+03
1.113758126126124903e+00 2.221469352585123943e+03
1.111118225825824091e+00 2.221504496384045069e+03
1.108478325525523944e+00 2.221539714551258839e+03
1.105838425225224020e+00 2.221574994268947194e+03
1.103198524924922985e+00 2.221610323555963078e+03
1.100558624624623061e+00 2.221645692030308965e+03
1.097918724324322914e+00 2.221681091584673140e+03
1.095278824024022102e+00 2.221716516924263033e+03
1.092638923723721955e+00 2.221751965932471194e+03
1.089999023423422031e+00 2.221787439838746195e+03
1.087359123123120996e+00 2.221822943176511217e+03
1.084719222822821072e+00 2.221858483531481852e+03
1.082079322522520926e+00 2.221894071100519795e+03
1.079439422222221001e+00 2.221929718081580177e+03
1.076799521921919967e+00 2.221965437936319177e+03
1.074159621621620042e+00 2.222001244560923169e+03
1.071519721321319896e+00 2.222037151416740016e+03
1.068879821021019971e+00 2.222073170666206806e+03
1.066239920720718937e+00 2.222109312368690098e+03
1.063600020420419012e+00 2.222145583789983903e+03
1.060960120120119088e+00 2.222181988884322891e+03
1.058320219819818053e+00 2.222218527994823035e+03
1.055680319519517907e+00 2.222255197806147862e+03
1.053040419219217982e+00 2.222291991575797056e+03
1.050400518918916948e+00 2.222328899624778842e+03
1.047760618618617023e+00 2.222365910052412801e+03
1.045120718318317099e+00 2.222403009634843784e+03
1.042480818018016953e+00 2.222440184814642180e+03
1.039840917717715918e+00 2.222477422716549881e+03
1.037201017417415994e+00 2.222514712115855218e+03
1.034561117117114959e+00 2.222552044297508928e+03
1.031921216816815035e+00 2.222589413720294942e+03
1.029281316516515110e+00 2.222626818337307213e+03
1.026641416216214964e+00 2.222664259703316930e+03
1.024001515915913929e+00 2.222701743529195028e+03
1.021361615615614005e+00 2.222739279294493826e+03
1.018721715315314080e+00 2.222776879678701789e+03
1.016081815015013046e+00 2.222814559699364963e+03
1.013441914714712899e+00 2.222852335290886913e+03
1.010802014414412975e+00 2.222890220083937038e+03
1.008162114114111940e+00 2.222928219752966015e+03
1.005522213813812016e+00 2.222966342186668044e+03
1.002882313513512091e+00 2.223004601910368820e+03
1.000242413213211945e+00 2.223043004836196815e+03
9.976025129129113544e-01 2.223081553014073961e+03
9.949626126126112080e-01 2.223120244548983919e+03
9.923227123123106175e-01 2.223159073739233008e+03
9.896828120120104710e-01 2.223198031502335198e+03
9.870429117117101026e-01 2.223237106067253990e+03
9.844030114114099561e-01 2.223276283882382813e+03
9.817631111111095876e-01 2.223315550681099012e+03
9.791232108108092191e-01 2.223354892628794005e+03
9.764833105105088507e-01 2.223394297472687867e+03
9.738434102102087042e-01 2.223433755626742823e+03
9.712035099099083357e-01 2.223473261120856932e+03
9.685636096096081893e-01 2.223512812373160159e+03
9.659237093093080428e-01 2.223552412733798064e+03
9.632838090090072303e-01 2.223592070713763860e+03
9.606439087087070838e-01 2.223631799694916026e+03
9.580040084084069374e-01 2.223671616712574178e+03
9.553641081081065689e-01 2.223711539511607953e+03
9.527242078078062004e-01 2.223751580742833994e+03
9.500843075075056099e-01 2.223791749044712105e+03
9.474444072072054635e-01 2.223832056184669909e+03
9.448045069069053170e-01 2.223872513875593086e+03
9.421646066066049485e-01 2.223913130066222038e+03
9.395247063063045800e-01 2.223953908532163041e+03
9.368848060060042116e-01 2.223994848603537775e+03
9.342449057057038431e-01 2.224035945232366885e+03
9.316050054054036966e-01 2.224077189428478960e+03
9.289651051051035502e-01 2.224118569035038036e+03
9.263252048048029597e-01 2.224160069785044016e+03
9.236853045045028132e-01 2.224201676555177073e+03
9.210454042042024447e-01 2.224243374710813896e+03
9.184055039039022983e-01 2.224285151431914073e+03
9.157656036036017078e-01 2.224326996899873848e+03
9.131257033033015613e-01 2.224368905240889035e+03
9.104858030030014149e-01 2.224410875142115856e+03
9.078459027027012684e-01 2.224452910074784995e+03
9.052060024024009000e-01 2.224495018101174992e+03
9.025661021021003094e-01 2.224537211275880964e+03
8.999262018018001630e-01 2.224579504681936214e+03
8.972863015015000165e-01 2.224621915186931801e+03
8.946464012011996481e-01 2.224664460018656882e+03
8.920065009008992796e-01 2.224707155287720980e+03
8.893666006005989111e-01 2.224750014588636986e+03
8.867267003002985426e-01 2.224793047807037055e+03
8.840867999999983962e-01 2.224836260242282151e+03
8.814468996996982497e-01 2.224879652138024994e+03
8.788069993993976592e-01 2.224923218666811863e+03
8.761670990990972907e-01 2.224966950382337927e+03
8.735271987987971443e-01 2.225010834110736141e+03
8.708872984984967758e-01 2.225054854205603988e+03
8.682473981981966293e-01 2.225098994059147117e+03
8.656074978978960388e-01 2.225143237733367187e+03
8.629675975975956703e-01 2.225187571564069003e+03
8.603276972972955239e-01 2.225231985589268788e+03
8.576877969969951554e-01 2.225276474678286831e+03
8.550478966966950090e-01 2.225321039254977222e+03
8.524079963963946405e-01 2.225365685562852832e+03
8.497680960960942720e-01 2.225410425448400019e+03
8.471281957957939035e-01 2.225455275658157007e+03
8.444882954954937571e-01 2.225500256657434875e+03
8.418483951951931665e-01 2.225545390945003874e+03
8.392084948948930201e-01 2.225590700640947034e+03
8.365685945945928736e-01 2.225636202725754174e+03
8.339286942942925052e-01 2.225681899129363956e+03
8.312887939939923587e-01 2.225727785967505042e+03
8.286488936936917682e-01 2.225773873912884028e+03
8.260089933933916218e-01 2.225820158755626835e+03
8.233690930930914753e-01 2.225866630752463152e+03
8.207291927927913289e-01 2.225913275800627162e+03
8.180892924924909604e-01 2.225960076955800105e+03
8.154493921921903699e-01 2.226007016262054094e+03
8.128094918918902234e-01 2.226054076719933164e+03
8.101695915915900770e-01 2.226101244192663216e+03
8.075296912912897085e-01 2.226148509042387104e+03
8.048897909909891180e-01 2.226195867321121113e+03
8.022498906906889715e-01 2.226243321374925927e+03
7.996099903903886030e-01 2.226290879785483867e+03
7.969700900900884566e-01 2.226338556640424031e+03
7.943301897897883102e-01 2.226386370198040822e+03
7.916902894894877196e-01 2.226434341074736039e+03
7.890503891891873511e-01 2.226482490146996952e+03
7.864104888888869827e-01 2.226530836388034004e+03
7.837705885885868362e-01 2.226579394874168884e+03
7.811306882882866898e-01 2.226628175189208832e+03
7.784907879879860992e-01 2.226677180408283220e+03
7.758508876876857308e-01 2.226726406793081878e+03
7.732109873873855843e-01 2.226775844249686998e+03
7.705710870870852158e-01 2.226825477511386907e+03
7.679311867867848473e-01 2.226875287940877115e+03
7.652912864864844789e-01 2.226925255754614227e+03
7.626513861861843324e-01 2.226975362426217089e+03
7.600114858858839639e-01 2.227025592996047180e+03
7.573715855855838175e-01 2.227075938009758829e+03
7.547316852852832270e-01 2.227126394844989136e+03
7.520917849849830805e-01 2.227176968260319882e+03
7.494518846846829341e-01 2.227227670080405005e+03
7.468119843843825656e-01 2.227278518034523131e+03
7.441720840840824192e-01 2.227329533870073192e+03
7.415321837837818286e-01 2.227380740945496200e+03
7.388922834834816822e-01 2.227432161582550179e+03
7.362523831831815357e-01 2.227483814498535139e+03
7.336124828828813893e-01 2.227535712624740881e+03
7.309725825825805767e-01 2.227587861592665831e+03
7.283326822822804303e-01 2.227640259094341218e+03
7.256927819819802838e-01 2.227692895212790972e+03
7.230528816816801374e-01 2.227745753713364138e+03
7.204129813813797689e-01 2.227798814157663855e+03
7.177730810810791784e-01 2.227852054593702178e+03
7.151331807807788099e-01 2.227905454497737992e+03
7.124932804804786635e-01 2.227958997594756056e+03
7.098533801801785170e-01 2.228012674188415986e+03
7.072134798798781485e-01 2.228066482687549069e+03
7.045735795795777801e-01 2.228120430107775974e+03
7.019336792792774116e-01 2.228174531453934833e+03
6.992937789789770431e-01 2.228228808028681215e+03
6.966538786786768966e-01 2.228283284863266999e+03
6.940139783783763061e-01 2.228337987592548870e+03
6.913740780780761597e-01 2.228392939192382983e+03
6.887341777777757912e-01 2.228448157021640782e+03
6.860942774774754227e-01 2.228503650596680018e+03
6.834543771771752763e-01 2.228559420451360893e+03
6.808144768768749078e-01 2.228615458321537972e+03
6.781745765765747613e-01 2.228671748724103054e+03
6.755346762762743928e-01 2.228728271802417112e+03
6.728947759759740244e-01 2.228785007067606784e+03
6.702548756756738779e-01 2.228841937375560974e+03
6.676149753753735094e-01 2.228899052081843820e+03
6.649750750750731410e-01 2.228956346674905035e+03
6.623351747747729945e-01 2.229013811035908930e+03
6.596952744744726260e-01 2.229071420539612063e+03
6.570553741741720355e-01 2.229129211485545966e+03
6.544154738738718891e-01 2.229187209206739226e+03
6.517755735735717426e-01 2.229245442298179114e+03
6.491356732732713741e-01 2.229303938854970966e+03
6.464957729729714497e-01 2.229362722467893036e+03
6.438558726726708592e-01 2.229421808766133836e+03
6.412159723723704907e-01 2.229481203098173864e+03
6.385760720720701222e-01 2.229540899866181917e+03
6.359361717717701978e-01 2.229600883888928820e+03
6.332962714714698294e-01 2.229661134021770067e+03
6.306563711711694609e-01 2.229721629051677155e+03
6.280164708708690924e-01 2.229782355168923004e+03
6.253765705705691680e-01 2.229843307674384960e+03
6.227366702702683554e-01 2.229904431909225877e+03
6.200967699699679869e-01 2.229965727869242983e+03
6.174568696696676184e-01 2.230027208100441840e+03
6.148169693693676940e-01 2.230088893151144930e+03
6.121770690690673256e-01 2.230150812170577865e+03
6.095371687687674012e-01 2.230212998982052795e+03
6.068972684684665886e-01 2.230275486755716884e+03
6.042573681681666642e-01 2.230338300079629789e+03
6.016174678678662957e-01 2.230401453014952949e+03
5.989775675675663713e-01 2.230464947908303202e+03
5.963376672672655587e-01 2.230528774135334061e+03
5.936977669669651902e-01 2.230592909908332786e+03
5.910578666666648218e-01 2.230657326518542959e+03
5.884179663663644533e-01 2.230721994383979109e+03
5.857780660660645289e-01 2.230786890131650125e+03
5.831381657657641604e-01 2.230852003483708813e+03
5.804982654654637919e-01 2.230917341800960003e+03
5.778583651651634234e-01 2.230982928497398007e+03
5.752184648648634990e-01 2.231048788648950904e+03
5.725785645645631305e-01 2.231114927779860864e+03
5.699386642642627621e-01 2.231181366303865161e+03
5.672987639639623936e-01 2.231248142291875865e+03
5.646588636636615810e-01 2.231315286239559100e+03
5.620189633633616566e-01 2.231382816526921033e+03
5.593790630630612881e-01 2.231450736214976132e+03
5.567391627627609196e-01 2.231519032437718124e+03
5.540992624624605511e-01 2.231587678677019085e+03
5.514593621621606268e-01 2.231656639561253087e+03
5.488194618618602583e-01 2.231725877323464829e+03
5.461795615615598898e-01 2.231795358698194832e+03
5.435396612612595213e-01 2.231865060900407116e+03
5.408997609609595969e-01 2.231934975424688218e+03
5.382598606606592284e-01 2.232005108803678922e+03
5.356199603603588599e-01 2.232075480385927222e+03
5.329800600600580474e-01 2.232146118605760876e+03
5.303401597597581230e-01 2.232217058596739207e+03
5.277002594594577545e-01 2.232288345238626789e+03
5.250603591591578301e-01 2.232360044157769153e+03
5.224204588588570175e-01 2.232432241676155172e+03
5.197805585585570931e-01 2.232504877001476871e+03
5.171406582582567246e-01 2.232577901356601160e+03
5.145007579579568002e-01 2.232651273211417902e+03
5.118608576576564317e-01 2.232724951908816820e+03
5.092209573573560633e-01 2.232798906433207776e+03
5.065810570570552507e-01 2.232873125029044786e+03
5.039411567567553263e-01 2.232947621832595814e+03
5.013012564564549578e-01 2.233022437536868892e+03
4.986613561561545893e-01 2.233097626197648879e+03
4.960214558558542208e-01 2.233173206780672899e+03
4.933815555555542964e-01 2.233249186651571108e+03
4.907416552552538724e-01 2.233325626759372881e+03
4.881017549549536150e-01 2.233402547566826797e+03
4.854618546546531910e-01 2.233479945991239219e+03
4.828219543543533221e-01 2.233557796289980161e+03
4.801820540540528981e-01 2.233636055997354106e+03
4.775421537537520855e-01 2.233714675878696198e+03
4.749022534534522166e-01 2.233793611817102828e+03
4.722623531531517926e-01 2.233872835921994010e+03
4.696224528528514242e-01 2.233952344206561975e+03
4.669825525525511112e-01 2.234032158856548904e+03
4.643426522522510758e-01 2.234112324309760879e+03
4.617027519519508183e-01 2.234192897816546065e+03
4.590628516516503943e-01 2.234273936517381117e+03
4.564229513513500258e-01 2.234355484002911908e+03
4.537830510510501014e-01 2.234437559624633195e+03
4.511431507507496774e-01 2.234520153426598881e+03
4.485032504504489204e-01 2.234603228416849106e+03
4.458633501501486074e-01 2.234686730011081181e+03
4.432234498498486275e-01 2.234770600101247055e+03
4.405835495495483145e-01 2.234854792263950003e+03
4.379436492492482791e-01 2.234939284751649211e+03
4.353037489489475220e-01 2.235024087517570933e+03
4.326638486486475976e-01 2.235109241111650135e+03
4.300239483483471736e-01 2.235194807361914172e+03
4.273840480480469162e-01 2.235280853964197831e+03
4.247441477477468807e-01 2.235367436858910878e+03
4.221042474474466233e-01 2.235454585099319956e+03
4.194643471471458107e-01 2.235542292477082810e+03
4.168244468468453867e-01 2.235630518560716155e+03
4.141845465465455178e-01 2.235719199296690931e+03
4.115446462462445942e-01 2.235808264594375032e+03
4.089047459459447253e-01 2.235897658167793907e+03
4.062648456456444124e-01 2.235987354196416163e+03
4.036249453453443770e-01 2.236077366291629914e+03
4.009850450450441195e-01 2.236167745776197080e+03
3.983451447447436955e-01 2.236258567750444854e+03
3.957052444444433270e-01 2.236349909365882013e+03
3.930653441441430140e-01 2.236441826999263867e+03
3.904254438438425900e-01 2.236534338432714776e+03
3.877855435435422216e-01 2.236627415589521206e+03
3.851456432432419086e-01 2.236720990678392809e+03
3.825057429429414846e-01 2.236814974997771969e+03
3.798658426426416157e-01 2.236909285806677872e+03
3.772259423423411917e-01 2.237003873290941101e+03
3.745860420420408232e-01 2.237098738070987110e+03
3.719461417417405102e-01 2.237193931933646127e+03
3.693062414414404748e-01 2.237289540927992221e+03
3.666663411411402174e-01 2.237385656775821190e+03
3.640264408408401819e-01 2.237482345606560102e+03
3.613865405405389808e-01 2.237579624472518844e+03
3.587466402402391119e-01 2.237677454604819104e+03
3.561067399399386879e-01 2.237775752518713034e+03
3.534668396396388190e-01 2.237874419596646021e+03
3.508269393393383950e-01 2.237973385960105134e+03
3.481870390390380265e-01 2.238072650497811992e+03
3.455471387387377136e-01 2.238172279731507842e+03
3.429072384384376782e-01 2.238272275104915025e+03
3.402673381381374207e-01 2.238372665515235894e+03
3.376274378378369967e-01 2.238473588283714889e+03
3.349875375375365727e-01 2.238575104067620941e+03
3.323476372372363152e-01 2.238677203336878847e+03
3.297077369369358912e-01 2.238779803238853219e+03
3.270678366366355228e-01 2.238882771083725856e+03
3.244279363363352098e-01 2.238985968960098035e+03
3.217880360360351744e-01 2.239089307083970198e+03
3.191481357357349169e-01 2.239192790044372941e+03
3.165082354354344929e-01 2.239296535641693026e+03
3.138683351351346240e-01 2.239400742617374817e+03
3.112284348348342000e-01 2.239505623218388791e+03
3.085885345345337760e-01 2.239611292473483900e+03
3.059486342342335186e-01 2.239717595111705123e+03
3.033087339339330946e-01 2.239824223626541880e+03
3.006688336336327261e-01 2.239930837920201157e+03
2.980289333333324131e-01 2.240037898656170000e+03
2.953890330330319891e-01 2.240145494320931903e+03
2.927491327327321202e-01 2.240253279277997990e+03
2.901092324324316962e-01 2.240361304724558977e+03
2.874693321321313277e-01 2.240469728352580205e+03
2.848294318318310148e-01 2.240578666100928785e+03
2.821895315315309793e-01 2.240688121229537956e+03
2.795496312312307219e-01 2.240797976920024212e+03
2.769097309309306865e-01 2.240908039168656160e+03
2.742698306306294853e-01 2.241018093383123869e+03
2.716299303303296164e-01 2.241127988280577028e+03
2.689900300300291924e-01 2.241237696827434775e+03
2.663501297297293235e-01 2.241347321205411845e+03
2.637102294294285110e-01 2.241457035672056008e+03
2.610703291291284756e-01 2.241566993968589031e+03
2.584304288288282181e-01 2.241677242839570226e+03
2.557905285285277941e-01 2.241787684445920149e+03
2.531506282282279252e-01 2.241898108433770176e+03
2.505107279279271126e-01 2.242008275694790882e+03
2.478708276276271050e-01 2.242118003473247882e+03
2.452309273273262924e-01 2.242227209809367196e+03
2.425910270270263958e-01 2.242335936673040123e+03
2.399511267267256109e-01 2.242444341958079804e+03
2.373112264264256865e-01 2.242552521771816828e+03
2.346713261261252903e-01 2.242660405549181178e+03
2.320314258258248941e-01 2.242767740140180194e+03
2.293915255255249974e-01 2.242874176854622874e+03
2.267516252252246012e-01 2.242979428557956908e+03
2.241117249249242882e-01 2.243083431306227794e+03
2.214718246246238920e-01 2.243186447517663964e+03
2.188319243243239953e-01 2.243289076128944998e+03
2.161920240240232105e-01 2.243392091134090151e+03
2.135521237237227865e-01 2.243495392417396033e+03
2.109122234234223903e-01 2.243598145950707021e+03
2.082723231231224936e-01 2.243699811893770857e+03
2.056324228228220974e-01 2.243799827998117053e+03
2.029925225225218122e-01 2.243897908058247140e+03
2.003526222222213882e-01 2.243994031616135089e+03
1.977127219219214915e-01 2.244088375462837121e+03
1.950728216216210953e-01 2.244181137690224205e+03
1.924329213213211986e-01 2.244272357190359799e+03
1.897930210210204138e-01 2.244361846563997005e+03
1.871531207207199898e-01 2.244449287664528129e+03
1.845132204204195936e-01 2.244534429634672051e+03
1.818733201201196970e-01 2.244617244697029037e+03
1.792334198198193007e-01 2.244697872849886153e+03
1.765935195195189877e-01 2.244776243174680076e+03
1.739536192192185915e-01 2.244851623383305196e+03
1.713137189189186949e-01 2.244923066662120164e+03
1.686738186186182986e-01 2.244989597905494975e+03
1.660339183183179024e-01 2.245050107913355987e+03
1.633940180180175894e-01 2.245103604412478035e+03
1.607541177177176095e-01 2.245149410624680968e+03
1.581142174174167969e-01 2.245187183126179207e+03
1.554743171171165117e-01 2.245216773855916017e+03
1.528344168168160877e-01 2.245238051968333821e+03
1.501945165165161911e-01 2.245250725346494164e+03
1.475546162162157948e-01 2.245253808431900779e+03
1.449147159159153986e-01 2.245244545866606131e+03
1.422748156156155019e-01 2.245218469489756899e+03
1.396349153153146894e-01 2.245171129434917020e+03
1.369950150150147927e-01 2.245100514921170088e+03
1.343551147147143965e-01 2.245004971267594101e+03
1.317152144144140002e-01 2.244879520264430994e+03
1.290753141141131877e-01 2.244719719675068973e+03
1.264354138138132910e-01 2.244521344673752992e+03
1.237955135135128948e-01 2.244280277463682069e+03
1.211556132132125957e-01 2.243992477854130811e+03
1.185157129129126019e-01 2.243653648724754930e+03
1.158758126126118032e-01 2.243257500903992877e+03
1.132359123123119066e-01 2.242791921935347091e+03
1.105960120120114965e-01 2.242241029485215222e+03
1.079561117117111974e-01 2.241588281659247059e+03
1.053162114114112036e-01 2.240818008574814030e+03
1.026763111111109045e-01 2.239913212971058783e+03
1.000364108108101058e-01 2.238855320067209959e+03
9.739651051050968178e-02 2.237624049429544812e+03
9.475661021020975738e-02 2.236197131065514895e+03
9.211670990990938890e-02 2.234549634477596101e+03
8.947680960960902041e-02 2.232652814280893836e+03
8.683690930930865193e-02 2.230482460391397126e+03
8.419700900900872753e-02 2.227987946542615191e+03
8.155710870870835905e-02 2.225102706662587934e+03
7.891720840840799056e-02 2.221764291696877990e+03
7.627730810810762208e-02 2.217904352036099226e+03
7.363740780780769768e-02 2.213447307923319840e+03
7.099750750750688510e-02 2.208310859427692776e+03
6.835760720720696071e-02 2.202400077561439957e+03
6.571770690690614813e-02 2.195597166470240154e+03
6.307780660660622374e-02 2.187771955552975214e+03
6.043790630630586219e-02 2.178762067580620169e+03
5.779800600600593086e-02 2.168357519997649888e+03
5.515810570570511828e-02 2.156331607128217001e+03
5.251820540540518695e-02 2.142450028375686088e+03
4.987830510510483234e-02 2.126476645401195128e+03
4.723840480480490100e-02 2.108158802907963945e+03
4.459850450450453252e-02 2.087248253498954000e+03
4.195860420420371995e-02 2.063585920935733157e+03
3.931870390390335146e-02 2.037183625655851074e+03
3.667880360360342706e-02 2.008188494237191890e+03
3.403890330330305858e-02 1.976909883909861946e+03
3.139900300300312724e-02 1.944081996876019048e+03
2.875910270270232161e-02 1.911063272718731923e+03
2.611920240240240068e-02 1.879955517057710040e+03
2.347930210210202873e-02 1.853902938338927015e+03
2.083940180180210086e-02 1.837618687435269067e+03
1.819950150150128829e-02 1.838348125358749940e+03
1.555960120120137083e-02 1.869173546368416055e+03
1.291970090090054958e-02 1.958543354337721894e+03
