9.465268252755752474e+04 1.709133750125160077e+03
9.422170936668424110e+04 1.711243007611134999e+03
9.387772355932614300e+04 1.713696272223365895e+03
9.360316456412963453e+04 1.716429671929739925e+03
9.338376925610458420e+04 1.719396840830326028e+03
9.321362698552315123e+04 1.722551647135996973e+03
9.308300784936103446e+04 1.725857725438979969e+03
9.298445838569790067e+04 1.729287850366928978e+03
9.291679680863309477e+04 1.732809069608586015e+03
9.287185236352423090e+04 1.736402806412552991e+03
9.284841426558935200e+04 1.740047835114763984e+03
9.284163297935451556e+04 1.743727232843873935e+03
9.284953472799390147e+04 1.747429385655889973e+03
9.287207438835679204e+04 1.751138051741616891e+03
9.290434512894645741e+04 1.754848357838375023e+03
9.294808315362596477e+04 1.758547767098112899e+03
9.299440545126314100e+04 1.762230786880978940e+03
9.306413518403228954e+04 1.765887439004590078e+03
9.311075584110108321e+04 1.769530134590552962e+03
9.318239719667920144e+04 1.773130707079219064e+03
9.325607606621776358e+04 1.776700322206715100e+03
9.335030439482575457e+04 1.780221018679010058e+03
9.342085307295517123e+04 1.783707967804152986e+03
9.350227452096967318e+04 1.787148314878992096e+03
9.358902237947126559e+04 1.790556357517154993e+03
9.367379344842686260e+04 1.793907980946934913e+03
9.375552554188897193e+04 1.797235661755076080e+03
9.384326492073542613e+04 1.800492869368509901e+03
9.394129781605802418e+04 1.803724563800519036e+03
9.402110998786691925e+04 1.806897581777519918e+03
9.411268852059784695e+04 1.810031609143399010e+03
9.420217041545384564e+04 1.813118661841182984e+03
9.428650710930021887e+04 1.816180491426360959e+03
9.438466133811825421e+04 1.819170820918400977e+03
9.447158092512065195e+04 1.822132749411241093e+03
9.456056040019806824e+04 1.825046461025895951e+03
9.465015652024996234e+04 1.827918496296950025e+03
9.473879896246558928e+04 1.830751003119328971e+03
9.482423112313931051e+04 1.833537904503404889e+03
9.489459478380881774e+04 1.836300722297618904e+03
9.499006273971340852e+04 1.839001368712941940e+03
9.506471317997098959e+04 1.841689330564056036e+03
9.516741204151234706e+04 1.844317969027059917e+03
9.523786683622823330e+04 1.846916524787789967e+03
9.532098433393389860e+04 1.849476582172547069e+03
9.539230703065263515e+04 1.851998999438875899e+03
9.547242895333460183e+04 1.854490876128691070e+03
9.555143517263888498e+04 1.856948992391292904e+03
9.562851761797732615e+04 1.859386551692083913e+03
9.570334336950449506e+04 1.861763698806667890e+03
9.578054417485077283e+04 1.864124572413943952e+03
9.585323988306653337e+04 1.866450301996251028e+03
9.591744476608290279e+04 1.868757037118713924e+03
9.598907768418209162e+04 1.871024389451416937e+03
9.605868409416146460e+04 1.873247143649969985e+03
9.611895921749119589e+04 1.875466096511836895e+03
9.618753889749616792e+04 1.877651686934769032e+03
9.627238720002849004e+04 1.879793356859347114e+03
9.631444461161452637e+04 1.881926955368626068e+03
9.639183103125533671e+04 1.884016449912893904e+03
9.644364663048207876e+04 1.886101409618026082e+03
9.650611434933547571e+04 1.888142830621249914e+03
9.655628205599849753e+04 1.890164173932706944e+03
9.662623354518605629e+04 1.892159629588270036e+03
9.668194034896491212e+04 1.894130449297055975e+03
9.673781642152696440e+04 1.896077459412005965e+03
9.678379934159664845e+04 1.898016403822723987e+03
9.683743771644130175e+04 1.899903680861729981e+03
9.688044954798839171e+04 1.901801656865276982e+03
9.694348424718451861e+04 1.903653750661324921e+03
9.699306327030422108e+04 1.905497923519199958e+03
9.704140776810838724e+04 1.907319225583207071e+03
9.707790935908118263e+04 1.909134280979101959e+03
9.713611132171434292e+04 1.910908178383532004e+03
9.717222571862765471e+04 1.912674160710118031e+03
9.720649010542056931e+04 1.914435318876759993e+03
9.726039183865603991e+04 1.916157759574774900e+03
9.730030599295109278e+04 1.917880712460530049e+03
9.734234854125118000e+04 1.919580352243503967e+03
9.737100583392217231e+04 1.921260610497515927e+03
9.740986344787509006e+04 1.922927783872690043e+03
9.743699934752030822e+04 1.924577915021006902e+03
9.747658110073524585e+04 1.926216528498669959e+03
9.750224960023428139e+04 1.927847205671341953e+03
9.754718431030766806e+04 1.929446832729546941e+03
9.756820397296840383e+04 1.931047908003168914e+03
9.760036831668789091e+04 1.932616575308702977e+03
9.762858264279304422e+04 1.934180776727793045e+03
9.765962887082099041e+04 1.935727704946885979e+03
9.767763536058427417e+04 1.937263604712642064e+03
9.769675382190650271e+04 1.938790186951853002e+03
9.773416894821144524e+04 1.940286999201525077e+03
9.774522203183775127e+04 1.941791656013467900e+03
9.775989665237476584e+04 1.943275691964528960e+03
9.780560934850850026e+04 1.944744431429943006e+03
9.781364425431340351e+04 1.946205934674002037e+03
9.782191563338332344e+04 1.947647611939695935e+03
9.785426549996245012e+04 1.949093381893803098e+03
9.785827325806998124e+04 1.950519602326186941e+03
9.787697402143360523e+04 1.951935601714483028e+03
9.788188787234986376e+04 1.953341110230438062e+03
9.789977655920771940e+04 1.954752658285420011e+03
9.791359505322101177e+04 1.956128265005235107e+03
9.791551022002515674e+04 1.957511378512991087e+03
9.792909490472158359e+04 1.958891732829531975e+03
9.794144503736220940e+04 1.960248227646168061e+03
9.793826257946985424e+04 1.961616973028842949e+03
9.794826029817441304e+04 1.962962934956429990e+03
9.795794873212200764e+04 1.964300384467715958e+03
9.796294199334448786e+04 1.965633618202708931e+03
9.795758517445853795e+04 1.966972483194801043e+03
9.796339046450969181e+04 1.968288542492663964e+03
9.796970411009092641e+04 1.969606848899589068e+03
9.794907344136376923e+04 1.970924775778069943e+03
9.795603843827969104e+04 1.972229566787342947e+03
9.796034652454535535e+04 1.973543878765575982e+03
9.796151930141147750e+04 1.974836358814548021e+03
9.794809049870213494e+04 1.976142749098014974e+03
9.794018185032745532e+04 1.977439243270606994e+03
9.794179756574210478e+04 1.978730920483885939e+03
9.794084662672840932e+04 1.980020753075312996e+03
9.793839262042220798e+04 1.981315953826737996e+03
9.793749875735794194e+04 1.982591405142871963e+03
9.790635236649545550e+04 1.983882484097463930e+03
9.792223553399321099e+04 1.985156642684246890e+03
9.790088418166949123e+04 1.986433399503627925e+03
9.788659438568596670e+04 1.987727863337521057e+03
9.789877828481179313e+04 1.988991597059439073e+03
9.786376573148343596e+04 1.990281131250782892e+03
9.786447921577289526e+04 1.991564202714077055e+03
9.787078117422020296e+04 1.992834923564688097e+03
9.783674454167947988e+04 1.994134799012108942e+03
9.782165595809758815e+04 1.995413110414936909e+03
9.782967533582022588e+04 1.996692300098945907e+03
9.782194273210605024e+04 1.997993679083032930e+03
9.780070246380327444e+04 1.999284300661470979e+03
9.778293325978095527e+04 2.000586568142623946e+03
9.778005050388500968e+04 2.001880586423111026e+03
9.775962388016510522e+04 2.003179472750651030e+03
9.775574405543998000e+04 2.004489616841900897e+03
9.773713487549868296e+04 2.005797386188716018e+03
9.773120139694577665e+04 2.007107161421745104e+03
9.772561075571656693e+04 2.008410127441331952e+03
9.771816552548483014e+04 2.009736254109461925e+03
9.769994194950017845e+04 2.011054618392520979e+03
9.766780637247880804e+04 2.012383330242694001e+03
9.768233745163174171e+04 2.013715430477318932e+03
9.767675366452441085e+04 2.015041022165991080e+03
9.765848396645816683e+04 2.016399175048497000e+03
9.765706262487907952e+04 2.017734125035163061e+03
9.765183829454745864e+04 2.019091605822538895e+03
9.763530473588139284e+04 2.020474557614561945e+03
9.763847190987368231e+04 2.021823503705189069e+03
9.762369972648323164e+04 2.023204064819509995e+03
9.762524379371527175e+04 2.024575748241416932e+03
9.761504692757660814e+04 2.025963425829548896e+03
9.762174453124534921e+04 2.027362247953572023e+03
9.760876067097189662e+04 2.028753498900844988e+03
9.760359247694394435e+04 2.030164506009838988e+03
9.759929480771943054e+04 2.031571218998238010e+03
9.762242842228338122e+04 2.032971724228769972e+03
9.761606262878424604e+04 2.034423116953963927e+03
9.762802266247915395e+04 2.035847805905355926e+03
9.762350069572312350e+04 2.037283662777042991e+03
9.765521998039638856e+04 2.038713845372106107e+03
9.765176694005620084e+04 2.040174012854482044e+03
9.765255092317183153e+04 2.041652835423016995e+03
9.768917800552670087e+04 2.043105550734559074e+03
9.769179942622676026e+04 2.044587104982588926e+03
9.771403575316465867e+04 2.046059810599497041e+03
9.770979353246573010e+04 2.047576326537139039e+03
9.774167351778215379e+04 2.049077941549157913e+03
9.777049102831154596e+04 2.050587175536108134e+03
9.781551459836795402e+04 2.052088638976304992e+03
9.782856228975168779e+04 2.053637666206720951e+03
9.784815183887345484e+04 2.055182287262400223e+03
9.790176273041986860e+04 2.056711241913114009e+03
9.793766645348534803e+04 2.058270770217843165e+03
9.797728285356714332e+04 2.059837355540264070e+03
9.799069941279257182e+04 2.061428930695387862e+03
9.804040496716251073e+04 2.062996417369129176e+03
9.808663394445161975e+04 2.064597120648988948e+03
9.815723140499563306e+04 2.066194999125571030e+03
9.820545085931966605e+04 2.067788104356402982e+03
9.822897592857938434e+04 2.069435738423189832e+03
9.830887096507717797e+04 2.071058783451638192e+03
9.836585836236656178e+04 2.072702570917460889e+03
9.841706281810982910e+04 2.074904663644037100e+03
9.793874419447865512e+04 2.089914123387898144e+03
9.748103737401982653e+04 9.170828689044012208e+03
1.002366189890729001e+05 2.383825086024954999e+03
1.111921242202274007e+05 4.365694591266830685e+03
2.241039734851208050e+05 2.486233919976840843e+04
2.259449603835633025e+05 4.023128549073606700e+04
2.272892883533239074e+05 5.205677123618082260e+04
2.322910148980706872e+05 6.081373556322025252e+04
2.404469153143930016e+05 6.734410618070616329e+04
2.518609652639570122e+05 7.220913360266506788e+04
2.627902859214621712e+05 7.584067155395107693e+04
2.754408616129980073e+05 7.854603754324729380e+04
2.891123583849720890e+05 8.058154561210759857e+04
2.999744306896578055e+05 8.214314481992476794e+04
3.111238523953165277e+05 8.334878998415732349e+04
3.210675298539212090e+05 8.431398128118010936e+04
3.297275625788128236e+05 8.511172907405276783e+04
3.370912972969837137e+05 8.578508688123067259e+04
3.445034351132503944e+05 8.636022540890774690e+04
3.496532539737913175e+05 8.687781683235065429e+04
3.525447038852052065e+05 8.735304876687427168e+04
3.573662218308689189e+05 8.776946363905849284e+04
3.588094207156653283e+05 8.815006098078358627e+04
3.622938023756403127e+05 8.844969998305897752e+04
3.641324695310445968e+05 8.867787393664897536e+04
3.641092968032750068e+05 8.883117267029300274e+04
3.651474031325954711e+05 8.890139048082576483e+04
3.656698577387828263e+05 8.891798744194280880e+04
3.660360316570306895e+05 8.890742617128683196e+04
3.676464089104483719e+05 8.890779775982181309e+04
3.662166015689505730e+05 8.898587558483517205e+04
3.675519801896258723e+05 8.915947820365926600e+04
3.674445059790522791e+05 8.949964662942863652e+04
3.661420155182419112e+05 9.003823697119028657e+04
3.665591337730700034e+05 9.078499052273474808e+04
3.668660919417701080e+05 9.175764312696794514e+04
3.689514430994241848e+05 9.292620517084808671e+04
3.698345173336904263e+05 9.424107360213683569e+04
3.709614269758649170e+05 9.557897990617941832e+04
3.708981874957639957e+05 9.678413158148176444e+04
3.738493103521278827e+05 9.763480261660116958e+04
3.749424085293436074e+05 9.794966933919662551e+04
3.754747009658371098e+05 9.755212754922400927e+04
3.737923366645690985e+05 9.636565874985895061e+04
3.724883990621975972e+05 9.437905928459331335e+04
3.699012770944961812e+05 9.167929120506772597e+04
3.673207655567991897e+05 8.840324352801220084e+04
3.608894792833034880e+05 8.474446256227337290e+04
3.548984169144175830e+05 8.088142998304545472e+04
3.483109825209432165e+05 7.700341391475149430e+04
3.411747222044789814e+05 7.326485263905714964e+04
3.350522948738267878e+05 6.977761778836164740e+04
3.268326805368437199e+05 6.662894081598657067e+04
3.202784213026302168e+05 6.384481248028707341e+04
3.142965863258941099e+05 6.144387344628105348e+04
3.089725956220203079e+05 5.941515973433770705e+04
3.054235175844986225e+05 5.773252940029279853e+04
3.004837043124316260e+05 5.637556020469388750e+04
2.982464381582756178e+05 5.528844334240294847e+04
2.955734171828600811e+05 5.444849023780097923e+04
2.935101729173039203e+05 5.381519996777160122e+04
2.919436020560606848e+05 5.335212473693292122e+04
2.900343150016568834e+05 5.303195928474260290e+04
2.893221081856061937e+05 5.282165401415639644e+04
2.896453731029544724e+05 5.269715689527612994e+04
2.884293262460203841e+05 5.264706818886385736e+04
2.893583173375538900e+05 5.263823718018241198e+04
2.892915902731678798e+05 5.266854332997874008e+04
2.884836553978844895e+05 5.272545548221869103e+04
2.895963508193144226e+05 5.278817613176759914e+04
2.898264745309249847e+05 5.286414447970270703e+04
2.899962218380516861e+05 5.294332835637182870e+04
2.900859420868717134e+05 5.302171669940130232e+04
2.904133034707927727e+05 5.309715846880401659e+04
2.906012211554949754e+05 5.316865695039238199e+04
2.908877050073132850e+05 5.323393356436344766e+04
2.909688418067825842e+05 5.329407393765845336e+04
2.912395830016473774e+05 5.334710173157355894e+04
2.913985142309928779e+05 5.339506363472100202e+04
2.914415355914541287e+05 5.343745572531619837e+04
2.916539384221754153e+05 5.347463333542303735e+04
2.917679564409077284e+05 5.350672924429856357e+04
2.919461272760133143e+05 5.353457874715039361e+04
2.919275045580710866e+05 5.355995442498729244e+04
2.921180142645969172e+05 5.358030729920307203e+04
2.920801148481811979e+05 5.359983488048277650e+04
2.922674248439185903e+05 5.361552191470888647e+04
2.922908726946361130e+05 5.363047324739988835e+04
2.923609038979362231e+05 5.364457118278604321e+04
2.924123838108023047e+05 5.365666419624554692e+04
2.925475637403331930e+05 5.366845559814309672e+04
2.925840607302124263e+05 5.367959113351562701e+04
2.926234927056818269e+05 5.368928306079554750e+04
2.935274798707216978e+05 5.369516447749918007e+04
2.925982186613120721e+05 5.370925838463407854e+04
2.926881121739168884e+05 5.371598042316900683e+04
2.928355861588849220e+05 5.372099740775179089e+04
2.928528373055789270e+05 5.372166817305368022e+04
2.928830745662153931e+05 5.371323110332773649e+04
2.937476409837994142e+05 5.368703777198503667e+04
5.153835319653152255e+05 5.110757077542675688e+04
