1.056897136667079030e+05 1.975905824677385908e+03
1.053363480007580947e+05 1.975595437170923105e+03
1.050393476092787023e+05 1.975294732943847066e+03
1.048126734534518037e+05 1.975096102733253019e+03
1.045589035680702073e+05 1.975280167434149917e+03
1.043264562906233041e+05 1.975346303221381959e+03
1.041459986294015980e+05 1.975340631874767041e+03
1.039761787538773933e+05 1.975512401930792976e+03
1.037822110284186929e+05 1.975890591653391994e+03
1.036734178343508975e+05 1.975802803755756031e+03
1.035535668192956073e+05 1.975965433351871980e+03
1.033937225812546967e+05 1.976387117732047045e+03
1.032913976328644931e+05 1.976378079527398995e+03
1.031639608851280937e+05 1.976615811607772912e+03
1.030462536554193939e+05 1.976874782942106094e+03
1.029095141613267042e+05 1.977266244692729060e+03
1.028614207438955054e+05 1.977119709637543110e+03
1.027905970396298944e+05 1.977249191463298985e+03
1.026647431773470016e+05 1.977652601988904962e+03
1.026115806090663973e+05 1.977539078787270000e+03
1.025181984886497958e+05 1.977729099850852890e+03
1.024318100168747042e+05 1.977904387753583933e+03
1.023517172911882953e+05 1.977996252785211027e+03
1.022922057958528021e+05 1.978096111827195955e+03
1.022114838218086952e+05 1.978335123431819056e+03
1.021314400168722059e+05 1.978387106864031011e+03
1.020491895435362967e+05 1.978576470708476108e+03
1.020297080024694005e+05 1.978352453723101917e+03
1.019891763352225971e+05 1.978367936311487028e+03
1.019230300446097972e+05 1.978550551874028997e+03
1.018406904493137990e+05 1.978669523083193099e+03
1.018119590321799042e+05 1.978629257163149077e+03
1.017443977547945979e+05 1.978820188976372947e+03
1.016989171631646022e+05 1.978749885210615957e+03
1.016761825996291009e+05 1.978694815839711055e+03
1.016405782852788980e+05 1.978743459144525104e+03
1.015802574983172963e+05 1.978950382581617987e+03
1.014986498285238049e+05 1.979185090596821965e+03
1.014566457117295067e+05 1.979121815728095044e+03
1.014159994216453051e+05 1.979232177857493980e+03
1.013754297484846029e+05 1.979187466375173926e+03
1.013050958021886036e+05 1.979392753795131057e+03
1.012843338580117997e+05 1.979213283265841937e+03
1.012356712374142953e+05 1.979328260720350954e+03
1.011495818516738073e+05 1.979333960232668005e+03
1.010873270983373950e+05 1.979672434483042025e+03
1.009714985442190955e+05 1.979670558505454892e+03
1.009404890135879978e+05 1.979690163435785053e+03
1.008535244263389031e+05 1.980085035201107075e+03
1.007704237657743943e+05 1.980258914531334995e+03
1.007562301953308051e+05 1.980000387730071907e+03
1.007244883145531930e+05 1.980019272768814972e+03
1.006874211778208992e+05 1.980089270091730896e+03
1.006326749488499045e+05 1.980353682771718923e+03
1.005527161753145047e+05 1.980276686172420114e+03
1.005246554279404954e+05 1.980354915751061071e+03
1.004285729592855932e+05 1.980579617321299111e+03
1.003972016486366047e+05 1.980341287919867000e+03
1.004139011999880022e+05 1.980274267765287050e+03
1.003787072155976930e+05 1.980501027601661008e+03
1.003477019524990028e+05 1.980488054143343106e+03
1.003141381419312966e+05 1.980480678593954963e+03
1.002521291110721941e+05 1.980332852223639065e+03
1.001980839297539060e+05 1.980470249042645037e+03
1.001871805362362065e+05 1.980266514676869974e+03
1.001319412232714967e+05 1.980440794078760973e+03
1.000904768443483044e+05 1.980313366669139896e+03
1.000722677219957986e+05 1.980406647998873041e+03
1.000423703941499989e+05 1.980270021650030912e+03
1.000009856119651959e+05 1.980291866239522960e+03
9.994667639728965878e+04 1.980492092203166067e+03
9.985090125268153497e+04 1.980620763604918920e+03
9.985920563874038635e+04 1.980506371068064027e+03
9.980198699494198081e+04 1.980697708717960950e+03
9.976314344293560134e+04 1.980644324011667095e+03
9.972959333943428646e+04 1.980588328847240973e+03
9.969831588994896447e+04 1.980544567293065029e+03
9.964768678878275387e+04 1.980714243583141979e+03
9.961656550117663573e+04 1.980524021797021078e+03
9.960372932044533081e+04 1.980547599262677977e+03
9.957902949924423592e+04 1.980477525477464951e+03
9.952789184298124746e+04 1.980683967319203020e+03
9.948278536408269429e+04 1.980590758379830959e+03
9.948417170332468231e+04 1.980406553600530060e+03
9.946014900374242279e+04 1.980483392845163053e+03
9.944908679160554311e+04 1.980354133995301027e+03
9.941511405384118552e+04 1.980444726148627979e+03
9.937156348352134228e+04 1.980369600391097038e+03
9.932839750191748317e+04 1.980320735312928036e+03
9.926341269108484266e+04 1.980260923054757995e+03
9.920537800105493807e+04 1.980424375044023009e+03
9.915811365147336619e+04 1.980387395022542023e+03
9.912107808122695133e+04 1.980488463739183089e+03
9.905682898129375826e+04 1.980440451996026013e+03
9.904339491305209231e+04 1.980375375307236027e+03
9.899688557677812059e+04 1.980420027487778043e+03
9.896944119421980577e+04 1.980288052481030945e+03
9.895175884095704532e+04 1.980350461611297078e+03
9.888102934783510864e+04 1.980256617991627081e+03
9.889792421892174752e+04 1.980157019072426920e+03
9.888282007635803893e+04 1.980040956021874990e+03
9.885449896977991739e+04 1.980160817150891944e+03
9.883218467606515333e+04 1.980063738562289018e+03
9.879987693537809537e+04 1.979903012032132892e+03
9.874360940830614709e+04 1.980053854974710021e+03
9.868470546270735213e+04 1.980114689589571071e+03
9.864657288187977974e+04 1.979931647509888990e+03
9.863407170020267949e+04 1.979955124743190026e+03
9.861132097038299253e+04 1.979834359225354092e+03
9.856334962890474708e+04 1.979894628658056035e+03
9.850199889206048101e+04 1.979870152527113078e+03
9.847068898113649630e+04 1.979729918492032084e+03
9.841838983927684603e+04 1.979849398880357057e+03
9.839262222597570508e+04 1.979851860967557968e+03
9.832340018986382347e+04 1.979823766163864093e+03
9.827164856987391249e+04 1.979791674385585111e+03
9.827253653246663453e+04 1.979682450660472114e+03
9.824694069715334626e+04 1.979755901893151076e+03
9.817598652083365596e+04 1.979633006377338916e+03
9.815935034964047372e+04 1.979677960237510888e+03
9.812928335812545265e+04 1.979558608199760101e+03
9.807064927404276386e+04 1.979645747356714992e+03
9.802184330361860339e+04 1.979603769458997931e+03
9.797027664227384957e+04 1.979596549075074108e+03
9.792928498577054415e+04 1.979417413257777071e+03
9.791253372300922638e+04 1.979357913830692041e+03
9.786482697798844310e+04 1.979403110607215012e+03
9.780724066034470161e+04 1.979348755108393107e+03
9.779144757534748351e+04 1.979292966202199068e+03
9.775268585104876547e+04 1.979211041767295910e+03
9.771479524197313003e+04 1.979187460266881999e+03
9.762795622603473021e+04 1.979110541314845022e+03
9.762009087808677577e+04 1.979178698422887919e+03
9.757278498662992206e+04 1.979146588348284013e+03
9.751319556298170937e+04 1.979167608780038108e+03
9.743894638834768557e+04 1.978986923298313059e+03
9.741232293343456695e+04 1.978885000911946918e+03
9.738379409345547901e+04 1.978934062016525104e+03
9.731364558688573015e+04 1.978978913767363110e+03
9.723896844778872037e+04 1.978864921163080908e+03
9.721032907587209775e+04 1.978848108127778005e+03
9.716102227782241243e+04 1.978661943612311916e+03
9.714347349430491158e+04 1.978582512556687107e+03
9.710944244736025576e+04 1.978626082145884084e+03
9.704002882884796418e+04 1.978544425281394069e+03
9.699052013567824906e+04 1.978559932039690011e+03
9.694591148005664581e+04 1.978455888037949990e+03
9.691676780019637954e+04 1.978465251188840966e+03
9.684514361361677584e+04 1.978397174026496032e+03
9.681315669009718113e+04 1.978405403986572082e+03
9.675067461258004187e+04 1.978262099753460006e+03
9.672894210081355413e+04 1.978121089859236918e+03
9.670842274072073633e+04 1.978162334615273039e+03
9.660846377601330460e+04 1.978139828304332013e+03
9.659753726113561424e+04 1.978155347104790962e+03
9.652416419523218065e+04 1.978066797423714888e+03
9.647843561148454319e+04 1.977983700876698094e+03
9.643213398082852655e+04 1.977983343515988054e+03
9.636707372898184985e+04 1.977988705185219942e+03
9.633590757381271396e+04 1.977950733812567023e+03
9.624564324538377696e+04 1.977831299109670908e+03
9.620398791777227598e+04 1.977765031709456935e+03
9.619570383241362288e+04 1.977779541861274993e+03
9.611640214574804122e+04 1.977876709823133979e+03
9.603348290175506554e+04 1.977776224371302987e+03
9.598863226159039186e+04 1.977675754528987000e+03
9.596161670640611555e+04 1.977670552854413927e+03
9.587115891038786503e+04 1.977566661882372955e+03
9.585834360657744401e+04 1.977413144957359009e+03
9.580532993574204738e+04 1.977448549268505076e+03
9.574717402158645564e+04 1.977400894101866015e+03
9.571280779600801179e+04 1.977383805242179051e+03
9.562881132082629483e+04 1.977350872050910084e+03
9.558041047799139051e+04 1.977302200737947032e+03
9.550328156684304122e+04 1.977302843139035076e+03
9.543319855360669317e+04 1.977169773497224924e+03
9.540943027730885660e+04 1.977150932554214933e+03
9.535598474842881842e+04 1.977049633961439895e+03
9.531863297081166820e+04 1.977059848353037069e+03
9.525338757914032612e+04 1.977008372756544077e+03
9.518370804952517210e+04 1.976885435046418934e+03
9.516330594053644745e+04 1.976800540898505915e+03
9.510479420946113532e+04 1.976764115226116928e+03
9.502454500845272560e+04 1.976689057800522960e+03
9.497202789931654115e+04 1.976672635088010111e+03
9.488814460819428496e+04 1.976660581097876957e+03
9.487528910713066580e+04 1.976615168003138024e+03
9.480913221348037769e+04 1.976611063167787051e+03
9.472820838092881604e+04 1.976509623458297938e+03
9.468217365077666182e+04 1.976416256163264961e+03
9.462444283332447230e+04 1.976387538198280936e+03
9.454345032724231714e+04 1.976323749225872916e+03
9.453162294809610466e+04 1.976286030908566090e+03
9.445361888471069688e+04 1.976205285572897992e+03
9.438136473207536619e+04 1.976078227288113112e+03
9.434008233319170540e+04 1.975993511149473079e+03
9.430984494090527005e+04 1.975941113876795043e+03
9.422260525738123397e+04 1.975920906385955050e+03
9.415836350442562252e+04 1.975920266628884065e+03
9.409408730177658435e+04 1.975868479323421070e+03
9.403290986938735296e+04 1.975793880802574904e+03
9.397340445612662006e+04 1.975693151897992038e+03
9.392152610670300783e+04 1.975650432883903022e+03
9.384653417857932800e+04 1.975593426018129094e+03
9.377859307542913302e+04 1.975570791483432004e+03
9.375014951026746712e+04 1.975597605732240027e+03
9.362294190261035692e+04 1.975606866077516088e+03
9.358296889554191148e+04 1.975531824954804961e+03
9.351515552150098665e+04 1.975480463878330966e+03
9.345296869254802004e+04 1.975444961977661023e+03
9.337143809770357620e+04 1.975357236450056007e+03
9.331801918254925113e+04 1.975261778243853996e+03
9.327169591912587930e+04 1.975185342894837959e+03
9.323283514081928297e+04 1.975177265953424012e+03
9.313802931120921858e+04 1.975170326392882089e+03
9.309071443623345112e+04 1.975140434030133974e+03
9.302136277112952666e+04 1.975074238436510086e+03
9.296172837361955317e+04 1.974976654141838935e+03
9.290494135255768197e+04 1.974930837719931105e+03
9.281944432475449867e+04 1.974888328519115021e+03
9.275913149172025442e+04 1.974837504798532109e+03
9.271922837544462527e+04 1.974827758841267041e+03
9.260322619062547165e+04 1.974795595372414937e+03
9.259029053080646554e+04 1.974746549510515933e+03
9.249693171724844433e+04 1.974701966474472101e+03
9.240971455670594878e+04 1.974653499650936965e+03
9.239320517665220541e+04 1.974624975305267981e+03
9.227744457387652074e+04 1.974592817306247980e+03
9.221369382490175485e+04 1.974551145927425978e+03
9.217395645695578423e+04 1.974501179342892101e+03
9.207676202175053186e+04 1.974509063623339898e+03
9.202868618459404388e+04 1.974484384042398005e+03
9.195281481410197739e+04 1.974460339197081112e+03
9.188182951222138945e+04 1.974439643880781887e+03
9.178774900421775237e+04 1.974394471729118095e+03
9.174721757585596060e+04 1.974321578552294113e+03
9.163532026922774094e+04 1.974292604476263023e+03
9.159231325033232861e+04 1.974252661355446890e+03
9.149538813560469134e+04 1.974244877934946999e+03
9.145026092445137328e+04 1.974232062975019062e+03
9.135379223889265268e+04 1.974217859924362074e+03
9.128227290978108067e+04 1.974152984806793029e+03
9.121765773717949924e+04 1.974124779298728981e+03
9.116895258896934683e+04 1.974064054038866971e+03
9.108201561440926162e+04 1.974020278746711028e+03
9.104371276942027907e+04 1.973936387712557007e+03
9.098056102882714185e+04 1.973909063091975895e+03
9.088787239072345255e+04 1.973897377941503919e+03
9.082144144201223389e+04 1.973885937277347921e+03
9.072632464764785254e+04 1.973873784622574021e+03
9.070122390853299294e+04 1.973865766013746907e+03
9.057498579443521157e+04 1.973859244606539050e+03
9.050583584008527396e+04 1.973816660156973967e+03
9.046297103244597383e+04 1.973764817742727928e+03
9.039280488011256966e+04 1.973715269868795076e+03
9.032914167339826236e+04 1.973645432575194945e+03
9.027113303250353783e+04 1.973578740350322960e+03
9.020736102607948123e+04 1.973561825994484025e+03
9.011245285933124251e+04 1.973599539907130975e+03
9.005971891334328393e+04 1.973598244026170050e+03
8.996181930765812285e+04 1.973614584512034980e+03
8.988344648214966583e+04 1.973604621603129999e+03
8.983428187282655563e+04 1.973573941433483014e+03
8.971419462731032399e+04 1.973522514959865021e+03
8.965397674264838861e+04 1.973434822990524026e+03
8.959804075516457669e+04 1.973337643503733034e+03
8.954324079232331133e+04 1.973259791602293035e+03
8.950713575149187818e+04 1.973214568690716987e+03
8.942101760115291108e+04 1.973244750046035051e+03
8.934886411239359586e+04 1.973276865968683069e+03
8.926982820382139471e+04 1.973307109996872896e+03
8.921203111156188243e+04 1.973315753097052948e+03
8.911277369061646459e+04 1.973295915023762973e+03
8.906447578546508157e+04 1.973255129262011906e+03
8.896515141634826432e+04 1.973229971156905094e+03
8.889888590891855711e+04 1.973193060513701084e+03
8.885708587158063892e+04 1.973138484669166928e+03
8.878819575612321205e+04 1.973111479990719999e+03
8.871891495695758204e+04 1.973086302248783113e+03
8.863266006295413536e+04 1.973066299487219112e+03
8.853749905794722144e+04 1.973055136739955969e+03
8.849554295178473694e+04 1.973044386460130909e+03
8.844375663977014483e+04 1.973058493057232909e+03
8.832191442996768455e+04 1.973075629632767004e+03
8.824837842979656125e+04 1.973060666955979968e+03
8.817879744453118474e+04 1.973038489221856935e+03
8.810888319450753625e+04 1.972990933962053077e+03
8.806208047312840063e+04 1.972961213642038956e+03
8.799326401875003648e+04 1.972945716432159088e+03
8.787773438533209264e+04 1.972926684064887922e+03
8.781297162448953895e+04 1.972892731467142994e+03
8.777027971429021272e+04 1.972844506625990107e+03
8.770761795742542017e+04 1.972791851953098103e+03
8.764649781811938738e+04 1.972753564647588064e+03
8.755592134855022596e+04 1.972780771133684084e+03
8.750886836137784121e+04 1.972790387959603095e+03
8.740906359926595178e+04 1.972811619839269042e+03
8.733722947758460941e+04 1.972793138226114934e+03
8.729187202903463913e+04 1.972749013648925938e+03
8.722406495267615537e+04 1.972721661021605996e+03
8.715531693237405852e+04 1.972699802332105037e+03
8.706630568420988857e+04 1.972672525824310924e+03
8.703016254018954351e+04 1.972628826278961924e+03
8.691738469190878095e+04 1.972587304544794961e+03
8.688261102342160302e+04 1.972549257892347896e+03
8.684201781500021752e+04 1.972527724738451980e+03
8.675665597803305718e+04 1.972507424872851061e+03
8.667087824458598334e+04 1.972513084662795109e+03
8.660979407183882722e+04 1.972510334735190099e+03
8.654423553208548401e+04 1.972500959343904015e+03
8.649853951732676069e+04 1.972495600224204964e+03
8.640690041711734375e+04 1.972491116952583980e+03
8.634097665761377721e+04 1.972473931116202948e+03
8.629973095792569802e+04 1.972433563323309045e+03
8.623522984375050873e+04 1.972401191545890015e+03
8.614969861473196943e+04 1.972380667995126942e+03
8.608929214516023058e+04 1.972345014113574962e+03
8.603108260604213865e+04 1.972300163022986908e+03
8.599507991562368989e+04 1.972239396408270068e+03
8.589354520049573330e+04 1.972215717520173030e+03
8.586097201582971320e+04 1.972178527233020986e+03
8.580064073287771316e+04 1.972153663212955053e+03
8.574316111540983547e+04 1.972124072820450010e+03
8.565901335449684120e+04 1.972119976941314007e+03
8.559861080753580609e+04 1.972108315229977961e+03
8.556217544439001358e+04 1.972078229945833982e+03
8.547716057356259262e+04 1.972059120500015069e+03
8.541559767213849409e+04 1.972037309901483013e+03
8.538049552660941845e+04 1.972018869978013072e+03
8.529989595502360316e+04 1.971994293514894025e+03
8.526310846381395822e+04 1.971938597287618904e+03
8.520533419096808939e+04 1.971901167429444058e+03
8.510574382650328334e+04 1.971864771519067062e+03
8.507874576528171019e+04 1.971807962483678011e+03
8.502201888095001050e+04 1.971773980656108051e+03
8.494873317245040380e+04 1.971721682983906931e+03
8.491749115201545646e+04 1.971659317897077926e+03
8.489119111398678797e+04 1.971617113563884004e+03
8.479207274259788392e+04 1.971585600295946961e+03
8.478699318757565925e+04 1.971546026246694964e+03
8.469124894949409645e+04 1.971530071126928078e+03
8.463662035819320590e+04 1.971509135086766037e+03
8.460902519352566742e+04 1.971483828273527024e+03
8.455101702772862336e+04 1.971445581437184046e+03
8.447480040510556137e+04 1.971425104537317111e+03
8.444897225855056604e+04 1.971373969916541000e+03
8.437194679113442544e+04 1.971333939668594894e+03
8.432730123955210729e+04 1.971278928988941971e+03
8.428104814755948610e+04 1.971205122000061010e+03
8.423396392697606643e+04 1.971129573706388101e+03
8.416570080529771803e+04 1.971087121369884017e+03
8.412251647755694285e+04 1.971025165721320946e+03
8.410249391065895907e+04 1.970951997830346954e+03
8.406162580713942589e+04 1.970865502178430006e+03
8.402308229501338792e+04 1.970787358296456887e+03
8.398475461077169166e+04 1.970699045899033990e+03
8.394380163134861505e+04 1.970654142088382969e+03
8.390913190259633120e+04 1.970591428203732903e+03
8.386241274374356726e+04 1.970546431477094984e+03
8.384743302106931515e+04 1.970511709550894011e+03
8.375458266663798713e+04 1.970470772752254106e+03
8.373841837473894702e+04 1.970406037047509926e+03
8.369591571881885466e+04 1.970347788792928895e+03
8.363210073906346224e+04 1.970303071405714036e+03
8.361832668627331441e+04 1.970219552747013040e+03
8.355555357656866545e+04 1.970156177557010096e+03
8.352241645905081532e+04 1.970074223234742931e+03
8.348830351271828113e+04 1.969981934107576990e+03
8.347386740244468092e+04 1.969894572766806050e+03
8.344268538409000030e+04 1.969806945805914893e+03
8.341212703400466125e+04 1.969696827299756023e+03
8.338629424455438857e+04 1.969598432382658075e+03
8.335404865646029066e+04 1.969499990236158965e+03
8.330561561306520889e+04 1.969442084926552070e+03
8.327813251145812683e+04 1.969377046660920996e+03
8.324943167865004216e+04 1.969308702342098968e+03
8.319839632187597454e+04 1.969241589016377930e+03
8.319121433242144121e+04 1.969177684706025957e+03
8.316049270810879534e+04 1.969101131765602076e+03
8.312902077584218932e+04 1.969004233763781031e+03
8.310131339927361114e+04 1.968975421070429093e+03
8.307004084835975664e+04 1.969476319855419888e+03
8.266942935497355938e+04 1.978834322902366011e+03
8.367309658102152753e+04 2.122178760805440106e+03
1.121285401772473997e+05 3.358105447644813012e+03
1.334406916754076956e+05 5.965361803363250147e+03
1.169374671267640952e+05 7.428973500244408569e+03
1.016347361184182955e+05 7.750055780483940907e+03
1.108686396831443999e+05 8.377130549567144044e+03
9.387451969785003166e+04 8.732052852071978123e+03
1.526723663647522917e+05 1.015032586187317065e+04
2.190994888689866930e+05 1.625205278957019982e+04
3.092839952560153906e+05 2.764925376272431822e+04
3.803669171127405134e+05 4.322812897968973266e+04
4.247515115176960826e+05 5.967876503297218733e+04
4.387245075926998979e+05 7.377586093078285921e+04
4.383234441792247817e+05 8.392272009911268833e+04
4.290842318489563186e+05 9.050962182557093911e+04
4.167250699352527736e+05 9.472253364363808942e+04
4.070792528773644008e+05 9.751761686272018414e+04
3.927062675357104745e+05 9.945122042361671629e+04
3.820274799813341233e+05 1.007498139479055972e+05
3.728434007555806893e+05 1.015935291395331005e+05
3.648092406087982818e+05 1.021134202930344036e+05
3.605989667683471926e+05 1.023964151241177024e+05
3.539992281773446011e+05 1.025417104657581949e+05
3.479509570080636768e+05 1.025805557408949971e+05
3.406500017624340835e+05 1.025550903318158962e+05
3.361271398100376246e+05 1.024708194996564998e+05
3.323514723294798750e+05 1.023589032678223011e+05
3.292858004086979199e+05 1.022322223802500957e+05
3.263667469536319259e+05 1.020974898835516069e+05
3.238505745690630283e+05 1.019570006307834992e+05
3.217173791647601174e+05 1.018148974945538939e+05
3.196421249079292757e+05 1.016705514794548071e+05
3.208018875564481132e+05 1.015120137969563948e+05
3.193139583100663731e+05 1.013679813062033936e+05
3.178426254350640811e+05 1.012198871441352967e+05
3.171904516743245185e+05 1.010666391858966963e+05
3.140233708225145820e+05 1.009223031946692063e+05
3.136179195996936178e+05 1.007632238257824065e+05
3.132371869998942129e+05 1.006052487834936037e+05
3.152482693355638185e+05 1.004428209384749061e+05
3.124900660112348851e+05 1.003106952982071962e+05
3.124513898957552738e+05 1.001687939609884052e+05
3.124488664922749158e+05 1.000312235864210961e+05
3.124463527519535273e+05 9.989088479702392942e+04
3.148460607530514244e+05 9.973983738336416718e+04
3.147439812702538911e+05 9.959765387561495299e+04
3.124321065720397746e+05 9.945811854165744444e+04
3.127683850771944271e+05 9.930014210774919775e+04
3.130402674587899819e+05 9.914397284967520682e+04
3.133690737026493880e+05 9.899322141432068020e+04
3.160145022533151787e+05 9.883739046766620595e+04
3.138146381541871233e+05 9.870826518718070292e+04
3.143104203070006915e+05 9.856650229621736798e+04
3.148083738868053188e+05 9.842766261393230525e+04
3.176242525838366128e+05 9.827815018212528958e+04
3.155657512183085782e+05 9.814825734224075859e+04
3.164196820302745909e+05 9.799427980760196806e+04
3.190168554224089021e+05 9.783025403965932492e+04
3.170067909171648789e+05 9.768417128920822870e+04
3.176733382835917873e+05 9.752029012957328814e+04
3.182730234918224160e+05 9.735815460395654372e+04
3.190732869874258176e+05 9.719378814409744518e+04
3.219908948972793878e+05 9.702328629622333392e+04
3.198048850455703796e+05 9.687778996336791897e+04
3.205672525864511263e+05 9.671204240163521899e+04
3.238428410040820017e+05 9.653590101578278700e+04
3.242589539294478018e+05 9.637491608776639623e+04
3.248032789715108229e+05 9.620950231772080588e+04
3.253945238722772920e+05 9.604050153757364023e+04
3.260181547180939233e+05 9.586852439565140230e+04
3.266526411839820794e+05 9.569670470423986262e+04
3.273183600494877901e+05 9.552521980535519833e+04
3.255975279669279116e+05 9.535959823408075317e+04
3.264713234813378076e+05 9.517820104169128172e+04
3.272246103605356766e+05 9.499712124465913803e+04
3.279631528717583278e+05 9.481440293091131025e+04
3.310937337489409256e+05 9.462067469074251130e+04
3.295045924178641872e+05 9.444738898159778910e+04
3.300698509777131840e+05 9.426030911044430104e+04
3.311364127501001931e+05 9.406868745508897700e+04
3.339421611302134115e+05 9.386787870956565894e+04
3.347591105431774049e+05 9.367905858843373426e+04
3.329984127079198952e+05 9.349654086899934919e+04
3.359851419840545277e+05 9.328934538385899214e+04
3.342271941307057859e+05 9.310462267725687707e+04
3.353823694949629134e+05 9.290015795807173708e+04
3.361458893746017711e+05 9.269705910102505004e+04
3.369126057828973862e+05 9.249105984667919984e+04
3.397174280476524727e+05 9.227307480675546685e+04
3.404864804837752017e+05 9.206556641674085404e+04
3.410901229107757099e+05 9.185504561135341646e+04
3.393650849458848243e+05 9.164876340702768357e+04
3.402119696818505763e+05 9.142392508250988612e+04
3.433315640732955071e+05 9.118677687868586509e+04
3.438310884709552047e+05 9.095711861289996887e+04
3.446762867489894852e+05 9.071708193086824031e+04
3.449719939178652712e+05 9.047193383980843646e+04
3.432112007107862737e+05 9.022503525050960889e+04
3.463840286742431927e+05 8.994451245506547275e+04
3.467750949024957954e+05 8.966803126199168037e+04
3.451639139416798716e+05 8.938410622642232920e+04
3.455946774399571004e+05 8.907045976694906130e+04
3.487294493430256844e+05 8.872789408650189580e+04
3.489346762738708057e+05 8.837909974920615787e+04
3.492507377652358264e+05 8.800633109598947340e+04
3.492744603060195222e+05 8.760960886589145230e+04
3.474208353961639223e+05 8.718925356719199044e+04
3.499063177907207864e+05 8.671985810345577192e+04
3.478340110231101862e+05 8.623614593223668635e+04
3.479750531061051879e+05 8.570105878085589211e+04
3.502503958443956799e+05 8.512016207920313173e+04
3.497754104353095172e+05 8.450924664885173843e+04
3.469685783160065766e+05 8.386089806740314816e+04
3.489949167535061715e+05 8.314643803585004935e+04
3.458280562998501118e+05 8.240662917118915357e+04
3.475011902679327177e+05 8.159685246449495025e+04
3.465306992974843015e+05 8.075116342820250429e+04
3.450536306969224242e+05 7.985913254607963609e+04
3.439497224859193084e+05 7.891980196370331396e+04
3.398778096243456239e+05 7.794786955091747222e+04
3.406847590519916848e+05 7.691377505486074369e+04
3.364473460928761051e+05 7.586216867922828533e+04
3.367505899427877739e+05 7.475793550815965864e+04
3.347254107453239849e+05 7.363597559048859694e+04
3.302915642445040867e+05 7.249831636026063643e+04
3.301814260072995094e+05 7.132400323384991498e+04
3.275242432706339168e+05 7.014791822353095631e+04
3.249109265548752737e+05 6.896423069814506744e+04
3.220616318689627224e+05 6.778032579271575378e+04
3.195469263301513856e+05 6.659878192715637852e+04
3.167675624795082840e+05 6.542860192558957351e+04
3.139752393376125256e+05 6.427594116355016740e+04
3.111375310308617773e+05 6.314468067475670250e+04
3.064417444777102792e+05 6.204515638438527094e+04
3.057812938645188115e+05 6.096209666700806702e+04
3.030028509676352260e+05 5.992466407679532858e+04
3.002987403436811874e+05 5.892543226866250188e+04
2.979509381451514200e+05 5.796861083148069156e+04
2.953999411511772196e+05 5.705851962007029942e+04
2.910292452518924838e+05 5.620133485477432259e+04
2.907182196520536090e+05 5.537923690445401735e+04
2.884067104602978216e+05 5.461568474208896805e+04
2.863496235712753260e+05 5.390251318525276292e+04
2.830254407699868898e+05 5.324499725971339649e+04
2.832083676999214804e+05 5.262672943946479063e+04
2.815217953923388268e+05 5.206635376840548997e+04
2.799308080770761007e+05 5.155406363323157711e+04
2.788725874318141141e+05 5.108707296220330318e+04
2.778087221643829835e+05 5.066501332167076180e+04
2.766726514660724206e+05 5.028524088340714661e+04
2.760728598284343025e+05 4.994436112408929330e+04
2.753355827874416718e+05 4.964374162221499137e+04
2.746094325059811817e+05 4.939095862257166300e+04
2.717325964734862791e+05 4.920669800113337988e+04
2.560800852365691971e+05 4.795692697273469821e+04
4.184383843667812762e+05 4.661511834889851161e+04
