8.414369283133477438e+04 8.414369283133477438e+04
8.314299561227631057e+04 8.314299561227631057e+04
8.245720824241724040e+04 8.245720824241724040e+04
8.182700902771724213e+04 8.182700902771724213e+04
8.120234295347031730e+04 8.120234295347031730e+04
8.064896679640041839e+04 8.064896679640041839e+04
8.019609351732517825e+04 8.019609351732517825e+04
7.978096469337711460e+04 7.978096469337711460e+04
7.938119496833375888e+04 7.938119496833375888e+04
7.903538247271419095e+04 7.903538247271419095e+04
7.874440185141432448e+04 7.874440185141432448e+04
7.848316883989937196e+04 7.848316883989937196e+04
7.823042337205742660e+04 7.823042337205742660e+04
7.798388515123633260e+04 7.798388515123633260e+04
7.776336741474855808e+04 7.776336741474855808e+04
7.755616453951304720e+04 7.755616453951304720e+04
7.736159896033065161e+04 7.736159896033065161e+04
7.716889015014615143e+04 7.716889015014615143e+04
7.698898118270769191e+04 7.698898118270769191e+04
7.682271200543643499e+04 7.682271200543643499e+04
7.666432260382454842e+04 7.666432260382454842e+04
7.652590312253379670e+04 7.652590312253379670e+04
7.638584362585334748e+04 7.638584362585334748e+04
7.625235140388233413e+04 7.625235140388233413e+04
7.612671911114946124e+04 7.612671911114946124e+04
7.600905831359724107e+04 7.600905831359724107e+04
7.589642593539704103e+04 7.589642593539704103e+04
7.578381676372767834e+04 7.578381676372767834e+04
7.568955962351566995e+04 7.568955962351566995e+04
7.558928121113158704e+04 7.558928121113158704e+04
7.549425267699884716e+04 7.549425267699884716e+04
7.540346242802852066e+04 7.540346242802852066e+04
7.531633641263356549e+04 7.531633641263356549e+04
7.523516225379041862e+04 7.523516225379041862e+04
7.515851403556010337e+04 7.515851403556010337e+04
7.508477336654816463e+04 7.508477336654816463e+04
7.501226832620661298e+04 7.501226832620661298e+04
7.493833478915056912e+04 7.493833478915056912e+04
7.486440113425721938e+04 7.486440113425721938e+04
7.479220983965987398e+04 7.479220983965987398e+04
7.472280439419590402e+04 7.472280439419590402e+04
7.465507761914530420e+04 7.465507761914530420e+04
7.459037491471067187e+04 7.459037491471067187e+04
7.453487392034112418e+04 7.453487392034112418e+04
7.447684871292147727e+04 7.447684871292147727e+04
7.442256097333559592e+04 7.442256097333559592e+04
7.436572248748871789e+04 7.436572248748871789e+04
7.431440283186835586e+04 7.431440283186835586e+04
7.426186655752944353e+04 7.426186655752944353e+04
7.421283328375442943e+04 7.421283328375442943e+04
7.416293740150061785e+04 7.416293740150061785e+04
7.411272680666262750e+04 7.411272680666262750e+04
7.406457027864144766e+04 7.406457027864144766e+04
7.402117610957988654e+04 7.402117610957988654e+04
7.397420364426047308e+04 7.397420364426047308e+04
7.392873910482952488e+04 7.392873910482952488e+04
7.389155109077309316e+04 7.389155109077309316e+04
7.385181388276522921e+04 7.385181388276522921e+04
7.381154861978018016e+04 7.381154861978018016e+04
7.377248861974671308e+04 7.377248861974671308e+04
7.373329997502212063e+04 7.373329997502212063e+04
7.369835995524897589e+04 7.369835995524897589e+04
7.365908526405296288e+04 7.365908526405296288e+04
7.362507106719940202e+04 7.362507106719940202e+04
7.358838352159239003e+04 7.358838352159239003e+04
7.355661817579100898e+04 7.355661817579100898e+04
7.351972043827682501e+04 7.351972043827682501e+04
7.348803106507402845e+04 7.348803106507402845e+04
7.344837314811996475e+04 7.344837314811996475e+04
7.340753832443359715e+04 7.340753832443359715e+04
7.336452960547928524e+04 7.336452960547928524e+04
7.332521032750900486e+04 7.332521032750900486e+04
7.328227487593691330e+04 7.328227487593691330e+04
7.325215921784947568e+04 7.325215921784947568e+04
7.321871055203433207e+04 7.321871055203433207e+04
7.318964616116638354e+04 7.318964616116638354e+04
7.316351963658511522e+04 7.316351963658511522e+04
7.309844534614412987e+04 7.309844534614412987e+04
7.310406950558075914e+04 7.310406950558075914e+04
7.308354740798355488e+04 7.308354740798355488e+04
7.304768433030111191e+04 7.304768433030111191e+04
7.300063241368174204e+04 7.300063241368174204e+04
7.295826097810707870e+04 7.295826097810707870e+04
7.292083352908644883e+04 7.292083352908644883e+04
7.286582995994633529e+04 7.286582995994633529e+04
7.286476628152036574e+04 7.286476628152036574e+04
7.289317467294393282e+04 7.289317467294393282e+04
7.277530764427065151e+04 7.277530764427065151e+04
7.278565469104479416e+04 7.278565469104479416e+04
7.270816765741769632e+04 7.270816765741769632e+04
7.275293085296943900e+04 7.275293085296943900e+04
7.268775876633121516e+04 7.268775876633121516e+04
7.265445827506108617e+04 7.265445827506108617e+04
7.263555556175878155e+04 7.263555556175878155e+04
7.253957664475547790e+04 7.253957664475547790e+04
7.258394343049584131e+04 7.258394343049584131e+04
7.257163911094017385e+04 7.257163911094017385e+04
7.254481620855545043e+04 7.254481620855545043e+04
7.250233075514395023e+04 7.250233075514395023e+04
7.249156508434648276e+04 7.249156508434648276e+04
7.243472723592758121e+04 7.243472723592758121e+04
7.240611997797495860e+04 7.240611997797495860e+04
7.238217454126350640e+04 7.238217454126350640e+04
7.237253655725314457e+04 7.237253655725314457e+04
7.234072465414216276e+04 7.234072465414216276e+04
7.231974964811236714e+04 7.231974964811236714e+04
7.230849106101530197e+04 7.230849106101530197e+04
7.225931395281074219e+04 7.225931395281074219e+04
7.227949787126481533e+04 7.227949787126481533e+04
7.221692042300046887e+04 7.221692042300046887e+04
7.219312492832758289e+04 7.219312492832758289e+04
7.219803808699264482e+04 7.219803808699264482e+04
7.214355930916774378e+04 7.214355930916774378e+04
7.212171370287354512e+04 7.212171370287354512e+04
7.207950601569688297e+04 7.207950601569688297e+04
7.209618497086646676e+04 7.209618497086646676e+04
7.211049538828767254e+04 7.211049538828767254e+04
7.201616139722160005e+04 7.201616139722160005e+04
7.201779741423318046e+04 7.201779741423318046e+04
7.199002000729786232e+04 7.199002000729786232e+04
7.193930507683609903e+04 7.193930507683609903e+04
7.191422791857892298e+04 7.191422791857892298e+04
7.192694075246715511e+04 7.192694075246715511e+04
7.190879927289586340e+04 7.190879927289586340e+04
7.184099504824476026e+04 7.184099504824476026e+04
7.182841011019996949e+04 7.182841011019996949e+04
7.183345830848101468e+04 7.183345830848101468e+04
7.180350824787051533e+04 7.180350824787051533e+04
7.179334231596215977e+04 7.179334231596215977e+04
7.175671478174855292e+04 7.175671478174855292e+04
7.162956131699260732e+04 7.162956131699260732e+04
7.169773421491669433e+04 7.169773421491669433e+04
7.169054572973234463e+04 7.169054572973234463e+04
7.167102138021407882e+04 7.167102138021407882e+04
7.163533701614386518e+04 7.163533701614386518e+04
7.160824083524607704e+04 7.160824083524607704e+04
7.153311651864052692e+04 7.153311651864052692e+04
7.156392901798668026e+04 7.156392901798668026e+04
7.153757011306268396e+04 7.153757011306268396e+04
7.151673288192243490e+04 7.151673288192243490e+04
7.146003787403694878e+04 7.146003787403694878e+04
7.143020268883813696e+04 7.143020268883813696e+04
7.146217171644033806e+04 7.146217171644033806e+04
7.144428612769777828e+04 7.144428612769777828e+04
7.136395262491918402e+04 7.136395262491918402e+04
7.140105689615085430e+04 7.140105689615085430e+04
7.136277434563460702e+04 7.136277434563460702e+04
7.132553353034406609e+04 7.132553353034406609e+04
7.129906352600385435e+04 7.129906352600385435e+04
7.130618243119699764e+04 7.130618243119699764e+04
7.124804491044345195e+04 7.124804491044345195e+04
7.121504061270994134e+04 7.121504061270994134e+04
7.118171783014426182e+04 7.118171783014426182e+04
7.117955266301895608e+04 7.117955266301895608e+04
7.117393121388829604e+04 7.117393121388829604e+04
7.117912354639980185e+04 7.117912354639980185e+04
7.113656184514303459e+04 7.113656184514303459e+04
7.106985867808287730e+04 7.106985867808287730e+04
7.104611868322752707e+04 7.104611868322752707e+04
7.101138265333355230e+04 7.101138265333355230e+04
7.098886809934447228e+04 7.098886809934447228e+04
7.095489814923664380e+04 7.095489814923664380e+04
7.090662191142493975e+04 7.090662191142493975e+04
7.091479607961303554e+04 7.091479607961303554e+04
7.087256609944153752e+04 7.087256609944153752e+04
7.089586760702333413e+04 7.089586760702333413e+04
7.092209424937987933e+04 7.092209424937987933e+04
7.093991728832010995e+04 7.093991728832010995e+04
7.084515540940836945e+04 7.084515540940836945e+04
7.088941323778324295e+04 7.088941323778324295e+04
7.085256833626926527e+04 7.085256833626926527e+04
7.079060847768081294e+04 7.079060847768081294e+04
7.065377785543257778e+04 7.065377785543257778e+04
7.062101342730666511e+04 7.062101342730666511e+04
7.052035549523374357e+04 7.052035549523374357e+04
7.045014696925366297e+04 7.045014696925366297e+04
7.039558385053848906e+04 7.039558385053848906e+04
7.035367264604388038e+04 7.035367264604388038e+04
7.037659801786090247e+04 7.037659801786090247e+04
7.043592348521920212e+04 7.043592348521920212e+04
7.052158757954715111e+04 7.052158757954715111e+04
7.057839531388727482e+04 7.057839531388727482e+04
7.063628015581739601e+04 7.063628015581739601e+04
7.070592703773522226e+04 7.070592703773522226e+04
7.078048447704798309e+04 7.078048447704798309e+04
7.079245517096563708e+04 7.079245517096563708e+04
7.075462332315625099e+04 7.075462332315625099e+04
7.070176816993883403e+04 7.070176816993883403e+04
7.064149527168332133e+04 7.064149527168332133e+04
7.057593082878232235e+04 7.057593082878232235e+04
7.041528191697040165e+04 7.041528191697040165e+04
7.029372358474590874e+04 7.029372358474590874e+04
7.017864823845695355e+04 7.017864823845695355e+04
7.002565956968774844e+04 7.002565956968774844e+04
6.988022722671271185e+04 6.988022722671271185e+04
6.978496439453265339e+04 6.978496439453265339e+04
6.971229964052572905e+04 6.971229964052572905e+04
6.964634036491537699e+04 6.964634036491537699e+04
6.961176845217276423e+04 6.961176845217276423e+04
6.959994145653711166e+04 6.959994145653711166e+04
6.965479415934179269e+04 6.965479415934179269e+04
6.967133584987750510e+04 6.967133584987750510e+04
6.970839349991010386e+04 6.970839349991010386e+04
6.975651977817945590e+04 6.975651977817945590e+04
6.975826456361741293e+04 6.975826456361741293e+04
6.983658839943756175e+04 6.983658839943756175e+04
6.983038970936588885e+04 6.983038970936588885e+04
6.984670573321660049e+04 6.984670573321660049e+04
6.981716315779427532e+04 6.981716315779427532e+04
6.984106030678079696e+04 6.984106030678079696e+04
6.984390407992753899e+04 6.984390407992753899e+04
6.980352353330388723e+04 6.980352353330388723e+04
6.976641640510875732e+04 6.976641640510875732e+04
6.974587953458762786e+04 6.974587953458762786e+04
6.971471734538261080e+04 6.971471734538261080e+04
6.964405750632159470e+04 6.964405750632159470e+04
6.958467039891512832e+04 6.958467039891512832e+04
6.956175952491999487e+04 6.956175952491999487e+04
6.952050054236386495e+04 6.952050054236386495e+04
6.947407296199760458e+04 6.947407296199760458e+04
6.942695401082144235e+04 6.942695401082144235e+04
6.938694048146931164e+04 6.938694048146931164e+04
6.933786445106868632e+04 6.933786445106868632e+04
6.930718272472334502e+04 6.930718272472334502e+04
6.931110621918848483e+04 6.931110621918848483e+04
6.931767159076446842e+04 6.931767159076446842e+04
6.925399407225582399e+04 6.925399407225582399e+04
6.925085879875306273e+04 6.925085879875306273e+04
6.926454961850246764e+04 6.926454961850246764e+04
6.922025917273126834e+04 6.922025917273126834e+04
6.922076233184989542e+04 6.922076233184989542e+04
6.922265051467968442e+04 6.922265051467968442e+04
6.920556882618113013e+04 6.920556882618113013e+04
6.926762956817018858e+04 6.926762956817018858e+04
6.926950972975762852e+04 6.926950972975762852e+04
6.921611328919386142e+04 6.921611328919386142e+04
6.921307846587779932e+04 6.921307846587779932e+04
6.918038496110832784e+04 6.918038496110832784e+04
6.915565772205256508e+04 6.915565772205256508e+04
6.910808678477580543e+04 6.910808678477580543e+04
6.903379037096389220e+04 6.903379037096389220e+04
6.893248433334557922e+04 6.893248433334557922e+04
6.882325155207639909e+04 6.882325155207639909e+04
6.875030828699163976e+04 6.875030828699163976e+04
6.860105639645470364e+04 6.860105639645470364e+04
6.850545770072958840e+04 6.850545770072958840e+04
6.838337448038908769e+04 6.838337448038908769e+04
6.832756946643743140e+04 6.832756946643743140e+04
6.824141454286318913e+04 6.824141454286318913e+04
6.814615034377084521e+04 6.814615034377084521e+04
6.810307474518186064e+04 6.810307474518186064e+04
6.809492312070303888e+04 6.809492312070303888e+04
6.806668003456701990e+04 6.806668003456701990e+04
6.804615420875775453e+04 6.804615420875775453e+04
6.805581391185623943e+04 6.805581391185623943e+04
6.807347157421415613e+04 6.807347157421415613e+04
6.810556235165568069e+04 6.810556235165568069e+04
6.811065763183918898e+04 6.811065763183918898e+04
6.812728532097408606e+04 6.812728532097408606e+04
6.815362094396738394e+04 6.815362094396738394e+04
6.814971454419076326e+04 6.814971454419076326e+04
6.819758054282960074e+04 6.819758054282960074e+04
6.822296272005919309e+04 6.822296272005919309e+04
6.823793886752759863e+04 6.823793886752759863e+04
6.815341768293223868e+04 6.815341768293223868e+04
6.818623345032264479e+04 6.818623345032264479e+04
6.814808489215921145e+04 6.814808489215921145e+04
6.810616596588866378e+04 6.810616596588866378e+04
6.804866617446040618e+04 6.804866617446040618e+04
6.801854076577156957e+04 6.801854076577156957e+04
6.792992809397395467e+04 6.792992809397395467e+04
6.786744534659139754e+04 6.786744534659139754e+04
6.781898027486169303e+04 6.781898027486169303e+04
6.775485440360021312e+04 6.775485440360021312e+04
6.765658275478080031e+04 6.765658275478080031e+04
6.747537351357833541e+04 6.747537351357833541e+04
6.747304233022262633e+04 6.747304233022262633e+04
6.740207070944273437e+04 6.740207070944273437e+04
6.738099798329439363e+04 6.738099798329439363e+04
6.734531351373771031e+04 6.734531351373771031e+04
6.729330693301059364e+04 6.729330693301059364e+04
6.730842994232135243e+04 6.730842994232135243e+04
6.722270806079969043e+04 6.722270806079969043e+04
6.721532880881705205e+04 6.721532880881705205e+04
6.722537261216370098e+04 6.722537261216370098e+04
6.721315097177312418e+04 6.721315097177312418e+04
6.719025114208340528e+04 6.719025114208340528e+04
6.718816022438486107e+04 6.718816022438486107e+04
6.716526769586595765e+04 6.716526769586595765e+04
6.718065305554209044e+04 6.718065305554209044e+04
6.716405155038661906e+04 6.716405155038661906e+04
6.705682758228715102e+04 6.705682758228715102e+04
6.711250737973098876e+04 6.711250737973098876e+04
6.709130839039639977e+04 6.709130839039639977e+04
6.700656694734844496e+04 6.700656694734844496e+04
6.697981582164036809e+04 6.697981582164036809e+04
6.694429559491651889e+04 6.694429559491651889e+04
6.689384318504482508e+04 6.689384318504482508e+04
6.682287642519637302e+04 6.682287642519637302e+04
6.677091155493844417e+04 6.677091155493844417e+04
6.675586580147931818e+04 6.675586580147931818e+04
6.671247609112873033e+04 6.671247609112873033e+04
6.668855802092568774e+04 6.668855802092568774e+04
6.664712532494928746e+04 6.664712532494928746e+04
6.660687784862793342e+04 6.660687784862793342e+04
6.655257442625770636e+04 6.655257442625770636e+04
6.648887205616557912e+04 6.648887205616557912e+04
6.645669661668523622e+04 6.645669661668523622e+04
6.640510744361119578e+04 6.640510744361119578e+04
6.641151158655798645e+04 6.641151158655798645e+04
6.638197408873098902e+04 6.638197408873098902e+04
6.634232287435444596e+04 6.634232287435444596e+04
6.633133034812385449e+04 6.633133034812385449e+04
6.630669984877359821e+04 6.630669984877359821e+04
6.627112347274387139e+04 6.627112347274387139e+04
6.622203586056413769e+04 6.622203586056413769e+04
6.617488950603021658e+04 6.617488950603021658e+04
6.614877284162883007e+04 6.614877284162883007e+04
6.614941167850306374e+04 6.614941167850306374e+04
6.612000269872524950e+04 6.612000269872524950e+04
6.606979412494788994e+04 6.606979412494788994e+04
6.603793400843268319e+04 6.603793400843268319e+04
6.597337826509655861e+04 6.597337826509655861e+04
6.589587414795011864e+04 6.589587414795011864e+04
6.590659001841963618e+04 6.590659001841963618e+04
6.588474543680458737e+04 6.588474543680458737e+04
6.580368228804894898e+04 6.580368228804894898e+04
6.579091084726694680e+04 6.579091084726694680e+04
6.571249461543555663e+04 6.571249461543555663e+04
6.570361900106820394e+04 6.570361900106820394e+04
6.566659770061027666e+04 6.566659770061027666e+04
6.565475108308599738e+04 6.565475108308599738e+04
6.561772079533741635e+04 6.561772079533741635e+04
6.557748477699988871e+04 6.557748477699988871e+04
6.555664148349760217e+04 6.555664148349760217e+04
6.549552164508101123e+04 6.549552164508101123e+04
6.545646390546150360e+04 6.545646390546150360e+04
6.541500712789363024e+04 6.541500712789363024e+04
6.536975124905545090e+04 6.536975124905545090e+04
6.535191826649587165e+04 6.535191826649587165e+04
6.529022539839224191e+04 6.529022539839224191e+04
6.524599698648457706e+04 6.524599698648457706e+04
6.521366978246829240e+04 6.521366978246829240e+04
6.515935994063995167e+04 6.515935994063995167e+04
6.507639240742370748e+04 6.507639240742370748e+04
6.508170818356044765e+04 6.508170818356044765e+04
6.506991106825732277e+04 6.506991106825732277e+04
6.503615951783341006e+04 6.503615951783341006e+04
6.499674420063549769e+04 6.499674420063549769e+04
6.494637319887336344e+04 6.494637319887336344e+04
6.492336456766541232e+04 6.492336456766541232e+04
6.479448266670385783e+04 6.479448266670385783e+04
6.483967901961078314e+04 6.483967901961078314e+04
6.478818793757198728e+04 6.478818793757198728e+04
6.475527081165336131e+04 6.475527081165336131e+04
6.471907572442734818e+04 6.471907572442734818e+04
6.465902945908119727e+04 6.465902945908119727e+04
6.463150295118401846e+04 6.463150295118401846e+04
6.457820222894619656e+04 6.457820222894619656e+04
6.455063383630916360e+04 6.455063383630916360e+04
6.449155156557596638e+04 6.449155156557596638e+04
6.441457112531110033e+04 6.441457112531110033e+04
6.439460085075069219e+04 6.439460085075069219e+04
6.437392490139771689e+04 6.437392490139771689e+04
6.432823659870152187e+04 6.432823659870152187e+04
6.428914356608512753e+04 6.428914356608512753e+04
6.426239801785325835e+04 6.426239801785325835e+04
6.421173389181021048e+04 6.421173389181021048e+04
6.412409144974540686e+04 6.412409144974540686e+04
6.412616637091607845e+04 6.412616637091607845e+04
6.406554824616311816e+04 6.406554824616311816e+04
6.404526899743037211e+04 6.404526899743037211e+04
6.401709841819068242e+04 6.401709841819068242e+04
6.397158874520968675e+04 6.397158874520968675e+04
6.394404267616160359e+04 6.394404267616160359e+04
6.388817065140079649e+04 6.388817065140079649e+04
6.386283040366101341e+04 6.386283040366101341e+04
6.380502861113526887e+04 6.380502861113526887e+04
6.375773176218251319e+04 6.375773176218251319e+04
6.371878424834507314e+04 6.371878424834507314e+04
6.367458832230662665e+04 6.367458832230662665e+04
6.361563923942315159e+04 6.361563923942315159e+04
6.361199769407849089e+04 6.361199769407849089e+04
6.356484791712646984e+04 6.356484791712646984e+04
6.351840182552092301e+04 6.351840182552092301e+04
6.349227362360579718e+04 6.349227362360579718e+04
6.345132890387305088e+04 6.345132890387305088e+04
6.341503641453688033e+04 6.341503641453688033e+04
6.336310819465583336e+04 6.336310819465583336e+04
6.332853735694474017e+04 6.332853735694474017e+04
6.329340142800167087e+04 6.329340142800167087e+04
6.323897837835040264e+04 6.323897837835040264e+04
6.319181192549636762e+04 6.319181192549636762e+04
6.315030288278791704e+04 6.315030288278791704e+04
6.309640467821675702e+04 6.309640467821675702e+04
6.305554381940945314e+04 6.305554381940945314e+04
6.299113436121454288e+04 6.299113436121454288e+04
6.297351884856668039e+04 6.297351884856668039e+04
6.290025150141977065e+04 6.290025150141977065e+04
6.288013625617914659e+04 6.288013625617914659e+04
6.285423097548624355e+04 6.285423097548624355e+04
6.279365170717267029e+04 6.279365170717267029e+04
6.270966615655573696e+04 6.270966615655573696e+04
6.270839564309020352e+04 6.270839564309020352e+04
6.266676734997765016e+04 6.266676734997765016e+04
6.262065912345873221e+04 6.262065912345873221e+04
6.256903644276298292e+04 6.256903644276298292e+04
6.252659668657943257e+04 6.252659668657943257e+04
6.248721938927849260e+04 6.248721938927849260e+04
6.242629011643232661e+04 6.242629011643232661e+04
6.239203527026998927e+04 6.239203527026998927e+04
6.229779051599292870e+04 6.229779051599292870e+04
6.228714189918045304e+04 6.228714189918045304e+04
6.224746656718952727e+04 6.224746656718952727e+04
6.221262316297586221e+04 6.221262316297586221e+04
6.215351172938576201e+04 6.215351172938576201e+04
6.210290446074128704e+04 6.210290446074128704e+04
6.207554869146893907e+04 6.207554869146893907e+04
6.202105922216033650e+04 6.202105922216033650e+04
6.195422958864749671e+04 6.195422958864749671e+04
6.191787761592376046e+04 6.191787761592376046e+04
6.186505961151044175e+04 6.186505961151044175e+04
6.178655928985685023e+04 6.178655928985685023e+04
6.176833362298536667e+04 6.176833362298536667e+04
6.174767183725300129e+04 6.174767183725300129e+04
6.168183939368335268e+04 6.168183939368335268e+04
6.163474845446561812e+04 6.163474845446561812e+04
6.159666151234530116e+04 6.159666151234530116e+04
6.154764634927726001e+04 6.154764634927726001e+04
6.149684898772140878e+04 6.149684898772140878e+04
6.144190460311531206e+04 6.144190460311531206e+04
6.141930504576338717e+04 6.141930504576338717e+04
6.136608352980008931e+04 6.136608352980008931e+04
6.133569254008962162e+04 6.133569254008962162e+04
6.127871572747678874e+04 6.127871572747678874e+04
6.123512677952223748e+04 6.123512677952223748e+04
6.120156147686763870e+04 6.120156147686763870e+04
6.107448069252247660e+04 6.107448069252247660e+04
6.109961351089408709e+04 6.109961351089408709e+04
6.098117843773016648e+04 6.098117843773016648e+04
6.100169959126041795e+04 6.100169959126041795e+04
6.094090320226576296e+04 6.094090320226576296e+04
6.089381921530535328e+04 6.089381921530535328e+04
6.085829295018227276e+04 6.085829295018227276e+04
6.079836852705844649e+04 6.079836852705844649e+04
6.077057011333219998e+04 6.077057011333219998e+04
6.073592162146655028e+04 6.073592162146655028e+04
6.067866160935423250e+04 6.067866160935423250e+04
6.063548495882299176e+04 6.063548495882299176e+04
6.060081914344370307e+04 6.060081914344370307e+04
6.057350533220759098e+04 6.057350533220759098e+04
6.050089990917561227e+04 6.050089990917561227e+04
6.046594495027884841e+04 6.046594495027884841e+04
6.041020422345258703e+04 6.041020422345258703e+04
6.036455631461331359e+04 6.036455631461331359e+04
6.033170866649069649e+04 6.033170866649069649e+04
6.027900240236231912e+04 6.027900240236231912e+04
6.022730669906635740e+04 6.022730669906635740e+04
6.014256593644105305e+04 6.014256593644105305e+04
6.012711218031319731e+04 6.012711218031319731e+04
6.008733137920253648e+04 6.008733137920253648e+04
5.998597507704741292e+04 5.998597507704741292e+04
5.999580341934769240e+04 5.999580341934769240e+04
5.994703181783264154e+04 5.994703181783264154e+04
5.990201004774698958e+04 5.990201004774698958e+04
5.981089730834610964e+04 5.981089730834610964e+04
5.980070653532566939e+04 5.980070653532566939e+04
5.975915615813564364e+04 5.975915615813564364e+04
5.972520310831499228e+04 5.972520310831499228e+04
5.966667817048807046e+04 5.966667817048807046e+04
5.961832420219983032e+04 5.961832420219983032e+04
5.958118879193827161e+04 5.958118879193827161e+04
5.953297036152910005e+04 5.953297036152910005e+04
5.948368971075853187e+04 5.948368971075853187e+04
5.944218490355312679e+04 5.944218490355312679e+04
5.935136691938587319e+04 5.935136691938587319e+04
5.933969186788974184e+04 5.933969186788974184e+04
5.929204567405364651e+04 5.929204567405364651e+04
5.923999157479272981e+04 5.923999157479272981e+04
5.919314063498913310e+04 5.919314063498913310e+04
5.915062733473521075e+04 5.915062733473521075e+04
5.909641011963812343e+04 5.909641011963812343e+04
5.905581899018203694e+04 5.905581899018203694e+04
5.900470285336889356e+04 5.900470285336889356e+04
5.896400326590621989e+04 5.896400326590621989e+04
5.891827358633567201e+04 5.891827358633567201e+04
5.885791264967185998e+04 5.885791264967185998e+04
5.881758017697896867e+04 5.881758017697896867e+04
5.871523302120360313e+04 5.871523302120360313e+04
5.871862837952784321e+04 5.871862837952784321e+04
5.866669972815435176e+04 5.866669972815435176e+04
5.861095836459787097e+04 5.861095836459787097e+04
5.857704398755730654e+04 5.857704398755730654e+04
5.848499665639476007e+04 5.848499665639476007e+04
5.847700616633576283e+04 5.847700616633576283e+04
5.843545723947288207e+04 5.843545723947288207e+04
5.837958717776041158e+04 5.837958717776041158e+04
5.833725787503339234e+04 5.833725787503339234e+04
5.829230769733939815e+04 5.829230769733939815e+04
5.825364893631634914e+04 5.825364893631634914e+04
5.822078318716306239e+04 5.822078318716306239e+04
5.815610117051492853e+04 5.815610117051492853e+04
5.810550508737663768e+04 5.810550508737663768e+04
5.806195888244093658e+04 5.806195888244093658e+04
5.802457030112379289e+04 5.802457030112379289e+04
5.796844225247381110e+04 5.796844225247381110e+04
5.792672366767007770e+04 5.792672366767007770e+04
5.788751802077330649e+04 5.788751802077330649e+04
5.783848882373551169e+04 5.783848882373551169e+04
5.777799104863234243e+04 5.777799104863234243e+04
5.774802006196576258e+04 5.774802006196576258e+04
5.769947046915675310e+04 5.769947046915675310e+04
5.762836825628423685e+04 5.762836825628423685e+04
5.760700923151169991e+04 5.760700923151169991e+04
5.750854494416894158e+04 5.750854494416894158e+04
5.751040870410182106e+04 5.751040870410182106e+04
5.746664256673175259e+04 5.746664256673175259e+04
5.742505514887942991e+04 5.742505514887942991e+04
5.736991873815862346e+04 5.736991873815862346e+04
5.733936472045412665e+04 5.733936472045412665e+04
5.725625116862432333e+04 5.725625116862432333e+04
5.724164138165766781e+04 5.724164138165766781e+04
5.719278878305025137e+04 5.719278878305025137e+04
5.714549088985210983e+04 5.714549088985210983e+04
5.710335013887722744e+04 5.710335013887722744e+04
5.702630618200382014e+04 5.702630618200382014e+04
5.700323687250499643e+04 5.700323687250499643e+04
5.694507572145380254e+04 5.694507572145380254e+04
5.690683002556661813e+04 5.690683002556661813e+04
5.686956275753008231e+04 5.686956275753008231e+04
5.680778299293985037e+04 5.680778299293985037e+04
5.676682281710643292e+04 5.676682281710643292e+04
5.671256027710041963e+04 5.671256027710041963e+04
5.667665037030865642e+04 5.667665037030865642e+04
5.663066480390854122e+04 5.663066480390854122e+04
5.656319561797103233e+04 5.656319561797103233e+04
5.653409840425840230e+04 5.653409840425840230e+04
5.649338451236800756e+04 5.649338451236800756e+04
5.642925883911662095e+04 5.642925883911662095e+04
5.640141881049526273e+04 5.640141881049526273e+04
5.634642606099508703e+04 5.634642606099508703e+04
5.630602325927758648e+04 5.630602325927758648e+04
5.626341313585494936e+04 5.626341313585494936e+04
5.616151817743953870e+04 5.616151817743953870e+04
5.616976100565584056e+04 5.616976100565584056e+04
5.607997849803254940e+04 5.607997849803254940e+04
5.606881284396284173e+04 5.606881284396284173e+04
5.602408839412785164e+04 5.602408839412785164e+04
5.598121699107623135e+04 5.598121699107623135e+04
5.592385321651541017e+04 5.592385321651541017e+04
5.589575005422378308e+04 5.589575005422378308e+04
5.583655247195387346e+04 5.583655247195387346e+04
5.579593143915200926e+04 5.579593143915200926e+04
5.576252523133592331e+04 5.576252523133592331e+04
5.570356952780482243e+04 5.570356952780482243e+04
5.566852091335243313e+04 5.566852091335243313e+04
5.562248854059584119e+04 5.562248854059584119e+04
5.558121410039994953e+04 5.558121410039994953e+04
5.553511068646229251e+04 5.553511068646229251e+04
5.548796191185167845e+04 5.548796191185167845e+04
5.544780289354307752e+04 5.544780289354307752e+04
5.540656140710750333e+04 5.540656140710750333e+04
5.535981112627540278e+04 5.535981112627540278e+04
5.532309586651698191e+04 5.532309586651698191e+04
5.527366463993929938e+04 5.527366463993929938e+04
5.524883346451268153e+04 5.524883346451268153e+04
5.519045473737832799e+04 5.519045473737832799e+04
5.515158855768851208e+04 5.515158855768851208e+04
5.510276161389717163e+04 5.510276161389717163e+04
5.506515522813871212e+04 5.506515522813871212e+04
5.501401360885790928e+04 5.501401360885790928e+04
5.496470300048617355e+04 5.496470300048617355e+04
5.493232954398338188e+04 5.493232954398338188e+04
5.488638286072094343e+04 5.488638286072094343e+04
5.484258448747611692e+04 5.484258448747611692e+04
5.480092323486388341e+04 5.480092323486388341e+04
5.478362355847918661e+04 5.478362355847918661e+04
5.472018829929399362e+04 5.472018829929399362e+04
5.466101658288388717e+04 5.466101658288388717e+04
5.463336278837116697e+04 5.463336278837116697e+04
5.458606699457776267e+04 5.458606699457776267e+04
5.453712438164305786e+04 5.453712438164305786e+04
5.449307783527438733e+04 5.449307783527438733e+04
5.446210822109817673e+04 5.446210822109817673e+04
5.442688191368090338e+04 5.442688191368090338e+04
5.437057741444459680e+04 5.437057741444459680e+04
5.432355548743769759e+04 5.432355548743769759e+04
5.428592177862164681e+04 5.428592177862164681e+04
5.421311033332716033e+04 5.421311033332716033e+04
5.419454800511214853e+04 5.419454800511214853e+04
5.415882789080426301e+04 5.415882789080426301e+04
5.407917072630643816e+04 5.407917072630643816e+04
5.407549183348713268e+04 5.407549183348713268e+04
5.403683736068078724e+04 5.403683736068078724e+04
5.399209399981441675e+04 5.399209399981441675e+04
5.394882293823164218e+04 5.394882293823164218e+04
5.390484338217706681e+04 5.390484338217706681e+04
5.386807894074361684e+04 5.386807894074361684e+04
5.382892278207509662e+04 5.382892278207509662e+04
5.377485164636538684e+04 5.377485164636538684e+04
5.374385687067709659e+04 5.374385687067709659e+04
5.368559915149288281e+04 5.368559915149288281e+04
5.366107886969738320e+04 5.366107886969738320e+04
5.361039194541460165e+04 5.361039194541460165e+04
5.357647385828340339e+04 5.357647385828340339e+04
5.353384462905910186e+04 5.353384462905910186e+04
5.348401744889609836e+04 5.348401744889609836e+04
5.345434977050375892e+04 5.345434977050375892e+04
5.339944246444391320e+04 5.339944246444391320e+04
5.337283918442738650e+04 5.337283918442738650e+04
5.330778040495974710e+04 5.330778040495974710e+04
5.328829376580954704e+04 5.328829376580954704e+04
5.324092998228088982e+04 5.324092998228088982e+04
5.319409003551227943e+04 5.319409003551227943e+04
5.315803502232125174e+04 5.315803502232125174e+04
5.312909733749041334e+04 5.312909733749041334e+04
5.303876435600803961e+04 5.303876435600803961e+04
5.303867518478274724e+04 5.303867518478274724e+04
5.300271331280017330e+04 5.300271331280017330e+04
5.296288883678895218e+04 5.296288883678895218e+04
5.293135687549675640e+04 5.293135687549675640e+04
5.288260372027599806e+04 5.288260372027599806e+04
5.284599463766717236e+04 5.284599463766717236e+04
5.281446763548001763e+04 5.281446763548001763e+04
5.275926742242425826e+04 5.275926742242425826e+04
5.274289105936593842e+04 5.274289105936593842e+04
5.268560043134608713e+04 5.268560043134608713e+04
5.265208226586405362e+04 5.265208226586405362e+04
5.262688208831148222e+04 5.262688208831148222e+04
5.258230085409611638e+04 5.258230085409611638e+04
5.254440344672294304e+04 5.254440344672294304e+04
5.250606268777071091e+04 5.250606268777071091e+04
5.245988759273230244e+04 5.245988759273230244e+04
5.242731730026294099e+04 5.242731730026294099e+04
5.238407201668379275e+04 5.238407201668379275e+04
5.234705453519397270e+04 5.234705453519397270e+04
5.230766569199642981e+04 5.230766569199642981e+04
5.227708556837633660e+04 5.227708556837633660e+04
5.223394755720420653e+04 5.223394755720420653e+04
5.219737855504792242e+04 5.219737855504792242e+04
5.215937820055887278e+04 5.215937820055887278e+04
5.212504017645044223e+04 5.212504017645044223e+04
5.209063458861569234e+04 5.209063458861569234e+04
5.205212865578682249e+04 5.205212865578682249e+04
5.201347580038027809e+04 5.201347580038027809e+04
5.198057705380103289e+04 5.198057705380103289e+04
5.194600460020185710e+04 5.194600460020185710e+04
5.190446053059974656e+04 5.190446053059974656e+04
5.187454139610527636e+04 5.187454139610527636e+04
5.183469846596880961e+04 5.183469846596880961e+04
5.179883929206724861e+04 5.179883929206724861e+04
5.176862536240553163e+04 5.176862536240553163e+04
5.171604563109356241e+04 5.171604563109356241e+04
5.168866836308369238e+04 5.168866836308369238e+04
5.164529440389724186e+04 5.164529440389724186e+04
5.160925497384217306e+04 5.160925497384217306e+04
5.157112401949983177e+04 5.157112401949983177e+04
5.153971568772503815e+04 5.153971568772503815e+04
5.151098319457127945e+04 5.151098319457127945e+04
5.142020309626760718e+04 5.142020309626760718e+04
5.142157141049847996e+04 5.142157141049847996e+04
5.139325729079641314e+04 5.139325729079641314e+04
5.134560625311909098e+04 5.134560625311909098e+04
5.132168940054060658e+04 5.132168940054060658e+04
5.127814944133270910e+04 5.127814944133270910e+04
5.124676068222238973e+04 5.124676068222238973e+04
5.120198676974896080e+04 5.120198676974896080e+04
5.118086939803772839e+04 5.118086939803772839e+04
5.113729241641981207e+04 5.113729241641981207e+04
5.109535342002328252e+04 5.109535342002328252e+04
5.106054362716709875e+04 5.106054362716709875e+04
5.103526231481185823e+04 5.103526231481185823e+04
5.099300809634183679e+04 5.099300809634183679e+04
5.096402863002163940e+04 5.096402863002163940e+04
5.090261526037057774e+04 5.090261526037057774e+04
5.089386954343105754e+04 5.089386954343105754e+04
5.084713141213120252e+04 5.084713141213120252e+04
5.081643264297149290e+04 5.081643264297149290e+04
5.078904871121759061e+04 5.078904871121759061e+04
5.073751383432433067e+04 5.073751383432433067e+04
5.072095280017117329e+04 5.072095280017117329e+04
5.061381812554170756e+04 5.061381812554170756e+04
5.063930156814734801e+04 5.063930156814734801e+04
5.062355378118722001e+04 5.062355378118722001e+04
5.057326894187711150e+04 5.057326894187711150e+04
5.054519061609692289e+04 5.054519061609692289e+04
5.050636443598521146e+04 5.050636443598521146e+04
5.048918799828743067e+04 5.048918799828743067e+04
5.045205693799968867e+04 5.045205693799968867e+04
5.041649732380686328e+04 5.041649732380686328e+04
5.039527676565581351e+04 5.039527676565581351e+04
5.035310326381774939e+04 5.035310326381774939e+04
5.032173302479283302e+04 5.032173302479283302e+04
5.028761555402407976e+04 5.028761555402407976e+04
5.025467934283344221e+04 5.025467934283344221e+04
5.023422810423911869e+04 5.023422810423911869e+04
5.015393761508706666e+04 5.015393761508706666e+04
5.016134995834441361e+04 5.016134995834441361e+04
5.013427507183058333e+04 5.013427507183058333e+04
5.010220491020513145e+04 5.010220491020513145e+04
5.007159109796548000e+04 5.007159109796548000e+04
5.004465323950131278e+04 5.004465323950131278e+04
5.000914945863075991e+04 5.000914945863075991e+04
4.997778526350547327e+04 4.997778526350547327e+04
4.995830356834200211e+04 4.995830356834200211e+04
4.991149591143123689e+04 4.991149591143123689e+04
4.989843955546511279e+04 4.989843955546511279e+04
4.985337898352317279e+04 4.985337898352317279e+04
4.983344991140744241e+04 4.983344991140744241e+04
4.980918407448485232e+04 4.980918407448485232e+04
4.978021647963071882e+04 4.978021647963071882e+04
4.974573080711642251e+04 4.974573080711642251e+04
4.972725678457709728e+04 4.972725678457709728e+04
4.968597661525612784e+04 4.968597661525612784e+04
4.966943669318650791e+04 4.966943669318650791e+04
4.963025785773974349e+04 4.963025785773974349e+04
4.961070085716815083e+04 4.961070085716815083e+04
4.957227220971070346e+04 4.957227220971070346e+04
4.954706866117085156e+04 4.954706866117085156e+04
4.952932159319835046e+04 4.952932159319835046e+04
4.947164139700894884e+04 4.947164139700894884e+04
4.919036881517479196e+04 4.919036881517479196e+04
5.095906326000848640e+04 5.095906326000848640e+04
1.446245250222462928e+05 1.446245250222462928e+05
3.948787035922884825e+05 3.948787035922884825e+05
5.295768799836968537e+05 5.295768799836968537e+05
4.788114121359504061e+05 4.788114121359504061e+05
4.021927191019062884e+05 4.021927191019062884e+05
3.303743681756083970e+05 3.303743681756083970e+05
3.104217018203155021e+05 3.104217018203155021e+05
3.147211294597082888e+05 3.147211294597082888e+05
3.109332902145676198e+05 3.109332902145676198e+05
2.956121243994312827e+05 2.956121243994312827e+05
2.639453939248762908e+05 2.639453939248762908e+05
2.422626394463182951e+05 2.422626394463182951e+05
2.371337020095667103e+05 2.371337020095667103e+05
2.449339552544575126e+05 2.449339552544575126e+05
2.608144546186916123e+05 2.608144546186916123e+05
2.752068978863550001e+05 2.752068978863550001e+05
2.797875752190020285e+05 2.797875752190020285e+05
2.656851476648764219e+05 2.656851476648764219e+05
2.361199977155074012e+05 2.361199977155074012e+05
2.019815038447857951e+05 2.019815038447857951e+05
1.790508359410318080e+05 1.790508359410318080e+05
1.599769587212784099e+05 1.599769587212784099e+05
1.399828694089216006e+05 1.399828694089216006e+05
1.279726948810875037e+05 1.279726948810875037e+05
1.352079789397807908e+05 1.352079789397807908e+05
1.519501112635915051e+05 1.519501112635915051e+05
1.529710449087808956e+05 1.529710449087808956e+05
1.490440963729727955e+05 1.490440963729727955e+05
1.627034028003445128e+05 1.627034028003445128e+05
1.761276906278881943e+05 1.761276906278881943e+05
1.923230094237434096e+05 1.923230094237434096e+05
2.118692494791786885e+05 2.118692494791786885e+05
2.323289701424285886e+05 2.323289701424285886e+05
2.419759374600216106e+05 2.419759374600216106e+05
2.385425580150297901e+05 2.385425580150297901e+05
2.195145452319193864e+05 2.195145452319193864e+05
1.822909839388774126e+05 1.822909839388774126e+05
1.522417074038904975e+05 1.522417074038904975e+05
1.389489429050394101e+05 1.389489429050394101e+05
1.300703872102132009e+05 1.300703872102132009e+05
1.257203197019921936e+05 1.257203197019921936e+05
1.287280925549149979e+05 1.287280925549149979e+05
1.376963309754953079e+05 1.376963309754953079e+05
1.540685438751463953e+05 1.540685438751463953e+05
1.696404651574724994e+05 1.696404651574724994e+05
1.792683172672863875e+05 1.792683172672863875e+05
1.803135889931085985e+05 1.803135889931085985e+05
1.708475330666879017e+05 1.708475330666879017e+05
1.589924946713935933e+05 1.589924946713935933e+05
1.458566088237331132e+05 1.458566088237331132e+05
1.400665822965952102e+05 1.400665822965952102e+05
1.386416769257101987e+05 1.386416769257101987e+05
1.298029299133877066e+05 1.298029299133877066e+05
1.155031257278356061e+05 1.155031257278356061e+05
1.036060236122573988e+05 1.036060236122573988e+05
9.467311763100147073e+04 9.467311763100147073e+04
1.051407644242426031e+05 1.051407644242426031e+05
1.193503494618199038e+05 1.193503494618199038e+05
1.342246822820857051e+05 1.342246822820857051e+05
1.511506935080696130e+05 1.511506935080696130e+05
1.662724698884261888e+05 1.662724698884261888e+05
1.772128533420868043e+05 1.772128533420868043e+05
1.827785214656220051e+05 1.827785214656220051e+05
1.787638009148795099e+05 1.787638009148795099e+05
1.601112422979502007e+05 1.601112422979502007e+05
1.257045030436620000e+05 1.257045030436620000e+05
6.379594598738031345e+04 6.379594598738031345e+04
8.992874307345648413e+04 8.992874307345648413e+04
8.964853066123506869e+04 8.964853066123506869e+04
9.215729978979515727e+04 9.215729978979515727e+04
9.936938591763506702e+04 9.936938591763506702e+04
1.051923372305405937e+05 1.051923372305405937e+05
1.047695388749856938e+05 1.047695388749856938e+05
1.149789509112928063e+05 1.149789509112928063e+05
1.188769413678095007e+05 1.188769413678095007e+05
1.209290193081423931e+05 1.209290193081423931e+05
1.224498106387941953e+05 1.224498106387941953e+05
1.205716720448426058e+05 1.205716720448426058e+05
1.153621908119466971e+05 1.153621908119466971e+05
1.136067556951298029e+05 1.136067556951298029e+05
1.206781818049131980e+05 1.206781818049131980e+05
1.428736860052410048e+05 1.428736860052410048e+05
1.751835080926287046e+05 1.751835080926287046e+05
2.055633141391513054e+05 2.055633141391513054e+05
2.301028714085016982e+05 2.301028714085016982e+05
2.467082933300535078e+05 2.467082933300535078e+05
2.606820268673723040e+05 2.606820268673723040e+05
2.739696521351233823e+05 2.739696521351233823e+05
2.884296512795116287e+05 2.884296512795116287e+05
3.058582615193165257e+05 3.058582615193165257e+05
3.253291596182850190e+05 3.253291596182850190e+05
3.477734025637963787e+05 3.477734025637963787e+05
3.712086373828719952e+05 3.712086373828719952e+05
4.012479609931582818e+05 4.012479609931582818e+05
4.322290564537239843e+05 4.322290564537239843e+05
4.710851089779178728e+05 4.710851089779178728e+05
5.167305934183488134e+05 5.167305934183488134e+05
5.728831133598474553e+05 5.728831133598474553e+05
6.380727209960969631e+05 6.380727209960969631e+05
7.262471447800366441e+05 7.262471447800366441e+05
8.216512664169362979e+05 8.216512664169362979e+05
9.355175279558170587e+05 9.355175279558170587e+05
1.034752553819524008e+06 1.034752553819524008e+06
1.136069171004643897e+06 1.136069171004643897e+06
1.221464990814995021e+06 1.221464990814995021e+06
1.287551801485239062e+06 1.287551801485239062e+06
1.328464558555769967e+06 1.328464558555769967e+06
1.340135312282112893e+06 1.340135312282112893e+06
1.331328030162417097e+06 1.331328030162417097e+06
1.311971228051855927e+06 1.311971228051855927e+06
1.278821804313783068e+06 1.278821804313783068e+06
1.252084794711312978e+06 1.252084794711312978e+06
1.230184727082007099e+06 1.230184727082007099e+06
1.200743342852209928e+06 1.200743342852209928e+06
1.177183474449936068e+06 1.177183474449936068e+06
1.155342095789029961e+06 1.155342095789029961e+06
1.141253779206091072e+06 1.141253779206091072e+06
1.120360009228524053e+06 1.120360009228524053e+06
1.105898007356324932e+06 1.105898007356324932e+06
1.078269045026645996e+06 1.078269045026645996e+06
1.062544106915781973e+06 1.062544106915781973e+06
1.034672594847513945e+06 1.034672594847513945e+06
1.024575070936291013e+06 1.024575070936291013e+06
1.003894454146474018e+06 1.003894454146474018e+06
1.001040228401493048e+06 1.001040228401493048e+06
9.857312732111008372e+05 9.857312732111008372e+05
9.764865443841405213e+05 9.764865443841405213e+05
9.546021885344297625e+05 9.546021885344297625e+05
9.382099611569934059e+05 9.382099611569934059e+05
9.208119285814415198e+05 9.208119285814415198e+05
9.048483535884096054e+05 9.048483535884096054e+05
8.944954399351289030e+05 8.944954399351289030e+05
8.887135411963772494e+05 8.887135411963772494e+05
8.863722326102394145e+05 8.863722326102394145e+05
9.044573748113462934e+05 9.044573748113462934e+05
8.829389030769177480e+05 8.829389030769177480e+05
8.846812538604531437e+05 8.846812538604531437e+05
8.618567209230636945e+05 8.618567209230636945e+05
8.416423434454503004e+05 8.416423434454503004e+05
8.265634757322492078e+05 8.265634757322492078e+05
8.058714171141027473e+05 8.058714171141027473e+05
7.988893755234570708e+05 7.988893755234570708e+05
7.902447081316296244e+05 7.902447081316296244e+05
7.848724695637339028e+05 7.848724695637339028e+05
7.777398734773718752e+05 7.777398734773718752e+05
7.712803787351745414e+05 7.712803787351745414e+05
7.627024521708698012e+05 7.627024521708698012e+05
7.565904961602170952e+05 7.565904961602170952e+05
7.496595516318272566e+05 7.496595516318272566e+05
7.441989563703964232e+05 7.441989563703964232e+05
7.414753822417568881e+05 7.414753822417568881e+05
7.385094157134691486e+05 7.385094157134691486e+05
7.354402216845662333e+05 7.354402216845662333e+05
7.318454680267669028e+05 7.318454680267669028e+05
7.273595988277416909e+05 7.273595988277416909e+05
7.182666546861956595e+05 7.182666546861956595e+05
7.137097118263696320e+05 7.137097118263696320e+05
7.058758067085591611e+05 7.058758067085591611e+05
6.993447393733378267e+05 6.993447393733378267e+05
6.938696383560643299e+05 6.938696383560643299e+05
6.874735182814842556e+05 6.874735182814842556e+05
6.807880272380190436e+05 6.807880272380190436e+05
6.755715025734866504e+05 6.755715025734866504e+05
6.699145888849096373e+05 6.699145888849096373e+05
6.634861335938504199e+05 6.634861335938504199e+05
6.596091100155524909e+05 6.596091100155524909e+05
6.542996202064286917e+05 6.542996202064286917e+05
6.520516641478792299e+05 6.520516641478792299e+05
6.502067299789718818e+05 6.502067299789718818e+05
6.491283534833857557e+05 6.491283534833857557e+05
6.492947463740074309e+05 6.492947463740074309e+05
6.521383876720611006e+05 6.521383876720611006e+05
6.531955645134968217e+05 6.531955645134968217e+05
6.532898234984452138e+05 6.532898234984452138e+05
6.508609761062107282e+05 6.508609761062107282e+05
6.504036356495050713e+05 6.504036356495050713e+05
6.462918363357861526e+05 6.462918363357861526e+05
6.427797380390493199e+05 6.427797380390493199e+05
6.415220633712391136e+05 6.415220633712391136e+05
6.403979631017077481e+05 6.403979631017077481e+05
6.389833173784466926e+05 6.389833173784466926e+05
6.453634615735798143e+05 6.453634615735798143e+05
6.415179976455855649e+05 6.415179976455855649e+05
6.422369435354529414e+05 6.422369435354529414e+05
6.412419170899146702e+05 6.412419170899146702e+05
6.411205333617407596e+05 6.411205333617407596e+05
6.415313493257535156e+05 6.415313493257535156e+05
6.414756821615266381e+05 6.414756821615266381e+05
6.414335363202819135e+05 6.414335363202819135e+05
6.417354260474559851e+05 6.417354260474559851e+05
6.429070313414655393e+05 6.429070313414655393e+05
6.446984558440633118e+05 6.446984558440633118e+05
6.384869868622937938e+05 6.384869868622937938e+05
6.373267297766207485e+05 6.373267297766207485e+05
6.373432958963301498e+05 6.373432958963301498e+05
6.362105562790938420e+05 6.362105562790938420e+05
6.358688402967593865e+05 6.358688402967593865e+05
6.349725890604651067e+05 6.349725890604651067e+05
6.375322317773463437e+05 6.375322317773463437e+05
6.380671784235902596e+05 6.380671784235902596e+05
6.398094543732834281e+05 6.398094543732834281e+05
6.396554583132013213e+05 6.396554583132013213e+05
6.423856682129650144e+05 6.423856682129650144e+05
6.461125715234195814e+05 6.461125715234195814e+05
6.437463589053562609e+05 6.437463589053562609e+05
6.410162182105666725e+05 6.410162182105666725e+05
6.429573735547941178e+05 6.429573735547941178e+05
6.436279282130618813e+05 6.436279282130618813e+05
6.440398364095085999e+05 6.440398364095085999e+05
6.472434933176739141e+05 6.472434933176739141e+05
6.470837192328226520e+05 6.470837192328226520e+05
6.406474913592577213e+05 6.406474913592577213e+05
6.396680576382556465e+05 6.396680576382556465e+05
6.409558151411191793e+05 6.409558151411191793e+05
6.437417285121133318e+05 6.437417285121133318e+05
6.450803919446254149e+05 6.450803919446254149e+05
6.455827149791163392e+05 6.455827149791163392e+05
6.496343012939613545e+05 6.496343012939613545e+05
6.482080629168114392e+05 6.482080629168114392e+05
6.502619515187342186e+05 6.502619515187342186e+05
6.509569673270103522e+05 6.509569673270103522e+05
6.485989110263008624e+05 6.485989110263008624e+05
6.483262595249353908e+05 6.483262595249353908e+05
6.557560897185158683e+05 6.557560897185158683e+05
6.569455562315332936e+05 6.569455562315332936e+05
6.551395037438701838e+05 6.551395037438701838e+05
6.568005255935593741e+05 6.568005255935593741e+05
6.584578431522567989e+05 6.584578431522567989e+05
6.596439447107334854e+05 6.596439447107334854e+05
6.635500942044415278e+05 6.635500942044415278e+05
6.594399982235678472e+05 6.594399982235678472e+05
6.589440573176984908e+05 6.589440573176984908e+05
6.581132003134756815e+05 6.581132003134756815e+05
6.595841344225485809e+05 6.595841344225485809e+05
6.612162285438363906e+05 6.612162285438363906e+05
6.607007585266003152e+05 6.607007585266003152e+05
6.667403487426474458e+05 6.667403487426474458e+05
6.677857341569280252e+05 6.677857341569280252e+05
6.727752439288374735e+05 6.727752439288374735e+05
6.756982161977103679e+05 6.756982161977103679e+05
6.783135572776010958e+05 6.783135572776010958e+05
6.744564994989129482e+05 6.744564994989129482e+05
6.737985940753675532e+05 6.737985940753675532e+05
6.734754831592824776e+05 6.734754831592824776e+05
6.711358575464531314e+05 6.711358575464531314e+05
6.731620312296339544e+05 6.731620312296339544e+05
6.741365198120431742e+05 6.741365198120431742e+05
6.778133025219667470e+05 6.778133025219667470e+05
6.776618323742168723e+05 6.776618323742168723e+05
6.777204903745736228e+05 6.777204903745736228e+05
6.828397540592883015e+05 6.828397540592883015e+05
6.833934073672003578e+05 6.833934073672003578e+05
6.851396067532220623e+05 6.851396067532220623e+05
6.898882013788808836e+05 6.898882013788808836e+05
6.906212180821725633e+05 6.906212180821725633e+05
6.897188148052442120e+05 6.897188148052442120e+05
6.928075615237304009e+05 6.928075615237304009e+05
6.947482158952903701e+05 6.947482158952903701e+05
6.968842310052568791e+05 6.968842310052568791e+05
6.987386877216807334e+05 6.987386877216807334e+05
7.003994932795627974e+05 7.003994932795627974e+05
7.022395131053085206e+05 7.022395131053085206e+05
7.039143333204516675e+05 7.039143333204516675e+05
7.039195919921473833e+05 7.039195919921473833e+05
7.055495676471778424e+05 7.055495676471778424e+05
7.072507123049992369e+05 7.072507123049992369e+05
7.095429226239910349e+05 7.095429226239910349e+05
7.119573082533917623e+05 7.119573082533917623e+05
7.134352479627721477e+05 7.134352479627721477e+05
7.153495626723705791e+05 7.153495626723705791e+05
7.151519964076274773e+05 7.151519964076274773e+05
7.186925353650348261e+05 7.186925353650348261e+05
7.219700709739126032e+05 7.219700709739126032e+05
7.243852209734435892e+05 7.243852209734435892e+05
7.266767174091489287e+05 7.266767174091489287e+05
7.279292559794300469e+05 7.279292559794300469e+05
7.282253079033074901e+05 7.282253079033074901e+05
7.257770812675458146e+05 7.257770812675458146e+05
7.270755701508867787e+05 7.270755701508867787e+05
7.263112224805651931e+05 7.263112224805651931e+05
7.238159610270018457e+05 7.238159610270018457e+05
7.198249132651768159e+05 7.198249132651768159e+05
7.070299789222349646e+05 7.070299789222349646e+05
6.904277485014908016e+05 6.904277485014908016e+05
6.690256501173840370e+05 6.690256501173840370e+05
6.451546168248176109e+05 6.451546168248176109e+05
6.211819711063103750e+05 6.211819711063103750e+05
5.972425474813190522e+05 5.972425474813190522e+05
5.736061566100043710e+05 5.736061566100043710e+05
5.543079788752247114e+05 5.543079788752247114e+05
5.354827449912112206e+05 5.354827449912112206e+05
5.199161443842169247e+05 5.199161443842169247e+05
5.068550943470806233e+05 5.068550943470806233e+05
4.993095957412360003e+05 4.993095957412360003e+05
4.950561209696645965e+05 4.950561209696645965e+05
4.932124512049952755e+05 4.932124512049952755e+05
4.941370228117671795e+05 4.941370228117671795e+05
4.921725781493267277e+05 4.921725781493267277e+05
4.902895558552861912e+05 4.902895558552861912e+05
4.875998129833490239e+05 4.875998129833490239e+05
4.857273623533211066e+05 4.857273623533211066e+05
4.859064355033140746e+05 4.859064355033140746e+05
4.881889713733018725e+05 4.881889713733018725e+05
4.893678137549150852e+05 4.893678137549150852e+05
4.885494608095440781e+05 4.885494608095440781e+05
4.888635969546738779e+05 4.888635969546738779e+05
4.880335153826099122e+05 4.880335153826099122e+05
4.841631814434574917e+05 4.841631814434574917e+05
4.867010264447561931e+05 4.867010264447561931e+05
4.887950852094885195e+05 4.887950852094885195e+05
4.882950003558780882e+05 4.882950003558780882e+05
4.893872871109229163e+05 4.893872871109229163e+05
4.874426928783056792e+05 4.874426928783056792e+05
4.889793292464910774e+05 4.889793292464910774e+05
4.906056329400226823e+05 4.906056329400226823e+05
6.069975058569861576e+05 6.069975058569861576e+05
