1.813893777287342891e+04 1.813893777287342891e+04
1.808869715273522888e+04 1.808869715273522888e+04
1.804351603894061918e+04 1.804351603894061918e+04
1.800229637320215988e+04 1.800229637320215988e+04
1.796377760820868934e+04 1.796377760820868934e+04
1.792755940213908980e+04 1.792755940213908980e+04
1.789288970978206999e+04 1.789288970978206999e+04
1.785959582911264079e+04 1.785959582911264079e+04
1.782722057174591100e+04 1.782722057174591100e+04
1.779585036901814965e+04 1.779585036901814965e+04
1.776489482326399957e+04 1.776489482326399957e+04
1.773448955464551909e+04 1.773448955464551909e+04
1.770468107156037877e+04 1.770468107156037877e+04
1.767502718354793979e+04 1.767502718354793979e+04
1.764594460104818063e+04 1.764594460104818063e+04
1.761673255983175113e+04 1.761673255983175113e+04
1.758771916224866072e+04 1.758771916224866072e+04
1.755880206314623138e+04 1.755880206314623138e+04
1.753015047558739025e+04 1.753015047558739025e+04
1.750137206657641946e+04 1.750137206657641946e+04
1.747280131285333118e+04 1.747280131285333118e+04
1.744405618750492067e+04 1.744405618750492067e+04
1.741538328766485938e+04 1.741538328766485938e+04
1.738686845141573940e+04 1.738686845141573940e+04
1.735809130101661140e+04 1.735809130101661140e+04
1.732943799973035129e+04 1.732943799973035129e+04
1.730063305603644039e+04 1.730063305603644039e+04
1.727194681787220907e+04 1.727194681787220907e+04
1.724302819930743135e+04 1.724302819930743135e+04
1.721418722819679897e+04 1.721418722819679897e+04
1.718526541316674047e+04 1.718526541316674047e+04
1.715628161955191172e+04 1.715628161955191172e+04
1.712700456266678157e+04 1.712700456266678157e+04
1.709784959317772882e+04 1.709784959317772882e+04
1.706868130469064999e+04 1.706868130469064999e+04
1.703928714172165928e+04 1.703928714172165928e+04
1.701009327551414026e+04 1.701009327551414026e+04
1.698065528409264880e+04 1.698065528409264880e+04
1.695104106600192972e+04 1.695104106600192972e+04
1.692148755961803909e+04 1.692148755961803909e+04
1.689188366935976956e+04 1.689188366935976956e+04
1.686230501345326047e+04 1.686230501345326047e+04
1.683247830911511119e+04 1.683247830911511119e+04
1.680212768999897889e+04 1.680212768999897889e+04
1.677198906999129031e+04 1.677198906999129031e+04
1.674195050812499903e+04 1.674195050812499903e+04
1.671194125297384016e+04 1.671194125297384016e+04
1.668217389948745040e+04 1.668217389948745040e+04
1.665167300665875882e+04 1.665167300665875882e+04
1.662117205703657964e+04 1.662117205703657964e+04
1.659104344427707110e+04 1.659104344427707110e+04
1.656033702389278915e+04 1.656033702389278915e+04
1.652978931672842009e+04 1.652978931672842009e+04
1.649893070309632094e+04 1.649893070309632094e+04
1.646788329334590890e+04 1.646788329334590890e+04
1.643697068587093963e+04 1.643697068587093963e+04
1.640544421808559855e+04 1.640544421808559855e+04
1.637564504259351997e+04 1.637564504259351997e+04
1.634463804044444078e+04 1.634463804044444078e+04
1.631299255273828021e+04 1.631299255273828021e+04
1.628196222523795041e+04 1.628196222523795041e+04
1.625087365833132026e+04 1.625087365833132026e+04
1.621968988609922962e+04 1.621968988609922962e+04
1.618810208192987920e+04 1.618810208192987920e+04
1.615595739652472002e+04 1.615595739652472002e+04
1.612482236438133077e+04 1.612482236438133077e+04
1.609220268402984948e+04 1.609220268402984948e+04
1.606140446965951924e+04 1.606140446965951924e+04
1.602957500146598068e+04 1.602957500146598068e+04
1.599713564977034912e+04 1.599713564977034912e+04
1.596459690966026028e+04 1.596459690966026028e+04
1.593334939060342913e+04 1.593334939060342913e+04
1.590122130864199971e+04 1.590122130864199971e+04
1.586835035238849923e+04 1.586835035238849923e+04
1.583690331039257944e+04 1.583690331039257944e+04
1.580472987309882956e+04 1.580472987309882956e+04
1.577269324168690946e+04 1.577269324168690946e+04
1.573961109620358911e+04 1.573961109620358911e+04
1.570680562859765087e+04 1.570680562859765087e+04
1.567395807223618976e+04 1.567395807223618976e+04
1.564122468140843921e+04 1.564122468140843921e+04
1.560858450949333928e+04 1.560858450949333928e+04
1.557637495746390050e+04 1.557637495746390050e+04
1.554250112330627053e+04 1.554250112330627053e+04
1.551046279720423991e+04 1.551046279720423991e+04
1.547774882530712057e+04 1.547774882530712057e+04
1.544309179335774024e+04 1.544309179335774024e+04
1.540897262147963011e+04 1.540897262147963011e+04
1.537557432428343964e+04 1.537557432428343964e+04
1.534305827395579036e+04 1.534305827395579036e+04
1.530986855107021074e+04 1.530986855107021074e+04
1.527662642290049916e+04 1.527662642290049916e+04
1.524258378047808037e+04 1.524258378047808037e+04
1.520775394186113954e+04 1.520775394186113954e+04
1.517273639071079015e+04 1.517273639071079015e+04
1.513915644338505990e+04 1.513915644338505990e+04
1.510577782445657067e+04 1.510577782445657067e+04
1.507272561940554988e+04 1.507272561940554988e+04
1.503852188003469928e+04 1.503852188003469928e+04
1.500404939304175059e+04 1.500404939304175059e+04
1.497030116700120925e+04 1.497030116700120925e+04
1.493573026983248019e+04 1.493573026983248019e+04
1.489931648183403013e+04 1.489931648183403013e+04
1.486577485263064955e+04 1.486577485263064955e+04
1.483148000436026996e+04 1.483148000436026996e+04
1.479694152424569984e+04 1.479694152424569984e+04
1.476219524690107937e+04 1.476219524690107937e+04
1.472765976575362038e+04 1.472765976575362038e+04
1.469191516465640052e+04 1.469191516465640052e+04
1.465554306786991037e+04 1.465554306786991037e+04
1.462089987257816028e+04 1.462089987257816028e+04
1.458679231734403947e+04 1.458679231734403947e+04
1.455128882836207049e+04 1.455128882836207049e+04
1.451644354488130921e+04 1.451644354488130921e+04
1.448123658083363080e+04 1.448123658083363080e+04
1.444469011038302051e+04 1.444469011038302051e+04
1.441030580829294922e+04 1.441030580829294922e+04
1.437615051197055072e+04 1.437615051197055072e+04
1.433893066666020059e+04 1.433893066666020059e+04
1.430221988140229041e+04 1.430221988140229041e+04
1.426570910282113073e+04 1.426570910282113073e+04
1.422963643185594083e+04 1.422963643185594083e+04
1.419449276929172083e+04 1.419449276929172083e+04
1.415937468494710083e+04 1.415937468494710083e+04
1.412382820283874025e+04 1.412382820283874025e+04
1.408705693829242045e+04 1.408705693829242045e+04
1.404995935255575932e+04 1.404995935255575932e+04
1.401469413009586970e+04 1.401469413009586970e+04
1.397678430205016048e+04 1.397678430205016048e+04
1.394047873890960909e+04 1.394047873890960909e+04
1.390380345563201081e+04 1.390380345563201081e+04
1.386715624281689998e+04 1.386715624281689998e+04
1.383075800870746025e+04 1.383075800870746025e+04
1.379425128604285965e+04 1.379425128604285965e+04
1.375756684012580990e+04 1.375756684012580990e+04
1.372082293258416030e+04 1.372082293258416030e+04
1.368497276165764924e+04 1.368497276165764924e+04
1.364742380310504996e+04 1.364742380310504996e+04
1.360998904704155939e+04 1.360998904704155939e+04
1.357455066065760002e+04 1.357455066065760002e+04
1.353698423732296033e+04 1.353698423732296033e+04
1.350039695125063008e+04 1.350039695125063008e+04
1.346354475541732063e+04 1.346354475541732063e+04
1.342552412219783946e+04 1.342552412219783946e+04
1.338958690987971022e+04 1.338958690987971022e+04
1.335128435893979986e+04 1.335128435893979986e+04
1.331471340622490970e+04 1.331471340622490970e+04
1.327789459656952931e+04 1.327789459656952931e+04
1.323997482879000927e+04 1.323997482879000927e+04
1.320372441785484989e+04 1.320372441785484989e+04
1.316663199995853029e+04 1.316663199995853029e+04
1.312819824393260933e+04 1.312819824393260933e+04
1.309186940580150986e+04 1.309186940580150986e+04
1.305432714656895951e+04 1.305432714656895951e+04
1.301705031904051066e+04 1.301705031904051066e+04
1.297941273479057963e+04 1.297941273479057963e+04
1.294219591051668976e+04 1.294219591051668976e+04
1.290503598276117009e+04 1.290503598276117009e+04
1.286647169949109048e+04 1.286647169949109048e+04
1.283018367623891027e+04 1.283018367623891027e+04
1.279225080500684999e+04 1.279225080500684999e+04
1.275618937538294085e+04 1.275618937538294085e+04
1.271855881993150069e+04 1.271855881993150069e+04
1.268096182866558956e+04 1.268096182866558956e+04
1.264436941699115050e+04 1.264436941699115050e+04
1.260671457349661978e+04 1.260671457349661978e+04
1.256899789861620957e+04 1.256899789861620957e+04
1.253136850828888964e+04 1.253136850828888964e+04
1.249298277701289953e+04 1.249298277701289953e+04
1.245662535657077024e+04 1.245662535657077024e+04
1.241923610151819958e+04 1.241923610151819958e+04
1.238295606031976968e+04 1.238295606031976968e+04
1.234513990381334042e+04 1.234513990381334042e+04
1.230822165566622061e+04 1.230822165566622061e+04
1.227141083876191988e+04 1.227141083876191988e+04
1.223352685490825934e+04 1.223352685490825934e+04
1.219530954275248951e+04 1.219530954275248951e+04
1.215823136680621064e+04 1.215823136680621064e+04
1.212147194614536056e+04 1.212147194614536056e+04
1.208414259700343973e+04 1.208414259700343973e+04
1.204628905897395089e+04 1.204628905897395089e+04
1.200889246105486927e+04 1.200889246105486927e+04
1.197284655792349986e+04 1.197284655792349986e+04
1.193542621537211016e+04 1.193542621537211016e+04
1.189745823546456086e+04 1.189745823546456086e+04
1.186079684212392021e+04 1.186079684212392021e+04
1.182278605074749066e+04 1.182278605074749066e+04
1.178617569879700932e+04 1.178617569879700932e+04
1.174852567139544954e+04 1.174852567139544954e+04
1.171155847980209001e+04 1.171155847980209001e+04
1.167496593071559982e+04 1.167496593071559982e+04
1.163767141788441040e+04 1.163767141788441040e+04
1.160119649994181964e+04 1.160119649994181964e+04
1.156379865406666977e+04 1.156379865406666977e+04
1.152687359964969073e+04 1.152687359964969073e+04
1.148979713661630922e+04 1.148979713661630922e+04
1.145281863105167031e+04 1.145281863105167031e+04
1.141543909085465930e+04 1.141543909085465930e+04
1.137945840208194022e+04 1.137945840208194022e+04
1.134224914971582075e+04 1.134224914971582075e+04
1.130583590790617018e+04 1.130583590790617018e+04
1.127022276237309052e+04 1.127022276237309052e+04
1.123302506688421090e+04 1.123302506688421090e+04
1.119731905190759971e+04 1.119731905190759971e+04
1.116107498939969082e+04 1.116107498939969082e+04
1.112465082225602964e+04 1.112465082225602964e+04
1.108879456081369062e+04 1.108879456081369062e+04
1.105194549307986927e+04 1.105194549307986927e+04
1.101661771460127966e+04 1.101661771460127966e+04
1.098035837510072088e+04 1.098035837510072088e+04
1.094442453780849064e+04 1.094442453780849064e+04
1.090813584891914070e+04 1.090813584891914070e+04
1.087213539792949996e+04 1.087213539792949996e+04
1.083755279375194004e+04 1.083755279375194004e+04
1.080181336202183957e+04 1.080181336202183957e+04
1.076658531666915951e+04 1.076658531666915951e+04
1.073029712910789931e+04 1.073029712910789931e+04
1.069539138061296944e+04 1.069539138061296944e+04
1.065875455357971077e+04 1.065875455357971077e+04
1.062434823733799931e+04 1.062434823733799931e+04
1.058869500918330050e+04 1.058869500918330050e+04
1.055359850525355978e+04 1.055359850525355978e+04
1.051880034308679024e+04 1.051880034308679024e+04
1.048418125241569942e+04 1.048418125241569942e+04
1.044951266321227922e+04 1.044951266321227922e+04
1.041430110675507967e+04 1.041430110675507967e+04
1.038018155391569053e+04 1.038018155391569053e+04
1.034586800651074009e+04 1.034586800651074009e+04
1.031078434654261946e+04 1.031078434654261946e+04
1.027648246827267940e+04 1.027648246827267940e+04
1.024300818403861012e+04 1.024300818403861012e+04
1.020859607888790015e+04 1.020859607888790015e+04
1.017423703880128051e+04 1.017423703880128051e+04
1.014059942861622949e+04 1.014059942861622949e+04
1.010718063157439065e+04 1.010718063157439065e+04
1.007383102597387915e+04 1.007383102597387915e+04
1.003949480082957962e+04 1.003949480082957962e+04
1.000582871995505047e+04 1.000582871995505047e+04
9.974294284202243944e+03 9.974294284202243944e+03
9.939726280075186878e+03 9.939726280075186878e+03
9.907897057024758396e+03 9.907897057024758396e+03
9.874556692575146371e+03 9.874556692575146371e+03
9.842021019715528382e+03 9.842021019715528382e+03
9.809586466716447831e+03 9.809586466716447831e+03
9.777124894903134191e+03 9.777124894903134191e+03
9.744207969867477004e+03 9.744207969867477004e+03
9.711311415800442774e+03 9.711311415800442774e+03
9.679262580273287313e+03 9.679262580273287313e+03
9.647047249164796085e+03 9.647047249164796085e+03
9.615447412858648022e+03 9.615447412858648022e+03
9.583717334103379471e+03 9.583717334103379471e+03
9.552393671472875212e+03 9.552393671472875212e+03
9.520783126286296465e+03 9.520783126286296465e+03
9.489707521315311169e+03 9.489707521315311169e+03
9.458562137985240042e+03 9.458562137985240042e+03
9.427253256999725636e+03 9.427253256999725636e+03
9.396352318679480959e+03 9.396352318679480959e+03
9.366283233927559195e+03 9.366283233927559195e+03
9.335085344055023597e+03 9.335085344055023597e+03
9.304788342437876054e+03 9.304788342437876054e+03
9.274351736152928424e+03 9.274351736152928424e+03
9.243884295266569097e+03 9.243884295266569097e+03
9.213802387684998394e+03 9.213802387684998394e+03
9.184049970045733062e+03 9.184049970045733062e+03
9.154957426991601096e+03 9.154957426991601096e+03
9.124142110426975705e+03 9.124142110426975705e+03
9.095827693948225715e+03 9.095827693948225715e+03
9.066154889796407588e+03 9.066154889796407588e+03
9.036566920066026796e+03 9.036566920066026796e+03
9.008395047561316460e+03 9.008395047561316460e+03
8.979365145819374447e+03 8.979365145819374447e+03
8.951140670845217755e+03 8.951140670845217755e+03
8.922374014705952504e+03 8.922374014705952504e+03
8.893767760101811291e+03 8.893767760101811291e+03
8.865149043270343100e+03 8.865149043270343100e+03
8.838151339174513851e+03 8.838151339174513851e+03
8.809585000950530230e+03 8.809585000950530230e+03
8.782951191293461306e+03 8.782951191293461306e+03
8.755005899515141209e+03 8.755005899515141209e+03
8.727727678960332923e+03 8.727727678960332923e+03
8.700364084965991424e+03 8.700364084965991424e+03
8.673491721712500294e+03 8.673491721712500294e+03
8.646368902423826512e+03 8.646368902423826512e+03
8.620516444388415039e+03 8.620516444388415039e+03
8.594150199435591276e+03 8.594150199435591276e+03
8.567270539077077046e+03 8.567270539077077046e+03
8.541964698994663195e+03 8.541964698994663195e+03
8.515720190472229660e+03 8.515720190472229660e+03
8.490260139868163606e+03 8.490260139868163606e+03
8.464236926905128712e+03 8.464236926905128712e+03
8.439618048400287080e+03 8.439618048400287080e+03
8.413640575393696054e+03 8.413640575393696054e+03
8.389268324903663597e+03 8.389268324903663597e+03
8.364321318144497127e+03 8.364321318144497127e+03
8.340222567060629444e+03 8.340222567060629444e+03
8.315073000617503567e+03 8.315073000617503567e+03
8.291225832626321790e+03 8.291225832626321790e+03
8.267243148596629908e+03 8.267243148596629908e+03
8.243545865479709391e+03 8.243545865479709391e+03
8.219306831783709640e+03 8.219306831783709640e+03
8.196432377465018362e+03 8.196432377465018362e+03
8.172843271898572311e+03 8.172843271898572311e+03
8.149397422318602366e+03 8.149397422318602366e+03
8.127098771944583859e+03 8.127098771944583859e+03
8.103702598183301234e+03 8.103702598183301234e+03
8.081392890492475999e+03 8.081392890492475999e+03
8.059035017945418986e+03 8.059035017945418986e+03
8.036936224805594975e+03 8.036936224805594975e+03
8.014811493228375184e+03 8.014811493228375184e+03
7.992680795655636757e+03 7.992680795655636757e+03
7.971710959366252609e+03 7.971710959366252609e+03
7.950231179073831299e+03 7.950231179073831299e+03
7.928949233581141016e+03 7.928949233581141016e+03
7.907689124985337003e+03 7.907689124985337003e+03
7.887190150700411323e+03 7.887190150700411323e+03
7.866624880287585256e+03 7.866624880287585256e+03
7.845919239422610190e+03 7.845919239422610190e+03
7.826021997130680575e+03 7.826021997130680575e+03
7.805746678239625908e+03 7.805746678239625908e+03
7.785706319043569238e+03 7.785706319043569238e+03
7.766468083963391109e+03 7.766468083963391109e+03
7.746856212968631553e+03 7.746856212968631553e+03
7.728034855304340454e+03 7.728034855304340454e+03
7.708726640605381363e+03 7.708726640605381363e+03
7.689693918016527277e+03 7.689693918016527277e+03
7.671406350615321571e+03 7.671406350615321571e+03
7.653019075093154242e+03 7.653019075093154242e+03
7.634807380215056583e+03 7.634807380215056583e+03
7.616471563658410560e+03 7.616471563658410560e+03
7.598723087961376223e+03 7.598723087961376223e+03
7.581341594484341840e+03 7.581341594484341840e+03
7.563797464167105318e+03 7.563797464167105318e+03
7.546493659735941037e+03 7.546493659735941037e+03
7.529504805249145647e+03 7.529504805249145647e+03
7.513391696913945452e+03 7.513391696913945452e+03
7.496272900180517354e+03 7.496272900180517354e+03
7.480289428427960956e+03 7.480289428427960956e+03
7.463866200065224803e+03 7.463866200065224803e+03
7.448160958921114798e+03 7.448160958921114798e+03
7.431805043365609890e+03 7.431805043365609890e+03
7.417052227948423933e+03 7.417052227948423933e+03
7.400765067737866957e+03 7.400765067737866957e+03
7.387075098587335560e+03 7.387075098587335560e+03
7.371340071830835768e+03 7.371340071830835768e+03
7.357112828292125414e+03 7.357112828292125414e+03
7.342868357760738036e+03 7.342868357760738036e+03
7.328092470295579005e+03 7.328092470295579005e+03
7.314051601795744318e+03 7.314051601795744318e+03
7.300730369454263382e+03 7.300730369454263382e+03
7.286893887934318627e+03 7.286893887934318627e+03
7.273246306498158447e+03 7.273246306498158447e+03
7.260392105419668042e+03 7.260392105419668042e+03
7.246726453276786742e+03 7.246726453276786742e+03
7.234213357910672130e+03 7.234213357910672130e+03
7.221939239954801451e+03 7.221939239954801451e+03
7.209569018017832605e+03 7.209569018017832605e+03
7.198105510140634578e+03 7.198105510140634578e+03
7.206157112526122546e+03 7.206157112526122546e+03
7.654380392384625338e+03 7.654380392384625338e+03
2.659807548118140039e+04 2.659807548118140039e+04
2.359471259100768948e+05 2.359471259100768948e+05
2.784530890584731824e+05 2.784530890584731824e+05
1.719392826112704061e+05 1.719392826112704061e+05
1.306896952312726062e+05 1.306896952312726062e+05
1.183927123197767069e+05 1.183927123197767069e+05
1.034966876981907990e+05 1.034966876981907990e+05
9.233167774294482660e+04 9.233167774294482660e+04
8.357600674355510273e+04 8.357600674355510273e+04
7.591350190022966126e+04 7.591350190022966126e+04
6.910462457864539465e+04 6.910462457864539465e+04
6.288808287445040332e+04 6.288808287445040332e+04
5.712194642498523172e+04 5.712194642498523172e+04
5.175723823688295670e+04 5.175723823688295670e+04
4.675754845129251044e+04 4.675754845129251044e+04
4.207082373413859750e+04 4.207082373413859750e+04
3.763239755722107657e+04 3.763239755722107657e+04
3.332775734399246721e+04 3.332775734399246721e+04
2.899641559816628069e+04 2.899641559816628069e+04
2.476899988605529870e+04 2.476899988605529870e+04
2.121023562601959929e+04 2.121023562601959929e+04
1.912299182259956069e+04 1.912299182259956069e+04
1.835326347390683077e+04 1.835326347390683077e+04
1.759369976842399046e+04 1.759369976842399046e+04
1.436639517241555041e+04 1.436639517241555041e+04
7.557138182535793931e+03 7.557138182535793931e+03
2.421453405691549051e+03 2.421453405691549051e+03
1.679054188074617059e+03 1.679054188074617059e+03
2.673385102983526849e+03 2.673385102983526849e+03
1.023180819966317017e+03 1.023180819966317017e+03
-3.337622914454406782e+03 -3.337622914454406782e+03
-4.619822217269434987e+03 -4.619822217269434987e+03
-5.704174511165660988e+03 -5.704174511165660988e+03
-7.066514662048093669e+03 -7.066514662048093669e+03
-7.687665510815198104e+03 -7.687665510815198104e+03
-7.499176304709299984e+03 -7.499176304709299984e+03
-6.812336843890669115e+03 -6.812336843890669115e+03
-5.805004102537133804e+03 -5.805004102537133804e+03
-4.531633422687222264e+03 -4.531633422687222264e+03
-2.951865030657690113e+03 -2.951865030657690113e+03
-9.416756380143723391e+02 -9.416756380143723391e+02
1.510082425916629973e+03 1.510082425916629973e+03
4.317280891944386894e+03 4.317280891944386894e+03
7.579604685709151454e+03 7.579604685709151454e+03
1.134770037449819938e+04 1.134770037449819938e+04
1.559626323273859089e+04 1.559626323273859089e+04
2.034296630836909026e+04 2.034296630836909026e+04
2.554523875591604155e+04 2.554523875591604155e+04
3.122935230671575118e+04 3.122935230671575118e+04
3.729122566519879183e+04 3.729122566519879183e+04
4.370192429363502742e+04 4.370192429363502742e+04
5.039146236587325257e+04 5.039146236587325257e+04
5.726383985425513674e+04 5.726383985425513674e+04
6.423081034357375756e+04 6.423081034357375756e+04
7.118926706760763773e+04 7.118926706760763773e+04
7.792514880606146471e+04 7.792514880606146471e+04
8.440027759014256299e+04 8.440027759014256299e+04
9.059055898917827290e+04 9.059055898917827290e+04
9.630176693135465030e+04 9.630176693135465030e+04
1.013971880567610933e+05 1.013971880567610933e+05
1.061267411232852028e+05 1.061267411232852028e+05
1.103194633852246043e+05 1.103194633852246043e+05
1.140528344284423947e+05 1.140528344284423947e+05
1.176062711450354982e+05 1.176062711450354982e+05
1.206172606221484020e+05 1.206172606221484020e+05
1.235451287797167024e+05 1.235451287797167024e+05
1.261447615935827052e+05 1.261447615935827052e+05
1.286790260990888928e+05 1.286790260990888928e+05
1.309845946329014987e+05 1.309845946329014987e+05
1.333327849123426131e+05 1.333327849123426131e+05
1.353365247578133130e+05 1.353365247578133130e+05
1.374294014355012041e+05 1.374294014355012041e+05
1.388157847189480090e+05 1.388157847189480090e+05
1.398157313950989046e+05 1.398157313950989046e+05
1.401305205452505033e+05 1.401305205452505033e+05
1.397186591283876915e+05 1.397186591283876915e+05
1.382742979130336025e+05 1.382742979130336025e+05
1.357350712931620947e+05 1.357350712931620947e+05
1.327073887791920861e+05 1.327073887791920861e+05
1.291825036382258986e+05 1.291825036382258986e+05
1.250314857829596003e+05 1.250314857829596003e+05
1.205420856138967065e+05 1.205420856138967065e+05
1.163594365804213012e+05 1.163594365804213012e+05
1.123108990830184048e+05 1.123108990830184048e+05
1.087055441057744029e+05 1.087055441057744029e+05
1.056109814283899032e+05 1.056109814283899032e+05
1.025201832932858961e+05 1.025201832932858961e+05
1.001601096962862939e+05 1.001601096962862939e+05
9.810985722165487823e+04 9.810985722165487823e+04
9.653801265774888452e+04 9.653801265774888452e+04
9.497227919793204637e+04 9.497227919793204637e+04
9.392751546904075076e+04 9.392751546904075076e+04
9.296104330468947592e+04 9.296104330468947592e+04
9.192849569204761065e+04 9.192849569204761065e+04
9.135087254868001037e+04 9.135087254868001037e+04
9.073815920602822735e+04 9.073815920602822735e+04
9.034742718623399560e+04 9.034742718623399560e+04
8.980576018516178010e+04 8.980576018516178010e+04
8.958723880696939887e+04 8.958723880696939887e+04
8.920831951294903411e+04 8.920831951294903411e+04
8.900965220037661493e+04 8.900965220037661493e+04
8.878023568623256870e+04 8.878023568623256870e+04
8.879911552507293527e+04 8.879911552507293527e+04
8.852690947212863830e+04 8.852690947212863830e+04
8.859845347038250475e+04 8.859845347038250475e+04
8.855458522027760046e+04 8.855458522027760046e+04
8.850273998234189639e+04 8.850273998234189639e+04
8.833061471987319237e+04 8.833061471987319237e+04
8.836991120683701592e+04 8.836991120683701592e+04
8.847121609653097403e+04 8.847121609653097403e+04
8.846110044772751280e+04 8.846110044772751280e+04
8.830545196339722315e+04 8.830545196339722315e+04
8.828551552788325353e+04 8.828551552788325353e+04
8.845796193910358124e+04 8.845796193910358124e+04
8.845757892565376824e+04 8.845757892565376824e+04
8.824282651026036183e+04 8.824282651026036183e+04
8.839512961423447996e+04 8.839512961423447996e+04
8.837477007322800637e+04 8.837477007322800637e+04
8.833966289388168661e+04 8.833966289388168661e+04
8.828980920867293025e+04 8.828980920867293025e+04
8.831913425283835386e+04 8.831913425283835386e+04
8.810886021262337454e+04 8.810886021262337454e+04
8.807562824873167847e+04 8.807562824873167847e+04
8.818347277382397442e+04 8.818347277382397442e+04
8.793854757897942909e+04 8.793854757897942909e+04
8.800919478959264234e+04 8.800919478959264234e+04
8.782104582340754860e+04 8.782104582340754860e+04
8.799343865288363304e+04 8.799343865288363304e+04
8.777215358025567548e+04 8.777215358025567548e+04
8.783985843052352720e+04 8.783985843052352720e+04
8.776202833754432504e+04 8.776202833754432504e+04
8.775478445106919389e+04 8.775478445106919389e+04
8.751324924342762097e+04 8.751324924342762097e+04
8.765803289029329608e+04 8.765803289029329608e+04
8.741758025918567728e+04 8.741758025918567728e+04
8.739635120347735938e+04 8.739635120347735938e+04
8.736053961450718634e+04 8.736053961450718634e+04
8.728732764285559824e+04 8.728732764285559824e+04
8.726665084474049218e+04 8.726665084474049218e+04
8.738262041940074414e+04 8.738262041940074414e+04
8.709680108055009623e+04 8.709680108055009623e+04
8.725967200849929941e+04 8.725967200849929941e+04
8.718279563319556473e+04 8.718279563319556473e+04
8.711924139705284324e+04 8.711924139705284324e+04
8.713028044072452758e+04 8.713028044072452758e+04
8.693789732835919131e+04 8.693789732835919131e+04
8.690852184050985670e+04 8.690852184050985670e+04
8.684605494352425740e+04 8.684605494352425740e+04
8.695818687412177678e+04 8.695818687412177678e+04
8.689498231406504055e+04 8.689498231406504055e+04
8.674595468784301192e+04 8.674595468784301192e+04
8.681641866641130764e+04 8.681641866641130764e+04
8.680810170547525922e+04 8.680810170547525922e+04
8.659373999829303648e+04 8.659373999829303648e+04
8.675998232185347297e+04 8.675998232185347297e+04
8.650416138342238264e+04 8.650416138342238264e+04
8.665310238520742860e+04 8.665310238520742860e+04
8.662592016427559429e+04 8.662592016427559429e+04
8.642509748183831107e+04 8.642509748183831107e+04
8.641935041470940632e+04 8.641935041470940632e+04
8.639681058104611293e+04 8.639681058104611293e+04
8.634525965060610906e+04 8.634525965060610906e+04
8.628089025911342469e+04 8.628089025911342469e+04
8.638924041867605411e+04 8.638924041867605411e+04
8.636743869298532081e+04 8.636743869298532081e+04
8.613278368096027407e+04 8.613278368096027407e+04
8.613869644300862274e+04 8.613869644300862274e+04
8.623672790549432102e+04 8.623672790549432102e+04
8.620136235069848772e+04 8.620136235069848772e+04
8.603980003418569686e+04 8.603980003418569686e+04
8.603561748046403227e+04 8.603561748046403227e+04
8.592042169303869014e+04 8.592042169303869014e+04
8.592828465891451924e+04 8.592828465891451924e+04
8.603366244801587891e+04 8.603366244801587891e+04
8.600085775822990399e+04 8.600085775822990399e+04
8.581041840916873480e+04 8.581041840916873480e+04
8.575989273660056642e+04 8.575989273660056642e+04
8.554655339888553135e+04 8.554655339888553135e+04
7.813289510336157400e+04 7.813289510336157400e+04
9.461922462350191199e+04 9.461922462350191199e+04
