2.291061100000000017e-01 2.458656210910934988e+03
2.462374900000000033e-01 2.457128639112086148e+03
2.632317399999999918e-01 2.455998256729857985e+03
2.800899600000000267e-01 2.455165788988404984e+03
2.968132499999999729e-01 2.454544863590237128e+03
3.134026899999999838e-01 2.454074416404905151e+03
3.298593699999999851e-01 2.453714078266953038e+03
3.461843600000000243e-01 2.453435056208060814e+03
3.623787199999999875e-01 2.453216626408804132e+03
3.784434999999999882e-01 2.453039468062620017e+03
3.943797499999999734e-01 2.452899801439065868e+03
4.101885100000000062e-01 2.452782354677363855e+03
4.258708099999999885e-01 2.452675423900876922e+03
4.414276699999999942e-01 2.452580353391920198e+03
4.568600899999999965e-01 2.452502221159838882e+03
4.721690900000000135e-01 2.452423934015499981e+03
4.873556600000000238e-01 2.452350869202839931e+03
5.024207899999999505e-01 2.452274152355787010e+03
5.173654500000000045e-01 2.452203723591938797e+03
5.321906400000000481e-01 2.452123735202335865e+03
5.468972899999999804e-01 2.452050878650533832e+03
5.614863900000000019e-01 2.451970655571788029e+03
5.759588700000000117e-01 2.451887715216013021e+03
5.903156699999999590e-01 2.451800775972794781e+03
6.045577399999999546e-01 2.451713097069492051e+03
6.186859900000000190e-01 2.451619219451376921e+03
6.327013599999999904e-01 2.451518118336739008e+03
6.466047400000000112e-01 2.451422628573729071e+03
6.603970500000000410e-01 2.451315312605282088e+03
6.740791800000000000e-01 2.451210715454943056e+03
6.876520200000000305e-01 2.451100084807456824e+03
7.011164600000000524e-01 2.450988732881381111e+03
7.144733699999999965e-01 2.450876248680438039e+03
7.277236299999999547e-01 2.450754200230309834e+03
7.408680899999999792e-01 2.450628763354057810e+03
7.539076200000000005e-01 2.450499905127122020e+03
7.668430499999999705e-01 2.450375522005605035e+03
7.796752300000000524e-01 2.450245562951683951e+03
7.924050000000000260e-01 2.450108732210565904e+03
8.050331899999999541e-01 2.449976780970549044e+03
8.175606100000000209e-01 2.449833306358872960e+03
8.299880899999999562e-01 2.449689743655768780e+03
8.423164199999999546e-01 2.449552684356698137e+03
8.545464299999999680e-01 2.449416865429160225e+03
8.666788899999999796e-01 2.449265721145011867e+03
8.787146000000000123e-01 2.449110788012870216e+03
8.906543500000000391e-01 2.448948683353400156e+03
9.024988999999999928e-01 2.448815031078864195e+03
9.142490399999999573e-01 2.448671351889825928e+03
9.259055200000000374e-01 2.448506977307821217e+03
9.374691099999999944e-01 2.448349899081249987e+03
9.489405600000000440e-01 2.448200678247123051e+03
9.603206100000000189e-01 2.448041566742473151e+03
9.716100100000000239e-01 2.447895404126769790e+03
9.828094800000000131e-01 2.447734057139104152e+03
9.939197699999999802e-01 2.447579114590800145e+03
1.004941599999999990e+00 2.447397023977287063e+03
1.015875700000000048e+00 2.447185971913394951e+03
1.026722700000000099e+00 2.447059564490101820e+03
1.037483399999999945e+00 2.446929526217276816e+03
1.048158399999999935e+00 2.446780598134962020e+03
1.058748599999999929e+00 2.446552158334106934e+03
1.069254399999999938e+00 2.446444793874502921e+03
1.079676800000000103e+00 2.446217900109331822e+03
1.090016199999999991e+00 2.446126778488549917e+03
1.100273400000000068e+00 2.445951994063072107e+03
1.110449100000000078e+00 2.445778372328607929e+03
1.120543899999999926e+00 2.445583405516395032e+03
1.130558399999999963e+00 2.445486090799313843e+03
1.140493399999999991e+00 2.445315691785091985e+03
1.150349499999999914e+00 2.445157871166079076e+03
1.160127300000000083e+00 2.444927777933393827e+03
1.169827399999999962e+00 2.444810260422882948e+03
1.179450499999999957e+00 2.444687411032438831e+03
1.188997199999999976e+00 2.444515726507802810e+03
1.198468199999999984e+00 2.444301540715036026e+03
1.207863899999999990e+00 2.444204576742023164e+03
1.217185200000000078e+00 2.444051540384418786e+03
1.226432500000000037e+00 2.443895970562514776e+03
1.235606500000000052e+00 2.443737858420081011e+03
1.244707699999999972e+00 2.443583376170104202e+03
1.253736900000000043e+00 2.443363508513022225e+03
1.262694399999999995e+00 2.443254896548286979e+03
1.271581000000000072e+00 2.443098638009365004e+03
1.280397199999999902e+00 2.442887677578287821e+03
1.289143499999999998e+00 2.442797753198679857e+03
1.297820600000000102e+00 2.442671659746912155e+03
1.306429000000000062e+00 2.442505660242350132e+03
1.314969300000000008e+00 2.442317130204653949e+03
1.323442100000000066e+00 2.442073520933471173e+03
1.331847800000000026e+00 2.441978735779318868e+03
1.340187000000000017e+00 2.441831567301546784e+03
1.348460299999999945e+00 2.441682836408002004e+03
1.356668200000000102e+00 2.441535901324772112e+03
1.364811299999999950e+00 2.441367288727590221e+03
1.372889999999999944e+00 2.441220071548571013e+03
1.380905000000000049e+00 2.440976773478404994e+03
1.388856599999999997e+00 2.440863006817687165e+03
1.396745499999999973e+00 2.440682374110097044e+03
1.404572200000000048e+00 2.440475616807511869e+03
1.412337100000000012e+00 2.440307033298813167e+03
1.420040699999999934e+00 2.440245603389752887e+03
1.427683700000000000e+00 2.440020123793348830e+03
1.435266399999999942e+00 2.439824418861686809e+03
1.442789400000000111e+00 2.439721993258136990e+03
1.450253100000000073e+00 2.439562530289159895e+03
1.457658099999999957e+00 2.439318649831714993e+03
1.465004699999999938e+00 2.439253387584541088e+03
1.472293599999999980e+00 2.439070336777424018e+03
1.479525100000000037e+00 2.438915240651903787e+03
1.486699800000000016e+00 2.438719178259867022e+03
1.493818099999999927e+00 2.438577454458632019e+03
1.500880500000000062e+00 2.438362798642058806e+03
1.507887399999999989e+00 2.438227262425466051e+03
1.514839199999999941e+00 2.438142499808991033e+03
1.521736600000000106e+00 2.437847739300110788e+03
1.528579799999999933e+00 2.437687634235588121e+03
1.535369299999999937e+00 2.437657931671510141e+03
1.542105599999999965e+00 2.437502441819017804e+03
1.548789100000000030e+00 2.437389742397349892e+03
1.555420299999999978e+00 2.437195771490953121e+03
1.561999600000000044e+00 2.437018076615817790e+03
1.568527400000000016e+00 2.436802288401040187e+03
1.575004099999999907e+00 2.436645003103767976e+03
1.581430099999999950e+00 2.436558326535276137e+03
1.587806000000000051e+00 2.436339229765205801e+03
1.594132000000000104e+00 2.436207778392246837e+03
1.600408599999999959e+00 2.436114635867570087e+03
1.606636200000000070e+00 2.435937474257128997e+03
1.612815300000000063e+00 2.435798159427406972e+03
1.618946100000000055e+00 2.435682758293668030e+03
1.625029199999999951e+00 2.435533340964987019e+03
1.631064899999999929e+00 2.435352780061974045e+03
1.637053599999999998e+00 2.435184958965402075e+03
1.642995699999999948e+00 2.435033859193631997e+03
1.648891600000000013e+00 2.434836392662577055e+03
1.654741599999999924e+00 2.434715569470010905e+03
1.660546199999999972e+00 2.434594346484000198e+03
1.666305699999999890e+00 2.434393020488298134e+03
1.672020499999999910e+00 2.434284476142399853e+03
1.677691000000000043e+00 2.434158968375575114e+03
1.683317500000000022e+00 2.434002858150945031e+03
1.688900400000000079e+00 2.433855710584692133e+03
1.694440100000000005e+00 2.433648358927207028e+03
1.699936899999999973e+00 2.433571309558548819e+03
1.705391199999999996e+00 2.433387331033783994e+03
1.710803400000000085e+00 2.433274156238028809e+03
1.716173699999999913e+00 2.433166142927193050e+03
1.721502599999999994e+00 2.432944596029251898e+03
1.726790400000000059e+00 2.432822409143862842e+03
1.732037400000000060e+00 2.432704561174723949e+03
1.737244000000000010e+00 2.432510186839218932e+03
1.742410500000000084e+00 2.432429080801483906e+03
1.747537300000000071e+00 2.432277707637053027e+03
1.752624600000000088e+00 2.432164502782542058e+03
1.757672899999999983e+00 2.431985672716080899e+03
1.762682400000000094e+00 2.431861449076947792e+03
1.767653499999999989e+00 2.431678007873736988e+03
1.772586500000000065e+00 2.431516257804337783e+03
1.777481700000000053e+00 2.431439679542445901e+03
1.782339399999999907e+00 2.431286179073711992e+03
1.787160000000000082e+00 2.431162464176029971e+03
1.791943800000000087e+00 2.430939880208170962e+03
1.796691000000000038e+00 2.430826322737515966e+03
1.801401999999999948e+00 2.430754508550267019e+03
1.806077099999999991e+00 2.430649304545936047e+03
1.810716599999999898e+00 2.430521122296488102e+03
1.815320800000000068e+00 2.430406023264321902e+03
1.819890000000000008e+00 2.430226432859525175e+03
1.824424499999999894e+00 2.430120890679088916e+03
1.828924599999999900e+00 2.429912333512310852e+03
1.833390499999999923e+00 2.429860003160037195e+03
1.837822700000000031e+00 2.429675732427317143e+03
1.842221300000000062e+00 2.429543641309649047e+03
1.846586599999999967e+00 2.429475734073388139e+03
1.850918999999999981e+00 2.429354860927186110e+03
1.855218699999999998e+00 2.429204617504407906e+03
1.859485999999999972e+00 2.429088872721818916e+03
1.863721200000000078e+00 2.428946918688769983e+03
1.867924499999999988e+00 2.428879558512063795e+03
1.872096200000000099e+00 2.428746153452656017e+03
1.876236699999999979e+00 2.428539563211266795e+03
1.880346099999999909e+00 2.428464013022658946e+03
1.884424700000000064e+00 2.428441676290830856e+03
1.888472799999999951e+00 2.428279614747330015e+03
1.892490699999999970e+00 2.428227369206440017e+03
1.896478600000000014e+00 2.428084224298107983e+03
1.900436800000000037e+00 2.428002774465684070e+03
1.904365499999999933e+00 2.427851504750428830e+03
1.908265000000000100e+00 2.427732514420196821e+03
1.912135600000000046e+00 2.427656342502244115e+03
1.915977499999999889e+00 2.427499507851118778e+03
1.919790899999999967e+00 2.427452733160227126e+03
1.923576100000000011e+00 2.427364239077935054e+03
1.927333299999999916e+00 2.427293666075121109e+03
1.931062899999999916e+00 2.427143154405549922e+03
1.934765000000000068e+00 2.427065880267714874e+03
1.938439800000000046e+00 2.426937347015214073e+03
1.942087700000000083e+00 2.426853249668391982e+03
1.945708800000000016e+00 2.426706241462151866e+03
1.949303400000000019e+00 2.426579831156777800e+03
1.952871699999999988e+00 2.426583990125684977e+03
1.956414000000000097e+00 2.426398217647902129e+03
1.959930500000000020e+00 2.426275767741337859e+03
1.963421300000000036e+00 2.426203367282303134e+03
1.966886799999999935e+00 2.426107668845954777e+03
1.970327200000000056e+00 2.426049970794490946e+03
1.973742600000000014e+00 2.425973011012104052e+03
1.977133400000000041e+00 2.425873070075806027e+03
1.980499699999999974e+00 2.425790777984739179e+03
1.983841699999999930e+00 2.425752123338998899e+03
1.987159799999999921e+00 2.425553618042933977e+03
1.990453999999999946e+00 2.425407519645465982e+03
1.993724499999999900e+00 2.425405330589850109e+03
1.996971800000000075e+00 2.425281201022935875e+03
2.000195800000000190e+00 2.425257829680529994e+03
2.003396799999999978e+00 2.425190951067656897e+03
2.006575100000000056e+00 2.425102521137085205e+03
2.009730900000000098e+00 2.424985681107534219e+03
2.012864299999999940e+00 2.424961886123341174e+03
2.015975500000000142e+00 2.424853282180582937e+03
2.019064800000000215e+00 2.424753158948903092e+03
2.022132399999999830e+00 2.424670484174956982e+03
2.025178499999999993e+00 2.424551964555816994e+03
2.028203099999999814e+00 2.424503819946341082e+03
2.031206699999999810e+00 2.424445043641007032e+03
2.034189299999999978e+00 2.424429093185944112e+03
2.037151099999999992e+00 2.424360979290534033e+03
2.040092399999999806e+00 2.424215807204420798e+03
2.043013300000000143e+00 2.424135025186494204e+03
2.045913999999999788e+00 2.424136301061222184e+03
2.048794800000000027e+00 2.424033024508472863e+03
2.051655699999999971e+00 2.423908140459493097e+03
2.054497000000000018e+00 2.423839863247765152e+03
2.057318899999999839e+00 2.423833937607601911e+03
2.060121500000000161e+00 2.423759077446939955e+03
2.062905100000000047e+00 2.423646157931843845e+03
2.065669799999999778e+00 2.423507160862755882e+03
2.068415700000000079e+00 2.423557249508236964e+03
2.071143199999999851e+00 2.423420607172375185e+03
2.073852299999999982e+00 2.423353385021786835e+03
2.076543200000000144e+00 2.423260112642599779e+03
2.079216100000000012e+00 2.423251938500780852e+03
2.081871200000000144e+00 2.423263878629306873e+03
2.084508599999999934e+00 2.423187320317313151e+03
2.087128599999999778e+00 2.423109661517948098e+03
2.089731200000000122e+00 2.423026284765499895e+03
2.092316700000000029e+00 2.423001661657217028e+03
2.094885300000000061e+00 2.422913447842496225e+03
2.097437000000000218e+00 2.422826008189746972e+03
2.099972100000000008e+00 2.422759726380023949e+03
2.102490700000000157e+00 2.422710085739915030e+03
2.104993100000000172e+00 2.422650288441564044e+03
2.107479200000000219e+00 2.422603532224315131e+03
2.109949400000000086e+00 2.422535044427017965e+03
2.112403800000000054e+00 2.422459309556259996e+03
2.114842499999999959e+00 2.422374909910316092e+03
2.117265600000000081e+00 2.422392411246508800e+03
2.119673500000000210e+00 2.422368448540581994e+03
2.122066100000000066e+00 2.422320945167274203e+03
2.124443700000000046e+00 2.422268531662126861e+03
2.126806499999999822e+00 2.422188730461579780e+03
2.129154499999999839e+00 2.422154261251504977e+03
2.131487900000000213e+00 2.422086599652232962e+03
2.133806900000000173e+00 2.422078890195064105e+03
2.136111699999999836e+00 2.421965829487712199e+03
2.138402300000000089e+00 2.421982022670655169e+03
2.140678900000000162e+00 2.421886084472825132e+03
2.142941800000000008e+00 2.421796293342484205e+03
2.145190899999999790e+00 2.421831801192243802e+03
2.147426499999999905e+00 2.421737672681475942e+03
2.149648700000000190e+00 2.421748359932063067e+03
2.151857699999999873e+00 2.421744912644679971e+03
2.154053600000000124e+00 2.421633072371541857e+03
2.156236600000000170e+00 2.421497646372125018e+03
2.158406700000000011e+00 2.421484448281774803e+03
2.160564200000000046e+00 2.421383356143955098e+03
2.162709099999999829e+00 2.421469757442631817e+03
2.164841599999999922e+00 2.421416295984642147e+03
2.166961899999999996e+00 2.421327191943425987e+03
2.169070099999999890e+00 2.421272535333087035e+03
2.171166299999999882e+00 2.421225354499427795e+03
2.173250700000000091e+00 2.421147743085480215e+03
2.175323300000000071e+00 2.421159411827351960e+03
2.177384400000000220e+00 2.421080226791671976e+03
2.179434099999999930e+00 2.420990788737860839e+03
2.181472400000000089e+00 2.421022369785168848e+03
2.183499600000000207e+00 2.420975466056720961e+03
2.185515699999999839e+00 2.420905640583645891e+03
2.187520999999999827e+00 2.420824149380408016e+03
2.189515399999999890e+00 2.420820859066214780e+03
2.191499299999999817e+00 2.420706268349432776e+03
2.193472600000000217e+00 2.420657723551334129e+03
2.195435499999999873e+00 2.420669345939072173e+03
2.197388099999999955e+00 2.420639068218385091e+03
2.199330699999999972e+00 2.420503824629020983e+03
2.201263200000000086e+00 2.420513050443259999e+03
2.203185799999999972e+00 2.420549512018609221e+03
2.205098700000000189e+00 2.420447535549883014e+03
2.207002000000000130e+00 2.420323894358230973e+03
2.208895699999999795e+00 2.420317983411996011e+03
2.210780100000000026e+00 2.420244964959817935e+03
2.212655199999999933e+00 2.420237804082119055e+03
2.214521099999999798e+00 2.420211146441446999e+03
2.216378100000000018e+00 2.420156381760151817e+03
2.218226099999999867e+00 2.420141273055167858e+03
2.220065400000000189e+00 2.420047624922292016e+03
2.221896000000000093e+00 2.420000808515836070e+03
2.223718100000000142e+00 2.419905000887923961e+03
2.225531800000000171e+00 2.419830063740394962e+03
2.227337100000000181e+00 2.419870175646453845e+03
2.229134300000000124e+00 2.419781756383102220e+03
2.230923400000000001e+00 2.419691233117839147e+03
2.232704599999999928e+00 2.419630259809704057e+03
2.234477899999999906e+00 2.419639297197757969e+03
2.236243500000000051e+00 2.419569010866131975e+03
2.238001500000000199e+00 2.419503472604743820e+03
2.239752000000000187e+00 2.419445317681927008e+03
2.241495200000000132e+00 2.419355848340112061e+03
2.243231100000000033e+00 2.419253266794929004e+03
2.244959800000000172e+00 2.419211160624466174e+03
2.246681500000000220e+00 2.419213141214152984e+03
2.248396200000000178e+00 2.419201411885716880e+03
2.250104199999999999e+00 2.419085967974148843e+03
2.251805500000000126e+00 2.418970345820780040e+03
2.253500100000000117e+00 2.418989278401597858e+03
2.255188299999999924e+00 2.418910806899806175e+03
2.256870099999999990e+00 2.418815529057928870e+03
2.258545699999999989e+00 2.418711669416867153e+03
2.260215099999999921e+00 2.418685390361008103e+03
2.261878400000000067e+00 2.418644941945221035e+03
2.263535899999999934e+00 2.418550038930798110e+03
2.265187500000000131e+00 2.418461348114296925e+03
2.266833399999999887e+00 2.418391445284923066e+03
2.268473600000000090e+00 2.418349766967499818e+03
2.270108399999999804e+00 2.418258648924541831e+03
2.271737700000000082e+00 2.418244533757620957e+03
2.273361799999999988e+00 2.418117645018558051e+03
2.274980699999999967e+00 2.418021692627431094e+03
2.276594499999999854e+00 2.417928673667212934e+03
2.278203299999999931e+00 2.417903390365745963e+03
2.279807299999999870e+00 2.417767827414835210e+03
2.281406399999999834e+00 2.417733810369587900e+03
2.283001000000000058e+00 2.417615708586471101e+03
2.284590899999999980e+00 2.417595501575141043e+03
2.286176399999999997e+00 2.417475700962647807e+03
2.287757599999999947e+00 2.417350467811761064e+03
2.289334499999999828e+00 2.417314583394591864e+03
2.290907199999999921e+00 2.417260489726074866e+03
2.292475899999999900e+00 2.417105977435932800e+03
2.294040700000000044e+00 2.417044296839148046e+03
2.295601599999999909e+00 2.416999209461258943e+03
2.297158800000000056e+00 2.416841673351657846e+03
2.298712300000000042e+00 2.416779777656017814e+03
2.300262299999999982e+00 2.416692744329123798e+03
2.301808900000000158e+00 2.416629105350568807e+03
2.303352100000000124e+00 2.416551685620514036e+03
2.304892099999999999e+00 2.416450499840132125e+03
2.306429000000000062e+00 2.417950400755030842e+03
2.307962799999999870e+00 2.476890517372305112e+03
2.309493699999999983e+00 4.545866625608667164e+03
2.311021799999999793e+00 9.601539980908055441e+03
2.312547100000000189e+00 1.004020184783956029e+04
2.314069799999999955e+00 9.835085493734282863e+03
2.315589899999999979e+00 1.012011495457706042e+04
2.317107599999999934e+00 1.028698852183382041e+04
2.318623000000000101e+00 1.040723515471710925e+04
2.320136100000000035e+00 1.051947088567494939e+04
2.321647099999999853e+00 1.060756837779021953e+04
2.323155999999999999e+00 1.067305718401968079e+04
2.324663000000000146e+00 1.071552093571702062e+04
2.326168200000000130e+00 1.073356142518715933e+04
2.327671599999999952e+00 1.072600453745267987e+04
2.329173299999999891e+00 1.069263952576942029e+04
2.330673500000000065e+00 1.062921296086434086e+04
2.332172200000000029e+00 1.052788385252340049e+04
2.333669599999999900e+00 1.037524112968090958e+04
2.335165700000000122e+00 1.014702992522852037e+04
2.336660699999999924e+00 9.838577073192007447e+03
2.338154499999999913e+00 9.497633129890060445e+03
2.339647499999999880e+00 9.206856281572298030e+03
2.341139500000000151e+00 9.025838562786811963e+03
2.342630799999999791e+00 8.913425828589552111e+03
2.344121299999999852e+00 8.757249394513037259e+03
2.345611299999999844e+00 8.510939088504603205e+03
2.347100800000000209e+00 8.217353480092549944e+03
2.348590000000000177e+00 8.157599173502849226e+03
2.350078799999999912e+00 8.759157625973704853e+03
2.351567199999999858e+00 1.031585233907326983e+04
2.353056000000000036e+00 9.263492733359580598e+03
2.354205100000000161e+00 7.422690295314696414e+03
2.355351100000000031e+00 7.085705889256838418e+03
2.356494200000000205e+00 7.071967158137085789e+03
2.357634399999999797e+00 7.430050693616485660e+03
2.358771599999999857e+00 8.035975532935014598e+03
2.359905899999999779e+00 8.773012877525703516e+03
2.361037399999999842e+00 9.590881132489799711e+03
2.362166100000000046e+00 1.048816870044618918e+04
2.363291999999999948e+00 1.148980794195823000e+04
2.364415099999999992e+00 1.261280845400188991e+04
2.365535400000000177e+00 1.384635564915285977e+04
2.366653100000000176e+00 1.518479559527228957e+04
2.367768100000000153e+00 1.663890973510477124e+04
2.368880400000000108e+00 1.821233149441238129e+04
2.369990099999999877e+00 1.988728824871278994e+04
2.371097199999999905e+00 2.165634097062227011e+04
2.372201800000000027e+00 2.350464292632084107e+04
2.373303700000000127e+00 2.542323718163140074e+04
2.374403200000000158e+00 2.738411482046010860e+04
2.375500199999999840e+00 2.936801732984817136e+04
2.376594700000000060e+00 3.134712506502355973e+04
2.377686800000000211e+00 3.329940532661276666e+04
2.378776499999999849e+00 3.519755961715678131e+04
2.379863799999999863e+00 3.702090626514566975e+04
2.380948800000000087e+00 3.874691064128967264e+04
2.382031399999999799e+00 4.036635262093145866e+04
2.383111700000000166e+00 4.186481025951002812e+04
2.384189699999999856e+00 4.320117557925666188e+04
2.385265500000000038e+00 4.439619641224364750e+04
2.386338999999999988e+00 4.545835184993074654e+04
2.387410299999999985e+00 4.639081689550557348e+04
2.388479499999999867e+00 4.721692259910503344e+04
2.389546399999999959e+00 4.794847477148394682e+04
2.390611300000000217e+00 4.858363366875358770e+04
2.391674000000000078e+00 4.913816727672689012e+04
2.392734700000000103e+00 4.963687702495211852e+04
2.393793300000000013e+00 5.007028383135076001e+04
2.394849900000000087e+00 5.045727586426860944e+04
2.395904400000000045e+00 5.079458124276243325e+04
2.396957000000000004e+00 5.105957927022653894e+04
2.398007499999999848e+00 5.126793575479528954e+04
2.399056199999999972e+00 5.137295499639319314e+04
2.400102899999999817e+00 5.134850608891261800e+04
2.401147700000000107e+00 5.116933290401314298e+04
2.402190599999999954e+00 5.083747572318132734e+04
2.403231700000000082e+00 5.035911260701346328e+04
2.404271000000000047e+00 4.974616975085061131e+04
2.405308400000000013e+00 4.901608601484446990e+04
2.406343999999999816e+00 4.819243594889830274e+04
2.407377900000000182e+00 4.735558394744451653e+04
2.408410100000000220e+00 4.653712305373557319e+04
2.409440500000000096e+00 4.576246131636747305e+04
2.410469200000000090e+00 4.505915291944311321e+04
2.411496200000000201e+00 4.442838283571757347e+04
2.412521499999999985e+00 4.386338480948188226e+04
2.413545300000000005e+00 4.340352397163805290e+04
2.414567400000000141e+00 4.302511082491365960e+04
2.415587899999999788e+00 4.270822792118734651e+04
2.416606799999999833e+00 4.244359349138660764e+04
2.417624200000000112e+00 4.222855932208171726e+04
2.418639999999999901e+00 4.206319469053403736e+04
2.419654299999999925e+00 4.191864993824007252e+04
2.420667200000000019e+00 4.181260106964629813e+04
2.421678500000000067e+00 4.171642359472948738e+04
2.422688400000000186e+00 4.162857383121449675e+04
2.423696800000000096e+00 4.155975804038359638e+04
2.424703899999999912e+00 4.151588891636564949e+04
2.425709499999999963e+00 4.148676940482432838e+04
2.426713799999999921e+00 4.145213768361350230e+04
2.427716699999999950e+00 4.141675885060447035e+04
2.428718299999999886e+00 4.139481195331449271e+04
2.429718499999999892e+00 4.139424605701313703e+04
2.430717500000000086e+00 4.137851562395156361e+04
2.431715099999999907e+00 4.138154360551354330e+04
2.432711499999999916e+00 4.137676768214919866e+04
2.433706700000000112e+00 4.137032008284357289e+04
2.434700700000000051e+00 4.136919745580862218e+04
2.435693399999999897e+00 4.136635658339554357e+04
2.436684899999999931e+00 4.136254104171923245e+04
2.437675299999999989e+00 4.136261940954212332e+04
2.438664600000000071e+00 4.135294968136805983e+04
2.439652699999999896e+00 4.135291010346687108e+04
2.440639599999999909e+00 4.134716684118237754e+04
2.441625499999999782e+00 4.133090066548354662e+04
2.442610399999999959e+00 4.132704054929888662e+04
2.443594099999999880e+00 4.132416680394928699e+04
2.444576800000000105e+00 4.130679333720396244e+04
2.445558500000000191e+00 4.129842260663175693e+04
2.446539200000000136e+00 4.128406923923313298e+04
2.447518899999999942e+00 4.126402798884031654e+04
2.448497699999999888e+00 4.124662447680351761e+04
2.449475500000000139e+00 4.123349729185643810e+04
2.450452299999999806e+00 4.122429117234909791e+04
2.451428299999999894e+00 4.120325926883651118e+04
2.452403299999999842e+00 4.118393814446686883e+04
2.453377500000000211e+00 4.116463647333619156e+04
2.454350699999999996e+00 4.114820269210352126e+04
2.455323200000000039e+00 4.112535994603647123e+04
2.456294799999999778e+00 4.110731587435717665e+04
2.457265599999999939e+00 4.108802283319171693e+04
2.458235600000000076e+00 4.106527623827403295e+04
2.459204900000000027e+00 4.104661439788978169e+04
2.460173300000000118e+00 4.103010110513937252e+04
2.461141099999999859e+00 4.100571171167374268e+04
2.462108100000000022e+00 4.099287946709407697e+04
2.463074399999999997e+00 4.097789362871833873e+04
2.464039999999999786e+00 4.095706634286032204e+04
2.465004899999999832e+00 4.093622252588316769e+04
2.465969100000000136e+00 4.091878379772073822e+04
2.466932799999999926e+00 4.089687420530559029e+04
2.467895700000000136e+00 4.087690601811787928e+04
2.468858099999999833e+00 4.086083386787689960e+04
2.469819900000000068e+00 4.084064619154314278e+04
2.470781099999999952e+00 4.082525835072151676e+04
2.471741800000000211e+00 4.080802106454600289e+04
2.472701900000000119e+00 4.078768160912054736e+04
2.473661499999999958e+00 4.076980161432897876e+04
2.474620499999999890e+00 4.074638235655645258e+04
2.475579100000000032e+00 4.073087065349891782e+04
2.476537200000000105e+00 4.071900916603575752e+04
2.477494800000000108e+00 4.069428484694525832e+04
2.478451999999999877e+00 4.067845861718696688e+04
2.479408799999999857e+00 4.066252791005255858e+04
2.480365100000000211e+00 4.064012488520944316e+04
2.481321100000000168e+00 4.062351567653177335e+04
2.482276600000000055e+00 4.060528957825762336e+04
2.483231799999999989e+00 4.058741263221312693e+04
2.484186699999999970e+00 4.057507249220628000e+04
2.485141200000000161e+00 4.055509035616742040e+04
2.486095399999999955e+00 4.053405488835451979e+04
2.487049299999999796e+00 4.051563847716824239e+04
2.488002900000000128e+00 4.049375080677915685e+04
2.488956200000000063e+00 4.047107866988766182e+04
2.489909299999999881e+00 4.045319358172176726e+04
2.490862200000000026e+00 4.043887874282636039e+04
2.491814800000000218e+00 4.042225776998666697e+04
2.492767199999999850e+00 4.040054919129043265e+04
2.493719399999999808e+00 4.038672439855911944e+04
2.494671499999999931e+00 4.036601884505825001e+04
2.495623399999999936e+00 4.034229277739462123e+04
2.496575200000000105e+00 4.032166150544529955e+04
2.497526800000000158e+00 4.030638754083106323e+04
2.498478299999999930e+00 4.028474214182003197e+04
2.499429699999999865e+00 4.027174724121457257e+04
2.500381099999999801e+00 4.026112714067989873e+04
2.501332399999999900e+00 4.024903886291100207e+04
2.502283600000000163e+00 4.023212441943962040e+04
2.503234799999999982e+00 3.940338310991758772e+04
2.504185999999999801e+00 3.865689717375626788e+04
