5.110670955019529210e+05 5.110670955019529210e+05
5.101939329035332776e+05 5.101939329035332776e+05
5.093818301244406030e+05 5.093818301244406030e+05
5.086761570244331961e+05 5.086761570244331961e+05
5.080259052486821893e+05 5.080259052486821893e+05
5.074340712896182085e+05 5.074340712896182085e+05
5.068699726446031709e+05 5.068699726446031709e+05
5.063369033388475073e+05 5.063369033388475073e+05
5.058202073378919740e+05 5.058202073378919740e+05
5.053266679421295994e+05 5.053266679421295994e+05
5.048468489041192224e+05 5.048468489041192224e+05
5.043762622629016987e+05 5.043762622629016987e+05
5.039116647747710231e+05 5.039116647747710231e+05
5.034269284578905208e+05 5.034269284578905208e+05
5.030055186292392900e+05 5.030055186292392900e+05
5.025520459227323881e+05 5.025520459227323881e+05
5.021055406377193867e+05 5.021055406377193867e+05
5.016462678089900874e+05 5.016462678089900874e+05
5.012294560957740177e+05 5.012294560957740177e+05
5.007655912122047157e+05 5.007655912122047157e+05
5.003510299337732140e+05 5.003510299337732140e+05
4.999109982366033946e+05 4.999109982366033946e+05
4.994717718625047710e+05 4.994717718625047710e+05
4.990381357370840851e+05 4.990381357370840851e+05
4.985950650651801261e+05 4.985950650651801261e+05
4.981571155493523111e+05 4.981571155493523111e+05
4.976892220306252129e+05 4.976892220306252129e+05
4.972724771880253102e+05 4.972724771880253102e+05
4.968054452147195116e+05 4.968054452147195116e+05
4.963643105664689210e+05 4.963643105664689210e+05
4.959215514399200911e+05 4.959215514399200911e+05
4.954946961250833119e+05 4.954946961250833119e+05
4.950473188288101810e+05 4.950473188288101810e+05
4.945939999370478909e+05 4.945939999370478909e+05
4.941433615229984280e+05 4.941433615229984280e+05
4.936632135535859852e+05 4.936632135535859852e+05
4.932283201092071249e+05 4.932283201092071249e+05
4.927743695374539820e+05 4.927743695374539820e+05
4.922948237176936818e+05 4.922948237176936818e+05
4.918512258859687136e+05 4.918512258859687136e+05
4.913611458079998847e+05 4.913611458079998847e+05
4.908887883366217720e+05 4.908887883366217720e+05
4.904256378674444277e+05 4.904256378674444277e+05
4.899499979425977217e+05 4.899499979425977217e+05
4.895006476551914238e+05 4.895006476551914238e+05
4.890363189768139855e+05 4.890363189768139855e+05
4.884923992590029957e+05 4.884923992590029957e+05
4.880522055638711900e+05 4.880522055638711900e+05
4.875953602827006835e+05 4.875953602827006835e+05
4.870767695258593885e+05 4.870767695258593885e+05
4.865949889867170132e+05 4.865949889867170132e+05
4.861169463307763799e+05 4.861169463307763799e+05
4.856039383099225233e+05 4.856039383099225233e+05
4.851457496077123214e+05 4.851457496077123214e+05
4.846295886939528864e+05 4.846295886939528864e+05
4.841216411635355907e+05 4.841216411635355907e+05
4.835241683344804915e+05 4.835241683344804915e+05
4.830240563359885709e+05 4.830240563359885709e+05
4.825261110691974754e+05 4.825261110691974754e+05
4.820261321035429137e+05 4.820261321035429137e+05
4.816459309471740853e+05 4.816459309471740853e+05
4.809633749409372103e+05 4.809633749409372103e+05
4.806393454757655854e+05 4.806393454757655854e+05
4.799124195862971246e+05 4.799124195862971246e+05
4.794323898954393808e+05 4.794323898954393808e+05
4.790346647233566036e+05 4.790346647233566036e+05
4.783565350010094116e+05 4.783565350010094116e+05
4.778445742640133831e+05 4.778445742640133831e+05
4.774485870283885160e+05 4.774485870283885160e+05
4.768521470259752241e+05 4.768521470259752241e+05
4.762557730134336744e+05 4.762557730134336744e+05
4.756926024545764085e+05 4.756926024545764085e+05
4.751659863542321254e+05 4.751659863542321254e+05
4.746303246061878162e+05 4.746303246061878162e+05
4.741756965092662722e+05 4.741756965092662722e+05
4.734972538952035247e+05 4.734972538952035247e+05
4.730829346593309892e+05 4.730829346593309892e+05
4.724785802336732158e+05 4.724785802336732158e+05
4.719446299522750778e+05 4.719446299522750778e+05
4.713514920013584779e+05 4.713514920013584779e+05
4.708390537104635150e+05 4.708390537104635150e+05
4.701002316011615912e+05 4.701002316011615912e+05
4.696863287416407256e+05 4.696863287416407256e+05
4.689942004033421981e+05 4.689942004033421981e+05
4.683837374249952845e+05 4.683837374249952845e+05
4.679603846552401083e+05 4.679603846552401083e+05
4.674134187673471170e+05 4.674134187673471170e+05
4.668292942593821790e+05 4.668292942593821790e+05
4.661933950428641983e+05 4.661933950428641983e+05
4.654515153129416285e+05 4.654515153129416285e+05
4.649050942306371871e+05 4.649050942306371871e+05
4.644215191622541170e+05 4.644215191622541170e+05
4.638398386518973857e+05 4.638398386518973857e+05
4.632380246948251151e+05 4.632380246948251151e+05
4.625438585417427821e+05 4.625438585417427821e+05
4.620387841199006070e+05 4.620387841199006070e+05
4.612672536900137784e+05 4.612672536900137784e+05
4.608046847012406797e+05 4.608046847012406797e+05
4.601630816449029953e+05 4.601630816449029953e+05
4.594676730713439174e+05 4.594676730713439174e+05
4.588289269239027053e+05 4.588289269239027053e+05
4.583791397399897105e+05 4.583791397399897105e+05
4.574245435559797916e+05 4.574245435559797916e+05
4.569212482483796193e+05 4.569212482483796193e+05
4.563620369223168818e+05 4.563620369223168818e+05
4.558314132662945194e+05 4.558314132662945194e+05
4.550503691674993024e+05 4.550503691674993024e+05
4.545939057945755194e+05 4.545939057945755194e+05
4.538915888965976192e+05 4.538915888965976192e+05
4.531347175360919791e+05 4.531347175360919791e+05
4.524564362865514122e+05 4.524564362865514122e+05
4.519716460714045097e+05 4.519716460714045097e+05
4.512025033082953887e+05 4.512025033082953887e+05
4.505680292417390156e+05 4.505680292417390156e+05
4.500662173295515822e+05 4.500662173295515822e+05
4.490624497806737199e+05 4.490624497806737199e+05
4.484250329271393130e+05 4.484250329271393130e+05
4.480724595023146830e+05 4.480724595023146830e+05
4.473563931332253851e+05 4.473563931332253851e+05
4.467720632061294746e+05 4.467720632061294746e+05
4.460396596731746104e+05 4.460396596731746104e+05
4.452472072369838133e+05 4.452472072369838133e+05
4.445622635183744715e+05 4.445622635183744715e+05
4.439019148169811815e+05 4.439019148169811815e+05
4.433427265005967929e+05 4.433427265005967929e+05
4.425446147795292782e+05 4.425446147795292782e+05
4.416984057370256050e+05 4.416984057370256050e+05
4.412862412854892900e+05 4.412862412854892900e+05
4.404559000048628077e+05 4.404559000048628077e+05
4.397953148224753095e+05 4.397953148224753095e+05
4.392113459093041020e+05 4.392113459093041020e+05
4.385039059886551113e+05 4.385039059886551113e+05
4.377714677389424760e+05 4.377714677389424760e+05
4.370671583570932853e+05 4.370671583570932853e+05
4.363736816580261802e+05 4.363736816580261802e+05
4.355492586289444007e+05 4.355492586289444007e+05
4.349435671374141821e+05 4.349435671374141821e+05
4.341687879721933859e+05 4.341687879721933859e+05
4.333542472682902007e+05 4.333542472682902007e+05
4.327849451413981151e+05 4.327849451413981151e+05
4.319948849929127027e+05 4.319948849929127027e+05
4.313650768935682718e+05 4.313650768935682718e+05
4.306627517557993997e+05 4.306627517557993997e+05
4.297296579859686899e+05 4.297296579859686899e+05
4.292160702897598967e+05 4.292160702897598967e+05
4.283152988039855845e+05 4.283152988039855845e+05
4.275830317684756010e+05 4.275830317684756010e+05
4.270144778637909913e+05 4.270144778637909913e+05
4.260988242924223887e+05 4.260988242924223887e+05
4.254586247425734764e+05 4.254586247425734764e+05
4.247926812445779797e+05 4.247926812445779797e+05
4.238497747277006274e+05 4.238497747277006274e+05
4.232569111542755854e+05 4.232569111542755854e+05
4.224789427843971062e+05 4.224789427843971062e+05
4.218016149921147735e+05 4.218016149921147735e+05
4.209772327004012186e+05 4.209772327004012186e+05
4.202506273671368835e+05 4.202506273671368835e+05
4.194536490942197270e+05 4.194536490942197270e+05
4.184574609051750158e+05 4.184574609051750158e+05
4.178703312162560178e+05 4.178703312162560178e+05
4.170682469859124976e+05 4.170682469859124976e+05
4.164401280704102246e+05 4.164401280704102246e+05
4.155518354139102157e+05 4.155518354139102157e+05
4.146562007334675291e+05 4.146562007334675291e+05
4.140188374424083740e+05 4.140188374424083740e+05
4.132454872457992751e+05 4.132454872457992751e+05
4.124786432938210783e+05 4.124786432938210783e+05
4.117393237498095841e+05 4.117393237498095841e+05
4.107877549225707189e+05 4.107877549225707189e+05
4.101609742292489973e+05 4.101609742292489973e+05
4.093452981117026065e+05 4.093452981117026065e+05
4.086964992996391957e+05 4.086964992996391957e+05
4.077703493599761277e+05 4.077703493599761277e+05
4.069824992885480169e+05 4.069824992885480169e+05
4.063091913184521254e+05 4.063091913184521254e+05
4.054900010604620911e+05 4.054900010604620911e+05
4.045433301039112848e+05 4.045433301039112848e+05
4.037525221492436831e+05 4.037525221492436831e+05
4.030215856812581769e+05 4.030215856812581769e+05
4.022272837907284847e+05 4.022272837907284847e+05
4.013978438716236851e+05 4.013978438716236851e+05
4.004529563128781738e+05 4.004529563128781738e+05
3.998383725779554807e+05 3.998383725779554807e+05
3.990330113610288827e+05 3.990330113610288827e+05
3.981416338159692241e+05 3.981416338159692241e+05
3.974124874097962165e+05 3.974124874097962165e+05
3.965443439601812861e+05 3.965443439601812861e+05
3.958115680411572102e+05 3.958115680411572102e+05
3.949307358752773143e+05 3.949307358752773143e+05
3.941583855757925776e+05 3.941583855757925776e+05
3.933646031096089282e+05 3.933646031096089282e+05
3.925201110287816264e+05 3.925201110287816264e+05
3.917347761766614276e+05 3.917347761766614276e+05
3.909304739866582095e+05 3.909304739866582095e+05
3.902217875577494269e+05 3.902217875577494269e+05
3.893511444367102231e+05 3.893511444367102231e+05
3.884707126401602873e+05 3.884707126401602873e+05
3.876260395393461222e+05 3.876260395393461222e+05
3.868679506859625108e+05 3.868679506859625108e+05
3.859705434642654145e+05 3.859705434642654145e+05
3.851524630183246918e+05 3.851524630183246918e+05
3.845012828723312123e+05 3.845012828723312123e+05
3.835051428612159216e+05 3.835051428612159216e+05
3.827149062936000992e+05 3.827149062936000992e+05
3.818940174822565168e+05 3.818940174822565168e+05
3.810812539527089102e+05 3.810812539527089102e+05
3.802740958844901179e+05 3.802740958844901179e+05
3.794424359410785837e+05 3.794424359410785837e+05
3.787101485231710249e+05 3.787101485231710249e+05
3.778822151862879982e+05 3.778822151862879982e+05
3.771040274437629851e+05 3.771040274437629851e+05
3.761486595737768221e+05 3.761486595737768221e+05
3.752028871804550872e+05 3.752028871804550872e+05
3.745568924151536194e+05 3.745568924151536194e+05
3.736859124111519777e+05 3.736859124111519777e+05
3.728784758958360762e+05 3.728784758958360762e+05
3.720565121473071049e+05 3.720565121473071049e+05
3.713632950712933089e+05 3.713632950712933089e+05
3.702828700835665222e+05 3.702828700835665222e+05
3.695931245663107838e+05 3.695931245663107838e+05
3.687734178442636039e+05 3.687734178442636039e+05
3.679688762017841218e+05 3.679688762017841218e+05
3.671109930370373768e+05 3.671109930370373768e+05
3.662994403154004831e+05 3.662994403154004831e+05
3.655034499914270127e+05 3.655034499914270127e+05
3.645696748240416055e+05 3.645696748240416055e+05
3.638498021791005740e+05 3.638498021791005740e+05
3.631460581477634259e+05 3.631460581477634259e+05
3.621984296689684852e+05 3.621984296689684852e+05
3.613625462105495972e+05 3.613625462105495972e+05
3.607136109525380889e+05 3.607136109525380889e+05
3.597740039992264938e+05 3.597740039992264938e+05
3.589037646491514752e+05 3.589037646491514752e+05
3.581186808870740933e+05 3.581186808870740933e+05
3.573582900194023969e+05 3.573582900194023969e+05
3.566230507274472038e+05 3.566230507274472038e+05
3.556109302446963266e+05 3.556109302446963266e+05
3.547880219887706917e+05 3.547880219887706917e+05
3.542659533068236196e+05 3.542659533068236196e+05
3.531831182213696884e+05 3.531831182213696884e+05
3.525254891016684123e+05 3.525254891016684123e+05
3.516196204335023067e+05 3.516196204335023067e+05
3.508170277300145826e+05 3.508170277300145826e+05
3.500985571042575175e+05 3.500985571042575175e+05
3.493928961549064261e+05 3.493928961549064261e+05
3.485170896378629259e+05 3.485170896378629259e+05
3.477060706372056738e+05 3.477060706372056738e+05
3.469331316182378214e+05 3.469331316182378214e+05
3.460489279095947859e+05 3.460489279095947859e+05
3.453054223762010806e+05 3.453054223762010806e+05
3.445200208728960133e+05 3.445200208728960133e+05
3.437723048651164863e+05 3.437723048651164863e+05
3.429717831009068177e+05 3.429717831009068177e+05
3.422053167518575792e+05 3.422053167518575792e+05
3.414006799652313930e+05 3.414006799652313930e+05
3.405629316635265714e+05 3.405629316635265714e+05
3.397799034071756760e+05 3.397799034071756760e+05
3.391233315802871948e+05 3.391233315802871948e+05
3.382469052216020063e+05 3.382469052216020063e+05
3.375724694796053809e+05 3.375724694796053809e+05
3.367986969448534073e+05 3.367986969448534073e+05
3.359393741796808899e+05 3.359393741796808899e+05
3.351815033839964890e+05 3.351815033839964890e+05
3.344947472212531138e+05 3.344947472212531138e+05
3.338653922676438233e+05 3.338653922676438233e+05
3.328874658780681784e+05 3.328874658780681784e+05
3.322981092784440843e+05 3.322981092784440843e+05
3.315064793375796871e+05 3.315064793375796871e+05
3.306555265237910789e+05 3.306555265237910789e+05
3.300167938938558800e+05 3.300167938938558800e+05
3.292638820347522851e+05 3.292638820347522851e+05
3.286411207032793900e+05 3.286411207032793900e+05
3.278940047960039228e+05 3.278940047960039228e+05
3.270855227593319723e+05 3.270855227593319723e+05
3.262520982833140879e+05 3.262520982833140879e+05
3.256403852906152024e+05 3.256403852906152024e+05
3.248057461684385780e+05 3.248057461684385780e+05
3.242213215750241070e+05 3.242213215750241070e+05
3.234720165778017254e+05 3.234720165778017254e+05
3.227531274802620173e+05 3.227531274802620173e+05
3.219852254126528860e+05 3.219852254126528860e+05
3.212720105190267786e+05 3.212720105190267786e+05
3.205510317613087827e+05 3.205510317613087827e+05
3.199659890502726776e+05 3.199659890502726776e+05
3.192670842921996955e+05 3.192670842921996955e+05
3.184470761990175233e+05 3.184470761990175233e+05
3.178816149335848750e+05 3.178816149335848750e+05
3.171374168690259103e+05 3.171374168690259103e+05
3.165383284276222112e+05 3.165383284276222112e+05
3.157421840163883753e+05 3.157421840163883753e+05
3.151892853906839737e+05 3.151892853906839737e+05
3.143899615360765019e+05 3.143899615360765019e+05
3.138111796643626876e+05 3.138111796643626876e+05
3.131101342240055092e+05 3.131101342240055092e+05
3.125589590325781028e+05 3.125589590325781028e+05
3.117853336758916848e+05 3.117853336758916848e+05
3.111560259386723046e+05 3.111560259386723046e+05
3.105828476719210157e+05 3.105828476719210157e+05
3.099516983518510242e+05 3.099516983518510242e+05
3.092381210216858890e+05 3.092381210216858890e+05
3.086876771988323890e+05 3.086876771988323890e+05
3.079854725785619230e+05 3.079854725785619230e+05
3.073189523460157798e+05 3.073189523460157798e+05
3.068582486683200113e+05 3.068582486683200113e+05
3.061248324441338191e+05 3.061248324441338191e+05
3.055817011146376026e+05 3.055817011146376026e+05
3.049966857839528238e+05 3.049966857839528238e+05
3.044014787063779077e+05 3.044014787063779077e+05
3.037719285489903996e+05 3.037719285489903996e+05
3.031202521283921087e+05 3.031202521283921087e+05
3.026310164212536183e+05 3.026310164212536183e+05
3.020380950566601241e+05 3.020380950566601241e+05
3.014340401377591188e+05 3.014340401377591188e+05
3.008001294177696109e+05 3.008001294177696109e+05
3.002961779510385240e+05 3.002961779510385240e+05
2.997490947874700068e+05 2.997490947874700068e+05
2.991610828149850713e+05 2.991610828149850713e+05
2.986596051118227770e+05 2.986596051118227770e+05
2.980221428326963214e+05 2.980221428326963214e+05
2.974661071199381258e+05 2.974661071199381258e+05
2.969608640588069102e+05 2.969608640588069102e+05
2.964079793250419898e+05 2.964079793250419898e+05
2.959844600588119938e+05 2.959844600588119938e+05
2.954224380360716023e+05 2.954224380360716023e+05
2.948560634534909041e+05 2.948560634534909041e+05
2.944118105675432016e+05 2.944118105675432016e+05
2.939104293320414727e+05 2.939104293320414727e+05
2.934149086736825993e+05 2.934149086736825993e+05
2.928219824169586063e+05 2.928219824169586063e+05
2.923420450298400247e+05 2.923420450298400247e+05
2.919240746130191255e+05 2.919240746130191255e+05
2.913702801024349174e+05 2.913702801024349174e+05
2.908901270675733103e+05 2.908901270675733103e+05
2.904250521098651807e+05 2.904250521098651807e+05
2.900589735118043027e+05 2.900589735118043027e+05
2.894945572689332766e+05 2.894945572689332766e+05
2.891331768762381980e+05 2.891331768762381980e+05
2.886516347535033710e+05 2.886516347535033710e+05
2.882020883751272922e+05 2.882020883751272922e+05
2.876427649431981263e+05 2.876427649431981263e+05
2.873449428191956831e+05 2.873449428191956831e+05
2.867769102122955956e+05 2.867769102122955956e+05
2.865838336045006872e+05 2.865838336045006872e+05
2.860384551292430842e+05 2.860384551292430842e+05
2.856938145597681287e+05 2.856938145597681287e+05
2.853105236741175177e+05 2.853105236741175177e+05
2.848368902305901865e+05 2.848368902305901865e+05
2.844642417143866769e+05 2.844642417143866769e+05
2.841552621714341803e+05 2.841552621714341803e+05
2.837468976961692097e+05 2.837468976961692097e+05
2.833151791901256074e+05 2.833151791901256074e+05
2.830168559845022974e+05 2.830168559845022974e+05
2.825139064773640130e+05 2.825139064773640130e+05
2.822321566161336959e+05 2.822321566161336959e+05
2.819564154629028053e+05 2.819564154629028053e+05
2.816186565888362238e+05 2.816186565888362238e+05
2.812640261424737982e+05 2.812640261424737982e+05
2.809611302847018233e+05 2.809611302847018233e+05
2.805553990488821873e+05 2.805553990488821873e+05
2.802788208750757040e+05 2.802788208750757040e+05
2.799791750611306052e+05 2.799791750611306052e+05
2.795503809496182948e+05 2.795503809496182948e+05
2.793515498248426011e+05 2.793515498248426011e+05
2.790236033090616111e+05 2.790236033090616111e+05
2.787992089074245887e+05 2.787992089074245887e+05
2.784799399164019269e+05 2.784799399164019269e+05
2.782664823520603240e+05 2.782664823520603240e+05
2.780214918350729859e+05 2.780214918350729859e+05
2.777077883613632875e+05 2.777077883613632875e+05
2.775289745427381131e+05 2.775289745427381131e+05
2.772428954408681020e+05 2.772428954408681020e+05
2.769516479979323922e+05 2.769516479979323922e+05
2.766331516720381915e+05 2.766331516720381915e+05
2.764762695641766768e+05 2.764762695641766768e+05
2.762562825206071138e+05 2.762562825206071138e+05
2.760598850297888275e+05 2.760598850297888275e+05
2.759062960477895103e+05 2.759062960477895103e+05
2.757205203366458882e+05 2.757205203366458882e+05
2.753587387669358868e+05 2.753587387669358868e+05
2.753748362170797773e+05 2.753748362170797773e+05
2.750925329508170253e+05 2.750925329508170253e+05
2.748723991278217291e+05 2.748723991278217291e+05
2.747399993714278098e+05 2.747399993714278098e+05
2.746867405879909056e+05 2.746867405879909056e+05
2.744902734832994174e+05 2.744902734832994174e+05
2.739668923756576842e+05 2.739668923756576842e+05
2.752295164818901103e+05 2.752295164818901103e+05
4.034531022133490187e+05 4.034531022133490187e+05
6.443100900672667194e+05 6.443100900672667194e+05
6.252021656874183100e+05 6.252021656874183100e+05
1.057174565044871997e+06 1.057174565044871997e+06
1.477282037272260990e+06 1.477282037272260990e+06
1.694740010139252990e+06 1.694740010139252990e+06
1.774082024486779934e+06 1.774082024486779934e+06
1.783861313313299092e+06 1.783861313313299092e+06
1.792243110791085055e+06 1.792243110791085055e+06
1.798572983211040031e+06 1.798572983211040031e+06
1.797549206033580936e+06 1.797549206033580936e+06
1.801608949318201980e+06 1.801608949318201980e+06
1.807610779046332929e+06 1.807610779046332929e+06
1.825377888872460928e+06 1.825377888872460928e+06
1.824551109333029948e+06 1.824551109333029948e+06
1.815434872836448951e+06 1.815434872836448951e+06
1.827444472534152912e+06 1.827444472534152912e+06
1.827702395869687898e+06 1.827702395869687898e+06
1.830915702826912981e+06 1.830915702826912981e+06
1.814440349438231904e+06 1.814440349438231904e+06
1.833115086442102911e+06 1.833115086442102911e+06
1.831954609590020962e+06 1.831954609590020962e+06
1.835602205795279937e+06 1.835602205795279937e+06
1.835876626045936951e+06 1.835876626045936951e+06
1.839691611542430939e+06 1.839691611542430939e+06
1.841039276894981042e+06 1.841039276894981042e+06
1.841790499544915976e+06 1.841790499544915976e+06
1.829059553857122082e+06 1.829059553857122082e+06
1.829959099289264996e+06 1.829959099289264996e+06
1.831427342880272074e+06 1.831427342880272074e+06
1.837165702897266950e+06 1.837165702897266950e+06
1.835860889275558991e+06 1.835860889275558991e+06
1.841361178679902107e+06 1.841361178679902107e+06
1.855229254084392916e+06 1.855229254084392916e+06
1.837603243458390003e+06 1.837603243458390003e+06
1.858140562894805102e+06 1.858140562894805102e+06
1.840397546285483986e+06 1.840397546285483986e+06
1.856342885279431939e+06 1.856342885279431939e+06
1.854691615751812002e+06 1.854691615751812002e+06
1.844159875567015959e+06 1.844159875567015959e+06
1.841458881434472976e+06 1.841458881434472976e+06
1.843986807029949035e+06 1.843986807029949035e+06
1.839787616151114926e+06 1.839787616151114926e+06
1.857529063255877001e+06 1.857529063255877001e+06
1.844450769657505909e+06 1.844450769657505909e+06
1.842852657035612036e+06 1.842852657035612036e+06
1.845082604869849049e+06 1.845082604869849049e+06
1.855917537456558086e+06 1.855917537456558086e+06
1.854684039218633901e+06 1.854684039218633901e+06
1.837005126418210100e+06 1.837005126418210100e+06
1.841075159578493098e+06 1.841075159578493098e+06
1.854250739710534923e+06 1.854250739710534923e+06
1.852513548477041069e+06 1.852513548477041069e+06
1.834935070948498091e+06 1.834935070948498091e+06
1.837437526993619045e+06 1.837437526993619045e+06
1.834457309389918111e+06 1.834457309389918111e+06
1.839466134754725033e+06 1.839466134754725033e+06
1.852724574177891016e+06 1.852724574177891016e+06
1.833928047738668974e+06 1.833928047738668974e+06
1.835968168559266953e+06 1.835968168559266953e+06
1.833957121882413980e+06 1.833957121882413980e+06
1.848306354655008996e+06 1.848306354655008996e+06
1.831264617378744064e+06 1.831264617378744064e+06
1.845950620007616002e+06 1.845950620007616002e+06
1.843644068439868046e+06 1.843644068439868046e+06
1.824555268276276067e+06 1.824555268276276067e+06
1.829505668974142987e+06 1.829505668974142987e+06
1.829377852620250080e+06 1.829377852620250080e+06
1.840292836340985959e+06 1.840292836340985959e+06
1.826389824534527957e+06 1.826389824534527957e+06
1.837880704112766078e+06 1.837880704112766078e+06
1.823318113451902056e+06 1.823318113451902056e+06
1.823538478390462929e+06 1.823538478390462929e+06
1.820336689854176948e+06 1.820336689854176948e+06
1.836174496517549967e+06 1.836174496517549967e+06
1.817740409014021978e+06 1.817740409014021978e+06
1.832307137615340995e+06 1.832307137615340995e+06
1.832344707152445102e+06 1.832344707152445102e+06
1.829582001661838032e+06 1.829582001661838032e+06
1.813253559284400893e+06 1.813253559284400893e+06
1.815635843179424992e+06 1.815635843179424992e+06
1.827795970222871052e+06 1.827795970222871052e+06
1.826233533985672984e+06 1.826233533985672984e+06
1.810328455999389989e+06 1.810328455999389989e+06
1.808071485079892911e+06 1.808071485079892911e+06
1.824393580371588003e+06 1.824393580371588003e+06
1.824246498526626034e+06 1.824246498526626034e+06
1.805931375786660006e+06 1.805931375786660006e+06
1.821007652211128967e+06 1.821007652211128967e+06
1.819598033219964942e+06 1.819598033219964942e+06
1.818342755744876107e+06 1.818342755744876107e+06
1.816857423066040967e+06 1.816857423066040967e+06
1.818468358947579050e+06 1.818468358947579050e+06
1.802254224290596088e+06 1.802254224290596088e+06
1.801125031802149955e+06 1.801125031802149955e+06
1.815216441283252090e+06 1.815216441283252090e+06
1.796703586973902071e+06 1.796703586973902071e+06
1.802905969636222115e+06 1.802905969636222115e+06
1.795541703393281903e+06 1.795541703393281903e+06
1.812397547712239902e+06 1.812397547712239902e+06
1.797379382924435893e+06 1.797379382924435893e+06
1.811078360702422913e+06 1.811078360702422913e+06
1.807952917044834932e+06 1.807952917044834932e+06
1.809128042077939957e+06 1.809128042077939957e+06
1.791723309746230021e+06 1.791723309746230021e+06
1.807018383368619019e+06 1.807018383368619019e+06
1.789118837546742987e+06 1.789118837546742987e+06
1.789702691417340888e+06 1.789702691417340888e+06
1.790821429207806941e+06 1.790821429207806941e+06
1.788157652666759910e+06 1.788157652666759910e+06
1.791893416675213957e+06 1.791893416675213957e+06
1.804552170394458110e+06 1.804552170394458110e+06
1.784434227565438021e+06 1.784434227565438021e+06
1.800937234990506899e+06 1.800937234990506899e+06
1.799393050733197015e+06 1.799393050733197015e+06
1.797607360303788912e+06 1.797607360303788912e+06
1.799373196903432952e+06 1.799373196903432952e+06
1.785173252983300015e+06 1.785173252983300015e+06
1.784319187273470918e+06 1.784319187273470918e+06
1.782233481871892931e+06 1.782233481871892931e+06
1.796243937961583957e+06 1.796243937961583957e+06
1.795284826483169105e+06 1.795284826483169105e+06
1.781090115742625901e+06 1.781090115742625901e+06
1.793271268632339081e+06 1.793271268632339081e+06
1.793860943606344052e+06 1.793860943606344052e+06
1.778395398393206066e+06 1.778395398393206066e+06
1.793685328592021950e+06 1.793685328592021950e+06
1.775618533317012945e+06 1.775618533317012945e+06
1.790697685757345986e+06 1.790697685757345986e+06
1.790832586806989042e+06 1.790832586806989042e+06
1.774194264909439022e+06 1.774194264909439022e+06
1.776143370450444054e+06 1.776143370450444054e+06
1.776948781697423896e+06 1.776948781697423896e+06
1.774957686066779075e+06 1.774957686066779075e+06
1.773637950430822093e+06 1.773637950430822093e+06
1.786427885462095961e+06 1.786427885462095961e+06
1.786844130051824963e+06 1.786844130051824963e+06
1.768022929139540996e+06 1.768022929139540996e+06
1.771647183353241999e+06 1.771647183353241999e+06
1.784120776163050905e+06 1.784120776163050905e+06
1.782919460428447928e+06 1.782919460428447928e+06
1.769788092816994060e+06 1.769788092816994060e+06
1.770730577264868887e+06 1.770730577264868887e+06
1.766093829186715884e+06 1.766093829186715884e+06
1.768928992565639084e+06 1.768928992565639084e+06
1.782790933457456063e+06 1.782790933457456063e+06
1.781443443720842013e+06 1.781443443720842013e+06
1.766628137133803917e+06 1.766628137133803917e+06
1.766151020471785916e+06 1.766151020471785916e+06
1.776444074761189986e+06 1.776444074761189986e+06
1.624202219676889945e+06 1.624202219676889945e+06
2.060748807237117086e+06 2.060748807237117086e+06
