1.566366999999999898e-01 4.415619944970842917e+05
1.670255499999999949e-01 4.384444978470475180e+05
1.773653699999999944e-01 4.352127986266554799e+05
1.876563900000000062e-01 4.316227501306359190e+05
1.978988600000000098e-01 4.300307768383041257e+05
2.080929900000000055e-01 4.276116927452873788e+05
2.182390100000000110e-01 4.258889712392321089e+05
2.283371499999999887e-01 4.236998441625909181e+05
2.383876500000000065e-01 4.223461351773639908e+05
2.483907200000000093e-01 4.204287177206815104e+05
2.583465799999999923e-01 4.186897178621261264e+05
2.682554699999999959e-01 4.161798381373084849e+05
2.781176100000000151e-01 4.163726234496064135e+05
2.879332099999999950e-01 4.151537967441310757e+05
2.977024899999999863e-01 4.118458034326237976e+05
3.074256799999999790e-01 4.124015461748419912e+05
3.171029899999999735e-01 4.110639704369627871e+05
3.267346400000000206e-01 4.103415182956670178e+05
3.363208500000000045e-01 4.100926918129344122e+05
3.458618299999999812e-01 4.092303007958608214e+05
3.553577900000000067e-01 4.083907116484849830e+05
3.648089500000000207e-01 4.070792975178253255e+05
3.742155200000000237e-01 4.068955252787438803e+05
3.835777100000000162e-01 4.063335947832703241e+05
3.928957299999999986e-01 4.057464643465387053e+05
4.021697900000000270e-01 4.051770436612790218e+05
4.114000999999999908e-01 4.043665128165978822e+05
4.205868600000000068e-01 4.034105524976956076e+05
4.297302800000000200e-01 4.031541687975014793e+05
4.388305699999999754e-01 4.032741070613369229e+05
4.478879299999999897e-01 4.025743190497215255e+05
4.569025600000000131e-01 4.021923425083148177e+05
4.658746599999999960e-01 4.003699763183863251e+05
4.748044499999999890e-01 4.012204795609943103e+05
4.836921000000000137e-01 3.991973734194408753e+05
4.925378400000000045e-01 4.003729967779311119e+05
5.013418499999999778e-01 4.000509703952760901e+05
5.101043299999999947e-01 3.997019611460295855e+05
5.188254700000000108e-01 3.990188423014464788e+05
5.275054799999999711e-01 3.996023302431835909e+05
5.361445500000000530e-01 3.974654758373178192e+05
5.447428800000000404e-01 3.986560037288218155e+05
5.533006400000000102e-01 3.980051536598075181e+05
5.618180499999999578e-01 3.980627417456940748e+05
5.702952799999999600e-01 3.977336650834633037e+05
5.787325300000000228e-01 3.973888774225165253e+05
5.871299800000000513e-01 3.966650881389413262e+05
5.954878399999999905e-01 3.970653859119184199e+05
6.038062699999999783e-01 3.967262271129898145e+05
6.120854799999999596e-01 3.966380501545002917e+05
6.203256400000000115e-01 3.966157504452090943e+05
6.285269399999999784e-01 3.961166495890233782e+05
6.366895599999999877e-01 3.957684044446484768e+05
6.448136899999999949e-01 3.957106137644472183e+05
6.528995100000000162e-01 3.954808556647020159e+05
6.609471999999999570e-01 3.952416511079159100e+05
6.689569499999999946e-01 3.953082716356501915e+05
6.769289200000000450e-01 3.950298196291556815e+05
6.848632999999999527e-01 3.942490587659120793e+05
6.927602699999999558e-01 3.942710413375218050e+05
7.006200099999999598e-01 3.946862539699951885e+05
7.084426799999999913e-01 3.938946157272399287e+05
7.162284700000000059e-01 3.938756878158735926e+05
7.239775499999999697e-01 3.941630542608111282e+05
7.316901000000000099e-01 3.939554148809362086e+05
7.393662899999999816e-01 3.938485092555012088e+05
7.470062800000000225e-01 3.936896513648345135e+05
7.546102599999999772e-01 3.936106044503306039e+05
7.621783800000000442e-01 3.926593237005347037e+05
7.697108299999999570e-01 3.933086117167944903e+05
7.772077699999999645e-01 3.926076730575126130e+05
7.846693700000000327e-01 3.929864310689658159e+05
7.920957899999999663e-01 3.925172593160223914e+05
7.994872100000000037e-01 3.927508249922798132e+05
8.068437800000000104e-01 3.930775167371740099e+05
8.141656699999999525e-01 3.905925469573782757e+05
8.214530599999999572e-01 3.925085142874845187e+05
8.287060899999999508e-01 3.932437869880599901e+05
8.359249399999999497e-01 3.899134500328449067e+05
8.431097600000000414e-01 3.926957898107246147e+05
8.502607199999999699e-01 3.904187347058670712e+05
8.573779799999999840e-01 3.919393593014798826e+05
8.644616899999999493e-01 3.908690173399486230e+05
8.715120200000000539e-01 3.919986988540429738e+05
8.785291200000000522e-01 3.918346426832891884e+05
8.855131499999999711e-01 3.914986068330119015e+05
8.924642699999999484e-01 3.913201198314164067e+05
8.993826400000000110e-01 3.914528460251144716e+05
9.062683999999999740e-01 3.893446414584310842e+05
9.131217099999999753e-01 3.882352924136425136e+05
9.199427300000000418e-01 3.916014258543598116e+05
9.267316100000000390e-01 3.915798750276024221e+05
9.334885099999999936e-01 3.884793517789745238e+05
9.402135600000000037e-01 3.914976668903186219e+05
9.469069300000000355e-01 3.912529513919680030e+05
9.535687699999999545e-01 3.917949844415052212e+05
9.601992099999999697e-01 3.885794311313970829e+05
9.667984200000000472e-01 3.886315179008361883e+05
9.733665500000000526e-01 3.907006166962449206e+05
9.799037200000000336e-01 3.880880217977648135e+05
9.864101100000000066e-01 3.908076547367454041e+05
9.928858400000000195e-01 3.906293228087322786e+05
9.993310699999999880e-01 3.893208897396955872e+05
1.005745899999999970e+00 3.902509637592884246e+05
1.012130600000000102e+00 3.882270826969671180e+05
1.018485199999999979e+00 3.903778364063329063e+05
1.024809800000000104e+00 3.908253583750710241e+05
1.031104699999999985e+00 3.902407499614154804e+05
1.037369900000000067e+00 3.905243028169766185e+05
1.043605600000000022e+00 3.908191827086185804e+05
1.049811899999999909e+00 3.882658976778577780e+05
1.055989000000000066e+00 3.882203789230510010e+05
1.062137099999999945e+00 3.897803018414847902e+05
1.068256099999999931e+00 3.889623406359179062e+05
1.074346400000000035e+00 3.899578991782207158e+05
1.080408000000000035e+00 3.896461266786315828e+05
1.086440999999999990e+00 3.897478140682214289e+05
1.092445600000000017e+00 3.889909189439801848e+05
1.098422000000000009e+00 3.899125653352381196e+05
1.104370199999999969e+00 3.883738821609509178e+05
1.110290400000000011e+00 3.873227336995293736e+05
1.116182800000000030e+00 3.896046200120468275e+05
1.122047400000000028e+00 3.873642307089073001e+05
1.127884399999999898e+00 3.900635283546689898e+05
1.133693899999999921e+00 3.879101018557447824e+05
1.139476099999999992e+00 3.894497617766041076e+05
1.145231000000000110e+00 3.901037839242990012e+05
1.150958900000000007e+00 3.899560678917330224e+05
1.156659799999999905e+00 3.875106236079920782e+05
1.162333899999999920e+00 3.880918612707406282e+05
1.167981299999999889e+00 3.874360377681512036e+05
1.173602100000000092e+00 3.899214456838591141e+05
1.179196399999999922e+00 3.894219568237243802e+05
1.184764399999999940e+00 3.875506140248285956e+05
1.190306199999999981e+00 3.873434984310818836e+05
1.195821999999999941e+00 3.894994565591340070e+05
1.201311800000000041e+00 3.896603439331686823e+05
1.206775699999999896e+00 3.885260681539538782e+05
1.212213999999999903e+00 3.889471470834502252e+05
1.217626600000000003e+00 3.884446182610478718e+05
1.223013799999999929e+00 3.872087320885204826e+05
1.228375699999999959e+00 3.887512437204347807e+05
1.233712300000000095e+00 3.885795583130567102e+05
1.239023900000000067e+00 3.891844644370041788e+05
1.244310400000000039e+00 3.878397080050376244e+05
1.249572099999999963e+00 3.886141517414409900e+05
1.254809000000000063e+00 3.896939320986664970e+05
1.260021300000000011e+00 3.879058097020125715e+05
1.265209100000000086e+00 3.885054316509520286e+05
1.270372499999999905e+00 3.859631205522285891e+05
1.275511599999999968e+00 3.884174285281769116e+05
1.280626499999999890e+00 3.869389337411854067e+05
1.285717400000000010e+00 3.861383651098393020e+05
1.290784399999999943e+00 3.879745147530329996e+05
1.295827499999999910e+00 3.888730927666687057e+05
1.300846900000000028e+00 3.880941743003012962e+05
1.305842799999999970e+00 3.890408202997987974e+05
1.310815099999999900e+00 3.872140343895647093e+05
1.315764099999999992e+00 3.897806564859342179e+05
1.320689800000000025e+00 3.892721504490050138e+05
1.325592300000000057e+00 3.869878579250833136e+05
1.330471799999999982e+00 3.866850957357921870e+05
1.335328400000000082e+00 3.889108834674088284e+05
1.340162099999999912e+00 3.873655891720937216e+05
1.344973100000000032e+00 3.870402740910602733e+05
1.349761599999999895e+00 3.882884610165333143e+05
1.354527500000000106e+00 3.874942518139032763e+05
1.359270999999999896e+00 3.878773945643092156e+05
1.363992199999999988e+00 3.866031877612203825e+05
1.368691300000000055e+00 3.873604384378088871e+05
1.373368300000000097e+00 3.874234601146106143e+05
1.378023299999999951e+00 3.877314664109789883e+05
1.382656399999999897e+00 3.868078733862356748e+05
1.387267800000000051e+00 3.858036801345422282e+05
1.391857499999999970e+00 3.893576020332407206e+05
1.396425699999999992e+00 3.899952832866152166e+05
1.400972399999999896e+00 3.892496355096996995e+05
1.405497699999999961e+00 3.892091724505518796e+05
1.410001899999999919e+00 3.918708920394044253e+05
1.414484800000000098e+00 3.899549247441922780e+05
1.418946700000000005e+00 3.900810085973517853e+05
1.423387699999999922e+00 3.915866893225376261e+05
1.427807800000000071e+00 3.909956583649772801e+05
1.432207100000000066e+00 3.914247333848212147e+05
1.436585800000000024e+00 3.883161268293741741e+05
1.440944000000000003e+00 3.899088725283201202e+05
1.445281700000000003e+00 3.875082863920276868e+05
1.449599000000000082e+00 3.866556469808911206e+05
1.453896099999999914e+00 3.879981254148986191e+05
1.458172999999999941e+00 3.863120713732042932e+05
1.462429800000000002e+00 3.871352209551212145e+05
1.466666699999999990e+00 3.837317219805769273e+05
1.470883699999999905e+00 3.853213129362359177e+05
1.475080900000000028e+00 3.844043028196021914e+05
1.479258399999999973e+00 3.849121498438874842e+05
1.483416300000000021e+00 3.827113136199261062e+05
1.487554700000000008e+00 3.841774989918075153e+05
1.491673699999999991e+00 3.841749296657739906e+05
1.495773400000000031e+00 3.837967953355059144e+05
1.499853799999999904e+00 3.841770272241440252e+05
1.503915200000000008e+00 3.838789324455856113e+05
1.507957400000000003e+00 3.838976717199397972e+05
1.511980799999999903e+00 3.841339138988322229e+05
1.515985200000000033e+00 3.820690348273622221e+05
1.519970899999999903e+00 3.847232509133964195e+05
1.523937899999999956e+00 3.825818562105171732e+05
1.527886300000000031e+00 3.849735441173167783e+05
1.531816199999999961e+00 3.858696310769940028e+05
1.535727700000000029e+00 3.846875347193317139e+05
1.539620900000000070e+00 3.868774521545915050e+05
1.543495800000000084e+00 3.880411626244666986e+05
1.547352499999999909e+00 3.866369096664991812e+05
1.551191200000000103e+00 3.892644184915170772e+05
1.555011900000000002e+00 3.890815533117934247e+05
1.558814700000000109e+00 3.909372231719854171e+05
1.562599700000000036e+00 3.913483639459462138e+05
1.566367000000000065e+00 3.917587478649967234e+05
1.570116599999999973e+00 3.907945189333542949e+05
1.573848700000000100e+00 3.918095153176147724e+05
1.577563300000000002e+00 3.927104101137985126e+05
1.581260499999999958e+00 3.930295186359183863e+05
1.584940299999999969e+00 3.915772064352866146e+05
1.588602999999999987e+00 3.931377024570102803e+05
1.592248499999999956e+00 3.916242333059089724e+05
1.595876999999999990e+00 3.932676602383853751e+05
1.599488400000000032e+00 3.917042079313505092e+05
1.603083000000000036e+00 3.933571316339980112e+05
1.606660800000000000e+00 3.904203825119843241e+05
1.610221799999999925e+00 3.916878071457290789e+05
1.613766100000000092e+00 3.914781128482657950e+05
1.617293899999999951e+00 3.917770505900189746e+05
1.620805199999999946e+00 3.914497297790318844e+05
1.624300000000000077e+00 3.896474240413896041e+05
1.627778500000000017e+00 3.897178606573474826e+05
1.631240800000000046e+00 3.898530569484587177e+05
1.634686800000000106e+00 3.879536684576274129e+05
1.638116799999999929e+00 3.866289469018019736e+05
1.641530699999999898e+00 3.881975167223099270e+05
1.644928600000000074e+00 3.878058747271386092e+05
1.648310699999999906e+00 3.882329096934493282e+05
1.651677000000000062e+00 3.877912164579071105e+05
1.655027500000000096e+00 3.873541163258068846e+05
1.658362399999999903e+00 3.850239614184881793e+05
1.661681699999999928e+00 3.863629130784709123e+05
1.664985500000000007e+00 3.858213085994328139e+05
1.668273799999999918e+00 3.840018723526580725e+05
1.671546799999999999e+00 3.854990189112558146e+05
1.674804500000000029e+00 3.844304698473669123e+05
1.678047099999999903e+00 3.852205638939539203e+05
1.681274399999999947e+00 3.829874124530461268e+05
1.684486699999999892e+00 3.844343123723231838e+05
1.687683999999999962e+00 3.843251143193516182e+05
1.690866399999999992e+00 3.837646706024694722e+05
1.694034000000000040e+00 3.843098991123319720e+05
1.697186700000000048e+00 3.841572459947253810e+05
1.700324799999999970e+00 3.843205522566491854e+05
1.703448199999999968e+00 3.846702299911655136e+05
1.706557000000000102e+00 3.837557505458890810e+05
1.709651400000000043e+00 3.845592941079444136e+05
1.712731299999999957e+00 3.830240653297944809e+05
1.715796799999999900e+00 3.818350540425099898e+05
1.718848099999999990e+00 3.842755398427246837e+05
1.721885099999999946e+00 3.825921704189563752e+05
1.724908000000000108e+00 3.851995388257186860e+05
1.727916800000000030e+00 3.827018427523712744e+05
1.730911599999999995e+00 3.846094211067617289e+05
1.733892400000000000e+00 3.827866796771014924e+05
1.736859300000000106e+00 3.846390497027360252e+05
1.739812399999999926e+00 3.826804242866705172e+05
1.742751799999999962e+00 3.822473277772311121e+05
1.745677499999999993e+00 3.845671438555730856e+05
1.748589500000000019e+00 3.832512590747029171e+05
1.751487999999999934e+00 3.829416495491256937e+05
1.754372999999999960e+00 3.848390405125010875e+05
1.757244599999999934e+00 3.822866986369426013e+05
1.760102800000000078e+00 3.844537419646367198e+05
1.762947800000000065e+00 3.847962640197575092e+05
1.765779399999999999e+00 3.830536694030598737e+05
1.768597999999999892e+00 3.845953445863408851e+05
1.771403400000000072e+00 3.843478899742048234e+05
1.774195699999999931e+00 3.810434114490199136e+05
1.776975100000000030e+00 3.813001493692875956e+05
1.779741599999999924e+00 3.839201417056841892e+05
1.782495200000000057e+00 3.811770184604590759e+05
1.785236000000000045e+00 3.831279996675811126e+05
1.787964000000000109e+00 3.814104135138256825e+05
1.790679399999999921e+00 3.812441504011349753e+05
1.793382199999999926e+00 3.827904482281350065e+05
1.796072399999999902e+00 3.818115636297272285e+05
1.798750199999999966e+00 3.826488280903507839e+05
1.801415500000000058e+00 3.828030557892929064e+05
1.804068400000000016e+00 3.815250089247645228e+05
1.806709099999999957e+00 3.826715687335004914e+05
1.809337399999999985e+00 3.798528110809560749e+05
1.811953600000000053e+00 3.791823504939273116e+05
1.814557699999999940e+00 3.814084850815291866e+05
1.817149600000000031e+00 3.799967733226217097e+05
1.819729600000000058e+00 3.817436688363600988e+05
1.822297599999999962e+00 3.794256611904802267e+05
1.824853700000000023e+00 3.807320401786866714e+05
1.827397900000000019e+00 3.785475978988836287e+05
1.829930300000000010e+00 3.785329516499997117e+05
1.832451100000000110e+00 3.804156573570788023e+05
1.834960099999999983e+00 3.774631811401335290e+05
1.837457499999999966e+00 3.794736827180957189e+05
1.839943399999999896e+00 3.798002137374607846e+05
1.842417699999999936e+00 3.803372946804424282e+05
1.844880599999999982e+00 3.774718177304972196e+05
1.847332100000000032e+00 3.791946809843332740e+05
1.849772299999999925e+00 3.788753392084838124e+05
1.852201200000000103e+00 3.790907326083614025e+05
1.854618799999999901e+00 3.781704012360324850e+05
1.857025300000000101e+00 3.789583095694222138e+05
1.859420599999999979e+00 3.784125505563390907e+05
1.861804900000000096e+00 3.786032172004454769e+05
1.864178099999999949e+00 3.765022685898456257e+05
1.866540400000000099e+00 3.779510451457651798e+05
1.868891800000000103e+00 3.771679842350393883e+05
1.871232299999999960e+00 3.761435921531693893e+05
1.873561999999999950e+00 3.753711309637341183e+05
1.875880999999999910e+00 3.774777179450414842e+05
1.878189200000000003e+00 3.754165193679230288e+05
1.880486799999999903e+00 3.775800562043227255e+05
1.882773800000000053e+00 3.761006138461902156e+05
1.885050300000000068e+00 3.777373915710772853e+05
1.887316299999999947e+00 3.772489001545385108e+05
1.889571799999999913e+00 3.766962829595545190e+05
1.891816900000000023e+00 3.759260479089362198e+05
1.894051699999999894e+00 3.775316288799311733e+05
1.896276199999999967e+00 3.754704343159553828e+05
1.898490400000000022e+00 3.746130710122131277e+05
1.900694499999999953e+00 3.767835930641315063e+05
1.902888399999999924e+00 3.771037201272415114e+05
1.905072199999999993e+00 3.770495688606274780e+05
1.907245899999999939e+00 3.746729069412032841e+05
1.909409700000000099e+00 3.747686661834124825e+05
1.911563499999999971e+00 3.766224980236741249e+05
1.913707400000000058e+00 3.748221013124635210e+05
1.915841499999999975e+00 3.767790502280013170e+05
1.917965700000000107e+00 3.746518190379592124e+05
1.920080199999999904e+00 3.742557021776604815e+05
1.922185000000000032e+00 3.763487138799150125e+05
1.924280100000000049e+00 3.763859798797497060e+05
1.926365600000000011e+00 3.752771067710983916e+05
1.928441599999999978e+00 3.768439709049455123e+05
1.930507999999999891e+00 3.765682995279442985e+05
1.932564900000000030e+00 3.738083076343131252e+05
1.934612400000000010e+00 3.758679377202399774e+05
1.936650500000000052e+00 3.769133878162137116e+05
1.938679299999999994e+00 3.741885260145778884e+05
1.940698800000000057e+00 3.759274115878830198e+05
1.942709000000000019e+00 3.756691863595385221e+05
1.944710099999999997e+00 3.762607663706035819e+05
1.946701999999999932e+00 3.767883215448894771e+05
1.948684700000000047e+00 3.746118175704758032e+05
1.950658400000000015e+00 3.737688701628813287e+05
1.952623100000000056e+00 3.752368858431049739e+05
1.954578799999999950e+00 3.765788743039516266e+05
1.956525499999999917e+00 3.740170911625046865e+05
1.958463400000000076e+00 3.752578389898700989e+05
1.960392399999999924e+00 3.761513799496861757e+05
1.962312599999999962e+00 3.748018705744260806e+05
1.964224100000000028e+00 3.751016324178610230e+05
1.966126800000000063e+00 3.752000133021475049e+05
1.968020799999999904e+00 3.736796240269176196e+05
1.969906200000000052e+00 3.729519968223163160e+05
1.971783099999999900e+00 3.750460174850433250e+05
1.973651299999999997e+00 3.721686354167630197e+05
1.975511100000000075e+00 3.748327140173722873e+05
1.977362400000000076e+00 3.755644430128713138e+05
1.979205199999999998e+00 3.742021338169918163e+05
1.981039699999999959e+00 3.745502924487073906e+05
1.982865899999999959e+00 3.746710796421120176e+05
1.984683699999999940e+00 3.739546347938962863e+05
1.986493300000000017e+00 3.748309866394976270e+05
1.988294599999999912e+00 3.730996211781625752e+05
1.990087799999999962e+00 3.735589446595556801e+05
1.991872800000000110e+00 3.722545515277212835e+05
1.993649800000000027e+00 3.741382969279044773e+05
1.995418600000000042e+00 3.720571745715307188e+05
1.997179500000000107e+00 3.717400698869507178e+05
1.998932399999999943e+00 3.733801424400330870e+05
2.000677299999999992e+00 3.735355151716378168e+05
2.002414299999999869e+00 3.731511154097925755e+05
2.004143500000000078e+00 3.737622290353475837e+05
2.005864799999999892e+00 3.723627108585595270e+05
2.007578399999999874e+00 3.717484247964482056e+05
2.009284200000000187e+00 3.728123380767364870e+05
2.010982299999999778e+00 3.735492914576100884e+05
2.012672699999999981e+00 3.706906158298659138e+05
2.014355500000000188e+00 3.724000918420833186e+05
2.016030600000000117e+00 3.706663659279985004e+05
2.017698300000000167e+00 3.724121585194899817e+05
2.019358400000000220e+00 3.730451403601940256e+05
2.021011000000000113e+00 3.707069572162032127e+05
2.022656200000000126e+00 3.725758750803191215e+05
2.024293999999999816e+00 3.707041972414721968e+05
2.025924400000000070e+00 3.716618494388266117e+05
2.027547400000000000e+00 3.699530995806066785e+05
2.029163200000000167e+00 3.715303141766043846e+05
2.030771699999999846e+00 3.719988737259373884e+05
2.032372899999999927e+00 3.700792877065152861e+05
2.033967000000000080e+00 3.717738480924568721e+05
2.035553900000000027e+00 3.693538495359661756e+05
2.037133700000000047e+00 3.708523827265970758e+05
2.038706499999999977e+00 3.712788602846622234e+05
2.040272100000000144e+00 3.700765657986472943e+05
2.041830800000000057e+00 3.710291313492907211e+05
2.043382400000000043e+00 3.696929095109148766e+05
2.044927200000000056e+00 3.702655728730749106e+05
2.046464999999999979e+00 3.703213353112562909e+05
2.047995900000000091e+00 3.689838553920533741e+05
2.049519999999999786e+00 3.682106213740016101e+05
2.051037299999999952e+00 3.675844401495936909e+05
2.052547800000000144e+00 3.693336645175705780e+05
2.054051600000000199e+00 3.699956995164382970e+05
2.055548700000000117e+00 3.702918373894813121e+05
2.057039099999999898e+00 3.699238968912541750e+05
2.058522799999999986e+00 3.674663077472706209e+05
2.060000000000000053e+00 3.692981780426778132e+05
2.061470599999999820e+00 3.699006246393675101e+05
2.062934600000000174e+00 3.683312655881093233e+05
2.064392100000000063e+00 3.672125399804214831e+05
2.065843200000000213e+00 3.687843578606750816e+05
2.067287799999999898e+00 3.675755206888688263e+05
2.068725999999999843e+00 3.669672974584834883e+05
2.070157899999999884e+00 3.665964764445323963e+05
2.071583400000000186e+00 3.682554925895775086e+05
2.073002499999999859e+00 3.673181745891830069e+05
2.074415399999999909e+00 3.665790217290897854e+05
2.075822099999999892e+00 3.684183004697054275e+05
2.077222499999999972e+00 3.668125830833414220e+05
2.078616799999999820e+00 3.690113948715855950e+05
2.080004900000000045e+00 3.687468504936600220e+05
2.081386800000000203e+00 3.674145610789681086e+05
2.082762699999999967e+00 3.680496128517750185e+05
2.084132499999999943e+00 3.687524638176077278e+05
2.085496299999999970e+00 3.669536926416382776e+05
2.086854100000000045e+00 3.679188757392914267e+05
2.088205900000000170e+00 3.679156554838973098e+05
2.089551699999999901e+00 3.657989636164446129e+05
2.090891699999999798e+00 3.647679980207661865e+05
2.092225800000000024e+00 3.668308757441618945e+05
2.093554000000000137e+00 3.650224216205276898e+05
2.094876399999999972e+00 3.665259591021717060e+05
2.096192999999999973e+00 3.667838843793583801e+05
2.097503899999999977e+00 3.672229963218473131e+05
2.098809000000000147e+00 3.653102671161143226e+05
2.100108500000000156e+00 3.669013457503148820e+05
2.101402199999999887e+00 3.652156116911211284e+05
2.102690299999999901e+00 3.649982264640699141e+05
2.103972800000000198e+00 3.643669757344456739e+05
2.105249699999999891e+00 3.660665510493104812e+05
2.106521100000000146e+00 3.648169013286168920e+05
2.107786899999999797e+00 3.657637910328094731e+05
2.109047200000000011e+00 3.644503929287550272e+05
2.110302100000000181e+00 3.659428646713806083e+05
2.111551500000000026e+00 3.640765873329092865e+05
2.112795499999999826e+00 3.653480677056044224e+05
2.114034100000000027e+00 3.629831499177393853e+05
2.115267300000000184e+00 3.649719629025320755e+05
2.116495200000000132e+00 3.635854436469767825e+05
2.117717799999999873e+00 3.638095059555640910e+05
2.118935200000000130e+00 3.647796167983653140e+05
2.120147199999999899e+00 3.638991837044006097e+05
2.121354100000000020e+00 3.648639574081092724e+05
2.122555699999999934e+00 3.628725051626649220e+05
2.123752200000000201e+00 3.623747325359511888e+05
2.124943599999999932e+00 3.633182199754075264e+05
2.126129800000000181e+00 3.636805996139795170e+05
2.127310899999999894e+00 3.621019256805878249e+05
2.128486999999999796e+00 3.634497684437697171e+05
2.129658000000000051e+00 3.631175908845092054e+05
2.130824099999999888e+00 3.633608922645734274e+05
2.131985100000000077e+00 3.626837790047152084e+05
2.133141199999999849e+00 3.631989002207220765e+05
2.134292299999999809e+00 3.607257576109520160e+05
2.135438600000000076e+00 3.629074540955441771e+05
2.136579900000000087e+00 3.610602722917600186e+05
2.137716499999999797e+00 3.620941706405397272e+05
2.138848100000000141e+00 3.601139022791557945e+05
2.139975000000000183e+00 3.618028103251280845e+05
2.141097100000000086e+00 3.605311975169911748e+05
2.142214500000000132e+00 3.613825411052196287e+05
2.143327100000000041e+00 3.611623940834156820e+05
2.144435000000000091e+00 3.600665859171007178e+05
2.145538199999999840e+00 3.590035276683084085e+05
2.146636800000000012e+00 3.581949394866136718e+05
2.147730800000000162e+00 3.594419446956281899e+05
2.148820100000000011e+00 3.601745683254810865e+05
2.149904900000000119e+00 3.580744329831738141e+05
2.150985100000000205e+00 3.590313247689048876e+05
2.152060800000000107e+00 3.601058090019004885e+05
2.153131899999999987e+00 3.568762306656080182e+05
2.154198599999999963e+00 3.589056288367023226e+05
2.155260800000000199e+00 3.570031536813998828e+05
2.156318600000000085e+00 3.579893177116055740e+05
2.157372000000000067e+00 3.584162866970617906e+05
2.158421000000000145e+00 3.586546420942210825e+05
2.159465599999999874e+00 3.576495536771694897e+05
2.160505899999999979e+00 3.571520675155727076e+05
2.161541900000000016e+00 3.567274604077073163e+05
2.162573599999999985e+00 3.572526004166025086e+05
2.163600999999999885e+00 3.573201726450339775e+05
2.164624100000000162e+00 3.554580457916880841e+05
2.165643000000000207e+00 3.564736441528853029e+05
2.166657700000000020e+00 3.544063320976694231e+05
2.167668299999999881e+00 3.563614428187306039e+05
2.168674699999999955e+00 3.571368052899264148e+05
2.169676899999999797e+00 3.542275440745896776e+05
2.170675000000000132e+00 3.559765650897690211e+05
2.171669099999999908e+00 3.543568819316935260e+05
2.172659100000000176e+00 3.555724508149549947e+05
2.173645000000000049e+00 3.536791130017308751e+05
2.174626899999999807e+00 3.550808703851486789e+05
2.175604799999999894e+00 3.557285426089580287e+05
2.176578699999999866e+00 3.549020157808783115e+05
2.177548700000000004e+00 3.552418660862498800e+05
2.178514700000000026e+00 3.550551120976696257e+05
2.179476900000000050e+00 3.547409970420894097e+05
2.180435099999999959e+00 3.547496544970098184e+05
2.181389400000000034e+00 3.528564725363081088e+05
2.182339900000000110e+00 3.532983093634971883e+05
2.183286600000000188e+00 3.523801120205271873e+05
2.184229499999999824e+00 3.522865315850395709e+05
2.185168599999999905e+00 3.529942449711518129e+05
2.186103899999999989e+00 3.531371332629580284e+05
2.187035400000000074e+00 3.520010635095008765e+05
2.187963299999999833e+00 3.531255247070227051e+05
2.188887400000000039e+00 3.527385244403891847e+05
2.189807899999999918e+00 3.529752986626317725e+05
2.190724700000000080e+00 3.510682445807064069e+05
2.191637899999999917e+00 3.516937124098076019e+05
2.192547400000000035e+00 3.520302150346133276e+05
2.193453299999999828e+00 3.501623861297143740e+05
2.194355700000000020e+00 3.515737312951235217e+05
2.195254499999999886e+00 3.520332126123664784e+05
2.196149800000000152e+00 3.522079433279060759e+05
2.197041500000000092e+00 3.495357197079993784e+05
2.197929799999999823e+00 3.512301389447905240e+05
2.198814500000000116e+00 3.497271880751246936e+05
2.199695800000000201e+00 3.492972343625323847e+05
2.200573700000000077e+00 3.492364991979688057e+05
2.201448200000000188e+00 3.502008075006479048e+05
2.202319199999999810e+00 3.486324559004778857e+05
2.203186899999999948e+00 3.502876141530356836e+05
2.204051199999999877e+00 3.490794435428695870e+05
2.204912100000000041e+00 3.477215169223319972e+05
2.205769800000000114e+00 3.493642886314187781e+05
2.206624099999999977e+00 3.477479452453788836e+05
2.207475200000000193e+00 3.496689219346417813e+05
2.208323000000000036e+00 3.476677028920217999e+05
2.209167499999999951e+00 3.481414958261600113e+05
2.210008800000000218e+00 3.494109957040913869e+05
2.210846899999999948e+00 3.472959857646679739e+05
2.211681899999999867e+00 3.480602018520198762e+05
2.212513599999999858e+00 3.481087112754036789e+05
2.213342200000000037e+00 3.485678911581066786e+05
2.214167699999999961e+00 3.488527125425037229e+05
2.214989999999999792e+00 3.459591402128253249e+05
2.215809300000000093e+00 3.478051891610188759e+05
2.216625500000000137e+00 3.480784144905214780e+05
2.217438599999999926e+00 3.479450345479141106e+05
2.218248599999999904e+00 3.463232947345408029e+05
2.219055700000000186e+00 3.476066000425029197e+05
2.219859700000000213e+00 3.462167288892252254e+05
2.220660800000000101e+00 3.458576731484127813e+05
2.221458900000000014e+00 3.468090586956897750e+05
2.222253999999999952e+00 3.458122968730216962e+05
2.223046200000000194e+00 3.448997428989129839e+05
2.223835499999999854e+00 3.446434934980127146e+05
2.224621899999999819e+00 3.458199563622819842e+05
2.225405400000000089e+00 3.440029550682104891e+05
2.226186100000000057e+00 3.458322493513458758e+05
2.226963899999999885e+00 3.460090004754926777e+05
2.227738800000000019e+00 3.444460726540248143e+05
2.228511000000000131e+00 3.436820947872669203e+05
2.229280399999999940e+00 3.448785722731914720e+05
2.230046999999999890e+00 3.454028788847021060e+05
2.230810799999999983e+00 3.436885226034441730e+05
2.231571900000000053e+00 3.427167803572595003e+05
2.232330300000000101e+00 3.441172733845983166e+05
2.233085899999999846e+00 3.434820411884306232e+05
2.233838899999999850e+00 3.440395254624087247e+05
2.234589199999999831e+00 3.442904545751126716e+05
2.235336799999999791e+00 3.445407436443496263e+05
2.236081800000000008e+00 3.423892808159972192e+05
2.236824200000000040e+00 3.429827848775436869e+05
2.237563999999999886e+00 3.435826906366660260e+05
2.238301199999999991e+00 3.434116831072032801e+05
2.239035799999999909e+00 3.431305212133508758e+05
2.239767800000000086e+00 3.410446480161806103e+05
2.240497299999999914e+00 3.428195813711438095e+05
2.241224299999999836e+00 3.410530806812936207e+05
2.241948799999999853e+00 3.421350747273028246e+05
2.242670799999999964e+00 3.417531056615925045e+05
2.243390300000000170e+00 3.422420390415993752e+05
2.244107300000000027e+00 3.415009439968073275e+05
2.244822000000000095e+00 3.422415636266017100e+05
2.245534099999999977e+00 3.395606570801517810e+05
2.246243900000000071e+00 3.416844334220631281e+05
2.246951300000000096e+00 3.398314905908238143e+05
2.247656300000000051e+00 3.409551091769720078e+05
2.248358899999999938e+00 3.389836902406723821e+05
2.249059200000000036e+00 3.402988898980973172e+05
2.249757100000000065e+00 3.392020652846419252e+05
2.250452800000000142e+00 3.400720861126998207e+05
2.251146100000000150e+00 3.406462923943612259e+05
2.251837099999999925e+00 3.384525539631927968e+05
2.252525900000000192e+00 3.397601971180437249e+05
2.253212399999999782e+00 3.386232178685865947e+05
2.253896699999999864e+00 3.376038874592217035e+05
2.254578799999999994e+00 3.387478623442713288e+05
2.255258599999999891e+00 3.369888152755246265e+05
2.255936300000000116e+00 3.387481584063047776e+05
2.256611799999999945e+00 3.392901307067676098e+05
2.257285099999999822e+00 3.373538227391553228e+05
2.257956200000000191e+00 3.363853953820475726e+05
2.258625299999999836e+00 3.380498938277451089e+05
2.259292199999999973e+00 3.372223503004400991e+05
2.259956999999999994e+00 3.368740425686858944e+05
2.260619699999999899e+00 3.366251782585668843e+05
2.261280399999999968e+00 3.362383996275797253e+05
2.261938999999999922e+00 3.367129602837071288e+05
2.262595500000000204e+00 3.338080815065203933e+05
2.263250000000000206e+00 3.366519653311247239e+05
2.263902499999999929e+00 3.353702637032165076e+05
2.264553100000000097e+00 3.364844202705171774e+05
2.265201600000000148e+00 3.366707322373454226e+05
2.265848099999999921e+00 3.358759972208231920e+05
2.266492700000000138e+00 3.356794533462148975e+05
2.267135399999999912e+00 3.359087046927537885e+05
2.267776099999999850e+00 3.363331215462270775e+05
2.268414899999999790e+00 3.343754087157840258e+05
2.269051900000000010e+00 3.355414007637238828e+05
2.269686899999999952e+00 3.333498494471134036e+05
2.270320100000000174e+00 3.350577298894731794e+05
2.270951399999999953e+00 3.334579699360437226e+05
2.271580800000000178e+00 3.335870490910434746e+05
2.272208500000000075e+00 3.341215368463788182e+05
2.272834299999999974e+00 3.342861267543698195e+05
2.273458300000000154e+00 3.340677864218321047e+05
2.274080600000000008e+00 3.340118984628372127e+05
2.274700999999999862e+00 3.330091819096349063e+05
2.275319800000000114e+00 3.339530796003335854e+05
2.275936699999999924e+00 3.321866009826199734e+05
2.276552000000000131e+00 3.330631229685219005e+05
2.277165500000000176e+00 3.332293599854831118e+05
2.277777299999999894e+00 3.326750921267024241e+05
2.278387500000000010e+00 3.330938734661719063e+05
2.278995899999999963e+00 3.317756011487906799e+05
2.279602699999999871e+00 3.307414790608357871e+05
2.280207900000000176e+00 3.318076197204249911e+05
2.280811400000000155e+00 3.323961205365154892e+05
2.281413300000000088e+00 3.302191736562470905e+05
2.282013599999999975e+00 3.314477430320528219e+05
2.282612299999999816e+00 3.295222055960998987e+05
2.283209400000000056e+00 3.307324934117167140e+05
2.283804899999999805e+00 3.307754990755103063e+05
2.284398899999999788e+00 3.310206280955668772e+05
2.284991400000000006e+00 3.292811535568764084e+05
2.285582300000000178e+00 3.310500928184505901e+05
2.286171799999999976e+00 3.297641377028158167e+05
2.286759700000000173e+00 3.302597719228038914e+05
2.287346100000000160e+00 3.287179121038665762e+05
2.287931100000000217e+00 3.301315898999574129e+05
2.288514600000000065e+00 3.279075669763804181e+05
2.289096600000000148e+00 3.288288115869904868e+05
2.289677199999999857e+00 3.299442481638112804e+05
2.290256400000000081e+00 3.277647651878601173e+05
2.290834199999999932e+00 3.290214774733728846e+05
2.291410599999999853e+00 3.280260505665239180e+05
2.291985599999999845e+00 3.268800145405544899e+05
2.292559300000000189e+00 3.283954405786509160e+05
2.293131499999999878e+00 3.275388521156716743e+05
2.293702500000000200e+00 3.283281595426194835e+05
2.294272100000000147e+00 3.291385561785598984e+05
2.294840400000000002e+00 3.266034475561850122e+05
2.295407400000000209e+00 3.274629228120489279e+05
2.295973099999999878e+00 3.278111758796232170e+05
2.296537499999999898e+00 3.280979617278507794e+05
2.297100599999999826e+00 3.262031766898225760e+05
2.297662499999999941e+00 3.273774992275126860e+05
2.298223099999999963e+00 3.274667499557028059e+05
2.298782600000000009e+00 3.272064629222967196e+05
2.299340799999999962e+00 3.273783897163273068e+05
2.299897699999999823e+00 3.262097758669981849e+05
2.300453599999999987e+00 3.272418656298352871e+05
2.301008200000000059e+00 3.256100578441304970e+05
2.301561599999999874e+00 3.264929875253653736e+05
2.302113900000000157e+00 3.253978695264327107e+05
2.302665100000000020e+00 3.265630198145299219e+05
2.303215100000000071e+00 3.246193989820245188e+05
2.303764000000000145e+00 3.259020358956512064e+05
2.304311799999999799e+00 3.244453325932273874e+05
2.304858499999999921e+00 3.253687437290995149e+05
2.305404199999999904e+00 3.257093443502504961e+05
2.305948700000000073e+00 3.258804522030312801e+05
2.306492200000000103e+00 3.241860032655540272e+05
2.307034699999999994e+00 3.246626459796918789e+05
2.307576099999999908e+00 3.257935850673366804e+05
2.308116500000000126e+00 3.244491693144576275e+05
2.308655900000000205e+00 3.229320178127040854e+05
2.309194300000000144e+00 3.240603541821647086e+05
2.309731799999999780e+00 3.250329501406599884e+05
2.310268199999999883e+00 3.226275674951637047e+05
2.310803700000000127e+00 3.240540429603945813e+05
2.311338199999999787e+00 3.227344417433806811e+05
2.311871899999999869e+00 3.240856639643093222e+05
2.312404499999999974e+00 3.227887640344126266e+05
2.312936300000000056e+00 3.236612561208765837e+05
2.313467199999999835e+00 3.245076847631747951e+05
2.313997200000000198e+00 3.221148653163319104e+05
2.314526299999999814e+00 3.229677503533220734e+05
2.315054500000000015e+00 3.229127302407249226e+05
2.315581900000000193e+00 3.217625241680024192e+05
2.316108499999999903e+00 3.230100768071610946e+05
2.316634200000000199e+00 3.227118463228063774e+05
2.317159100000000027e+00 3.221564215000661206e+05
2.317683199999999832e+00 3.227432214116869727e+05
2.318206500000000059e+00 3.207628011714019231e+05
2.318728999999999818e+00 3.222599786809632787e+05
2.319250799999999835e+00 3.218339132590463851e+05
2.319771799999999828e+00 3.223668722204694059e+05
2.320291999999999799e+00 3.214664706853224197e+05
2.320811500000000027e+00 3.207347356812774087e+05
2.321330300000000069e+00 3.215280580167633016e+05
2.321848399999999923e+00 3.199047582002293202e+05
2.322365800000000036e+00 3.216235853095937055e+05
2.322882499999999961e+00 3.211092885965363821e+05
2.323398500000000144e+00 3.205994765943498933e+05
2.323913899999999977e+00 3.210460186670210096e+05
2.324428600000000067e+00 3.216885476326956996e+05
2.324942599999999970e+00 3.201935145031689899e+05
2.325455999999999968e+00 3.191963900958562153e+05
2.325968800000000059e+00 3.210809282916206284e+05
2.326480999999999799e+00 3.195897837978376774e+05
2.326992699999999914e+00 3.210976026214879821e+05
2.327503699999999842e+00 3.190357744563446031e+05
2.328014099999999864e+00 3.200339220730853267e+05
2.328523999999999816e+00 3.211803935597403906e+05
2.329033299999999862e+00 3.193950797046441003e+05
2.329542099999999838e+00 3.209382512125950889e+05
2.330050400000000188e+00 3.192309722257677931e+05
2.330558200000000024e+00 3.205107652462993865e+05
2.331065399999999954e+00 3.189151647440739907e+05
2.331572200000000095e+00 3.204338370646071271e+05
2.332078399999999885e+00 3.192788166913553723e+05
2.332584199999999885e+00 3.198863909003767767e+05
2.333089600000000097e+00 3.203493322758980794e+05
2.333594499999999794e+00 3.204274410187351168e+05
2.334098899999999865e+00 3.197827531139248167e+05
2.334602999999999984e+00 3.203348536515723099e+05
2.335106600000000032e+00 3.181836989010482794e+05
2.335609799999999847e+00 3.192837738385795965e+05
2.336112599999999873e+00 3.195441501114250859e+05
2.336615099999999945e+00 3.197395473259767750e+05
2.337117099999999947e+00 3.181926289680426125e+05
2.337618899999999833e+00 3.196582233810279286e+05
2.338120200000000093e+00 3.194751823122139904e+05
2.338621299999999792e+00 3.197425357291437103e+05
2.339122000000000146e+00 3.189914716588808224e+05
2.339622400000000102e+00 3.179341589586990885e+05
2.340122500000000105e+00 3.184384056435906095e+05
2.340622300000000156e+00 3.190460625058828155e+05
2.341121799999999809e+00 3.177544460963606834e+05
2.341621099999999789e+00 3.190347770540022757e+05
2.342120099999999816e+00 3.176562200126692769e+05
2.342618900000000171e+00 3.190519751203798805e+05
2.343117400000000128e+00 3.169688441139255883e+05
2.343615699999999968e+00 3.179416036772148800e+05
2.344113800000000136e+00 3.192073793376738904e+05
2.344611700000000187e+00 3.171091699404760730e+05
2.345109400000000122e+00 3.180999778942826088e+05
2.345606899999999939e+00 3.166661094517654274e+05
2.346104299999999920e+00 3.180491787633000058e+05
2.346601499999999785e+00 3.185572829478341737e+05
2.347098499999999976e+00 3.178839911167271202e+05
2.347595500000000168e+00 3.183335115119973780e+05
2.348092299999999799e+00 3.169943069905905868e+05
2.348589000000000038e+00 3.176575796450442285e+05
2.349085500000000160e+00 3.229126859823007253e+05
2.349581999999999837e+00 2.813414279942975263e+05
2.350078499999999959e+00 3.049512696744421846e+05
2.350574799999999964e+00 4.060099342744107125e+05
2.351071099999999969e+00 5.122083134907038766e+05
2.351567399999999974e+00 5.701361470212258864e+05
2.352063600000000143e+00 6.335848278458722634e+05
2.352559700000000031e+00 6.880919452738396358e+05
2.353056000000000036e+00 4.664948936616072897e+05
2.353438999999999837e+00 8.405422154969915282e+05
2.353822000000000081e+00 9.610261456719564740e+05
2.354204999999999881e+00 1.119116728648361051e+06
2.354588099999999962e+00 1.293863637731428025e+06
2.354971200000000042e+00 1.478511647198118968e+06
2.355354499999999796e+00 1.616603296895602020e+06
2.355737799999999993e+00 1.747872299771663966e+06
2.356121299999999863e+00 1.765916331786237890e+06
2.356504999999999850e+00 1.665833288439003052e+06
2.356888800000000117e+00 1.609968654639540007e+06
2.357272800000000057e+00 1.468964395027247956e+06
2.357657000000000114e+00 1.387229459455953911e+06
2.358041399999999843e+00 1.333433948572115973e+06
2.358426099999999970e+00 1.294121118048842996e+06
2.358811000000000213e+00 1.270163416524569970e+06
2.359196199999999966e+00 1.311259800465849927e+06
2.359581700000000115e+00 1.232820722468137974e+06
2.359967500000000218e+00 1.222328634364120895e+06
2.360353700000000110e+00 1.185481021169407060e+06
2.360740199999999955e+00 1.201277253996734973e+06
2.361127100000000034e+00 1.232509913366497029e+06
2.361514399999999902e+00 1.168576551550511969e+06
2.361902100000000004e+00 1.150287694713823032e+06
2.362290199999999896e+00 1.155506399883179925e+06
2.362678799999999857e+00 1.127946648917271057e+06
2.363067800000000052e+00 1.141629683422351023e+06
2.363457400000000153e+00 1.118864820150173968e+06
2.363847400000000043e+00 1.124717020341766998e+06
2.364237999999999840e+00 1.123463786702703917e+06
2.364629100000000150e+00 1.120235198868181091e+06
2.365020700000000087e+00 1.127119052421421977e+06
2.365413000000000210e+00 1.117158775599607965e+06
2.365805899999999795e+00 1.096269451930229086e+06
2.366199299999999894e+00 1.110031939024691004e+06
2.366593500000000017e+00 1.088040962378076976e+06
2.366988200000000209e+00 1.097302187012990005e+06
2.367383699999999980e+00 1.075188138242593966e+06
2.367779800000000101e+00 1.088085396140246885e+06
2.368176699999999801e+00 1.082853826088090893e+06
2.368574300000000132e+00 1.078250278670036932e+06
2.368972700000000042e+00 1.061029487638378982e+06
2.369371800000000139e+00 1.074692576184578007e+06
2.369771800000000095e+00 1.050390946501058992e+06
2.370172499999999793e+00 1.060882464226033073e+06
2.370574099999999795e+00 1.039249516891382984e+06
2.370976499999999820e+00 1.064734634798116051e+06
2.371379800000000149e+00 1.063686006163245998e+06
2.371783999999999892e+00 1.050362697427345905e+06
2.372189099999999939e+00 1.044060035799490055e+06
2.372595200000000126e+00 1.033538523765799007e+06
2.373002200000000173e+00 1.036645021042822045e+06
2.373410100000000078e+00 1.047732325446118019e+06
2.373819099999999960e+00 1.035110054361775983e+06
2.374229000000000145e+00 1.052474701363342116e+06
2.374639999999999862e+00 1.051756516514887102e+06
2.375052099999999999e+00 1.049354181101911003e+06
2.375465199999999832e+00 1.137144144501077011e+06
2.375879400000000086e+00 1.152749872139804065e+06
2.376294699999999871e+00 1.056036412818174111e+06
2.376711199999999913e+00 1.045853702708496945e+06
2.377128799999999931e+00 1.062058036826678086e+06
2.377547600000000205e+00 1.105432699692202033e+06
2.377967599999999848e+00 1.054986426983499900e+06
2.378388699999999911e+00 1.073851960411110893e+06
2.378811199999999904e+00 1.065731356422201032e+06
2.379234799999999872e+00 1.089322692718345905e+06
2.379659800000000214e+00 1.081498335538388928e+06
2.380085999999999924e+00 1.103458612490860047e+06
2.380513600000000007e+00 1.092955119314569980e+06
2.380942500000000184e+00 1.103911111447311006e+06
2.381372700000000009e+00 1.120544748231999110e+06
2.381804400000000044e+00 1.111778861787430011e+06
2.382237400000000171e+00 1.134425817059887107e+06
2.382671900000000065e+00 1.126893953550376929e+06
2.383107700000000051e+00 1.147618255755759077e+06
2.383545100000000083e+00 1.152698993839628063e+06
2.383983900000000045e+00 1.161347724738843972e+06
2.384424300000000052e+00 1.169003068927301094e+06
2.384866199999999825e+00 1.165428903849063907e+06
2.385309599999999808e+00 1.191815615891230991e+06
2.385754599999999837e+00 1.188105804956441047e+06
2.386201199999999911e+00 1.284739385956875049e+06
2.386649400000000032e+00 1.206908990237076068e+06
2.387099200000000199e+00 1.203506308839397039e+06
2.387550699999999804e+00 1.218753360298363026e+06
2.388003900000000179e+00 1.216429777688694885e+06
2.388458799999999993e+00 1.222345116187166888e+06
2.388915400000000133e+00 1.229522878544972977e+06
2.389373700000000156e+00 1.235832582321807975e+06
2.389833900000000177e+00 1.230580814954821020e+06
2.390295800000000082e+00 1.239763284597683931e+06
2.390759500000000148e+00 1.259685900707107969e+06
2.391224999999999934e+00 1.258061706510117976e+06
2.391692499999999999e+00 1.249283384623348014e+06
2.392161799999999783e+00 1.321895008294444997e+06
2.392633000000000010e+00 1.270814839468298014e+06
2.393106099999999792e+00 1.280188671544052893e+06
2.393581199999999853e+00 1.280002562188653974e+06
2.394058199999999914e+00 1.287378051305542002e+06
2.394537300000000091e+00 1.293539810398936970e+06
2.395018299999999822e+00 1.296613114262545016e+06
2.395501499999999950e+00 1.292804020535012009e+06
2.395986600000000077e+00 1.312956217047319980e+06
2.396473900000000157e+00 1.315493070723495912e+06
2.396963299999999908e+00 1.319028110898267943e+06
2.397454800000000219e+00 1.327986314155336004e+06
2.397948500000000038e+00 1.392091967137000989e+06
2.398444399999999810e+00 1.333653942490278976e+06
2.398942499999999978e+00 1.318313834424226079e+06
2.399442800000000098e+00 1.346094575260469923e+06
2.399945400000000006e+00 1.330588550424434943e+06
2.400450199999999867e+00 1.354805003045096993e+06
2.400957399999999797e+00 1.353894226013465086e+06
2.401466899999999960e+00 1.358633889229960972e+06
2.401978699999999911e+00 1.361754017053327989e+06
2.402493000000000212e+00 1.365587283234210918e+06
2.403009599999999857e+00 1.366403001074763946e+06
2.403528699999999851e+00 1.372714546734208940e+06
2.404050199999999915e+00 1.373307900030060904e+06
2.404574300000000164e+00 1.368887911185923032e+06
2.405100800000000039e+00 1.390400263333309907e+06
2.405629799999999818e+00 1.388086703856501961e+06
2.406161500000000064e+00 1.395255984961071052e+06
2.406695700000000215e+00 1.393818677427005954e+06
2.407232500000000108e+00 1.395590119458528934e+06
2.407772000000000023e+00 1.395381501604994992e+06
2.408314100000000124e+00 1.408736126724724891e+06
2.408858899999999803e+00 1.398601276408510050e+06
2.409406399999999948e+00 1.406315967576306080e+06
2.409956699999999952e+00 1.414881372369241901e+06
2.410509799999999814e+00 1.413845021322359098e+06
2.411065600000000142e+00 1.416226555949798087e+06
2.411624300000000165e+00 1.426519440995959099e+06
2.412185800000000047e+00 1.436073879009677097e+06
2.412750200000000067e+00 1.536595638850332936e+06
2.413317499999999782e+00 1.443704834292100044e+06
2.413887700000000081e+00 1.436387837743799901e+06
2.414461000000000190e+00 1.440781667534860084e+06
2.415037100000000159e+00 1.452663613919009920e+06
2.415616400000000219e+00 1.438467007409231039e+06
2.416198599999999974e+00 1.444102685979840113e+06
2.416783999999999821e+00 1.447897679763088934e+06
2.417372400000000088e+00 1.447413675441195024e+06
2.417964000000000002e+00 1.455743227510280907e+06
2.418558700000000172e+00 1.469267371085858904e+06
2.419156599999999990e+00 1.464619260970576899e+06
2.419757800000000181e+00 1.469471040714538889e+06
2.420362100000000183e+00 1.482549191832640907e+06
2.420969799999999950e+00 1.467318960881053004e+06
2.421580800000000089e+00 1.474285356706072111e+06
2.422195100000000156e+00 1.476866189622387057e+06
2.422812799999999989e+00 1.473041763912800001e+06
2.423433800000000193e+00 1.484063775464572012e+06
2.424058299999999999e+00 1.485951278937029885e+06
2.424686299999999850e+00 1.474332776374774054e+06
2.425317699999999910e+00 1.492676115161930909e+06
2.425952699999999851e+00 1.477000519261731999e+06
2.426591199999999837e+00 1.496289179213414900e+06
2.427233300000000149e+00 1.491561958215639926e+06
2.427878999999999898e+00 1.495681634326596977e+06
2.428528399999999809e+00 1.497845775176716968e+06
2.429181400000000046e+00 1.499690644129551947e+06
2.429838100000000001e+00 1.509817312582392944e+06
2.430498599999999954e+00 1.495633514342684997e+06
2.431162899999999905e+00 1.496688943807961885e+06
2.431830900000000018e+00 1.498067413979650941e+06
2.432502799999999965e+00 1.497689420501399087e+06
2.433178499999999911e+00 1.508864405157858040e+06
2.433858199999999972e+00 1.496388042034158949e+06
2.434541799999999867e+00 1.502422177857134026e+06
2.435229300000000041e+00 1.514843143663513940e+06
2.435920900000000167e+00 1.503716903967523016e+06
2.436616499999999963e+00 1.512697154408545000e+06
2.437316200000000155e+00 1.511660433488965966e+06
2.438019900000000018e+00 1.513768132441248978e+06
2.438727800000000112e+00 1.521113207601574948e+06
2.439439899999999994e+00 1.523693922888526926e+06
2.440156200000000108e+00 1.522650027228198014e+06
2.440876700000000010e+00 1.530253610191662097e+06
2.441601499999999980e+00 1.520525657901325030e+06
2.442330600000000018e+00 1.516875060535873985e+06
2.443064099999999961e+00 1.516887410030185943e+06
2.443801899999999971e+00 1.512105901359253097e+06
2.444544200000000167e+00 1.513048552977280924e+06
2.445290899999999823e+00 1.523435791282671038e+06
2.446042100000000108e+00 1.510631755465053022e+06
2.446797800000000134e+00 1.523026107555470895e+06
2.447558100000000181e+00 1.519780678197093075e+06
2.448322999999999805e+00 1.521757619540838990e+06
2.449092600000000175e+00 1.510733151595751988e+06
2.449866800000000122e+00 1.514477870597351110e+06
2.450645699999999927e+00 1.527965170018590987e+06
2.451429399999999870e+00 1.564170424442657037e+06
2.452217899999999950e+00 1.508735691158876987e+06
2.453011200000000169e+00 1.521881764398555038e+06
2.453809399999999918e+00 1.580500065316467080e+06
2.454612500000000086e+00 1.510418390052577015e+06
2.455420499999999784e+00 1.577425476155511104e+06
2.456233500000000181e+00 1.509386303025999106e+06
2.457051499999999944e+00 1.520528068274983903e+06
2.457874599999999798e+00 1.508314009618371027e+06
2.458702800000000188e+00 1.528441895731681027e+06
2.459536200000000061e+00 1.513186544126024935e+06
2.460374700000000026e+00 1.516894830425370019e+06
2.461218500000000198e+00 1.519137710444675060e+06
2.462067499999999853e+00 1.518823322665546089e+06
2.462921800000000161e+00 1.520679165064760949e+06
2.463781500000000069e+00 1.543121278394682100e+06
2.464646600000000021e+00 1.519666494464922929e+06
2.465517100000000017e+00 1.531802743138968945e+06
2.466393099999999894e+00 1.517894201709620887e+06
2.467274600000000095e+00 1.516150181282118894e+06
2.468161600000000178e+00 1.527985898875931045e+06
2.469054299999999813e+00 1.513899023315971950e+06
2.469952600000000054e+00 1.620707326048427029e+06
2.470856599999999847e+00 1.519433887893262086e+06
2.471766399999999919e+00 1.502168718608814990e+06
2.472681899999999988e+00 1.522569718489875086e+06
2.473603300000000171e+00 1.505344726076707942e+06
2.474530500000000188e+00 1.513186464344667038e+06
2.475463599999999875e+00 1.527552775588168995e+06
2.476402699999999957e+00 1.523297022682555951e+06
2.477347799999999989e+00 1.526516950894844020e+06
2.478298999999999808e+00 1.525804582855594112e+06
2.479256299999999857e+00 1.516193758634723956e+06
2.480219700000000138e+00 1.579760236296254909e+06
2.481189300000000042e+00 1.513180388268535957e+06
2.482165100000000013e+00 1.579240256077747094e+06
2.483147199999999888e+00 1.524409714874563972e+06
2.484135699999999947e+00 1.513549942787851905e+06
2.485130499999999909e+00 1.532506427405860974e+06
2.486131799999999892e+00 1.546599742741795024e+06
2.487139599999999895e+00 1.516474121648848057e+06
2.488153800000000082e+00 1.529348575167956995e+06
2.489174699999999962e+00 1.528101467272718903e+06
2.490202200000000143e+00 1.529829115712340921e+06
2.491236400000000017e+00 1.512000647459438071e+06
2.492277300000000029e+00 1.517820706142629031e+06
2.493324900000000177e+00 1.529965891438093968e+06
2.494379499999999972e+00 1.517756565033500083e+06
2.495440799999999903e+00 1.534400309872081969e+06
2.496509200000000206e+00 1.520651585940819932e+06
2.497584499999999874e+00 1.525088526595382020e+06
2.498666800000000077e+00 1.535592499451108044e+06
2.499756300000000042e+00 1.517484649374244036e+06
2.500852899999999934e+00 1.521422909928658046e+06
2.501956600000000197e+00 1.531729121117817936e+06
2.503067699999999896e+00 1.532776586709768046e+06
2.504185999999999801e+00 2.299691381322543137e+06
