x,wallP
1.000000000000000056e-01,1.561416208181576167e+03
1.000000000000000056e-01,1.561416208181576167e+03
1.010265438157619960e-01,3.060409549656669697e+03
1.010265438157619960e-01,3.060409549656669697e+03
1.021207931798090024e-01,3.231156194112048070e+03
1.021207931798090024e-01,3.231156194112048070e+03
1.033371481796459962e-01,3.310335526985699289e+03
1.033371481796459962e-01,3.310335526985699289e+03
1.046148245093160012e-01,3.252835696604683108e+03
1.046148245093160012e-01,3.252835696604683108e+03
1.059670006163390132e-01,3.173550485208915688e+03
1.059670006163390132e-01,3.173550485208915688e+03
1.074938823441529967e-01,3.123849388251424443e+03
1.074938823441529967e-01,3.123849388251424443e+03
1.091182224824290004e-01,3.047207562820795374e+03
1.091182224824290004e-01,3.047207562820795374e+03
1.109719718177360065e-01,3.024274820810053370e+03
1.109719718177360065e-01,3.024274820810053370e+03
1.129817993843540008e-01,3.006339555583486344e+03
1.129817993843540008e-01,3.006339555583486344e+03
1.151614554758359915e-01,3.022623782427383503e+03
1.151614554758359915e-01,3.022623782427383503e+03
1.173837184219140017e-01,3.003350979518803797e+03
1.173837184219140017e-01,3.003350979518803797e+03
1.197410282882690052e-01,3.015950874747890339e+03
1.197410282882690052e-01,3.015950874747890339e+03
1.225135399901400024e-01,3.013935547936290732e+03
1.225135399901400024e-01,3.013935547936290732e+03
1.254280322719749929e-01,3.007684138109735159e+03
1.254280322719749929e-01,3.007684138109735159e+03
1.286638926330040122e-01,3.009038649030929264e+03
1.286638926330040122e-01,3.009038649030929264e+03
1.321824615639179967e-01,2.987057610063201537e+03
1.321824615639179967e-01,2.987057610063201537e+03
1.360944256617589998e-01,2.972090301847864794e+03
1.360944256617589998e-01,2.972090301847864794e+03
1.403003105089310198e-01,2.975796478916099659e+03
1.403003105089310198e-01,2.975796478916099659e+03
1.445061953561020129e-01,2.958282665564316176e+03
1.445061953561020129e-01,2.958282665564316176e+03
1.490370973252269915e-01,2.939671696877126578e+03
1.490370973252269915e-01,2.939671696877126578e+03
1.539649000278680013e-01,2.945317732719344804e+03
1.539649000278680013e-01,2.945317732719344804e+03
1.589364037243509997e-01,2.941978288401365717e+03
1.589364037243509997e-01,2.941978288401365717e+03
1.639079074208329989e-01,2.925111893219067952e+03
1.639079074208329989e-01,2.925111893219067952e+03
1.688794111173160251e-01,2.912896973141560920e+03
1.688794111173160251e-01,2.912896973141560920e+03
1.738509148137979965e-01,2.917408101410600011e+03
1.738509148137979965e-01,2.917408101410600011e+03
1.788224185102799957e-01,2.915012836185858305e+03
1.788224185102799957e-01,2.915012836185858305e+03
1.837939222067629941e-01,2.903136343191209107e+03
1.837939222067629941e-01,2.903136343191209107e+03
1.887654259032449933e-01,2.901288359343589491e+03
1.887654259032449933e-01,2.901288359343589491e+03
1.937369295997279917e-01,2.906171554988689877e+03
1.937369295997279917e-01,2.906171554988689877e+03
1.987084332962099908e-01,2.911186643933541745e+03
1.987084332962099908e-01,2.911186643933541745e+03
2.036799369926930170e-01,2.908689276313417849e+03
2.036799369926930170e-01,2.908689276313417849e+03
2.086514406891749884e-01,2.899596119424166773e+03
2.086514406891749884e-01,2.899596119424166773e+03
2.136229443856580146e-01,2.888851601554325953e+03
2.136229443856580146e-01,2.888851601554325953e+03
2.185944480821410130e-01,2.891768405017106943e+03
2.185944480821410130e-01,2.891768405017106943e+03
2.235659517786230122e-01,2.899871107039978597e+03
2.235659517786230122e-01,2.899871107039978597e+03
2.285374554751059828e-01,2.901491844856679108e+03
2.285374554751059828e-01,2.901491844856679108e+03
2.335089591715890089e-01,2.898830044495838592e+03
2.335089591715890089e-01,2.898830044495838592e+03
2.384804628680720073e-01,2.890370588066814435e+03
2.384804628680720073e-01,2.890370588066814435e+03
2.434519665645550057e-01,2.873831212023966600e+03
2.434519665645550057e-01,2.873831212023966600e+03
2.484234702610370049e-01,2.853243556786150748e+03
2.484234702610370049e-01,2.853243556786150748e+03
2.533949739575199755e-01,2.835919386469320671e+03
2.533949739575199755e-01,2.835919386469320671e+03
2.583664776540030017e-01,2.827832752063143289e+03
2.583664776540030017e-01,2.827832752063143289e+03
2.633379813504860278e-01,2.825194542049912343e+03
2.633379813504860278e-01,2.825194542049912343e+03
2.683094850469679993e-01,2.821638068890752947e+03
2.683094850469679993e-01,2.821638068890752947e+03
2.732809887434510254e-01,2.818264334537766899e+03
2.732809887434510254e-01,2.818264334537766899e+03
2.782524924399339961e-01,2.816123410766290363e+03
2.782524924399339961e-01,2.816123410766290363e+03
2.832239961364169667e-01,2.812912920147235127e+03
2.832239961364169667e-01,2.812912920147235127e+03
2.881954998328999928e-01,2.806977961610766670e+03
2.881954998328999928e-01,2.806977961610766670e+03
2.931670035293820198e-01,2.798057695669249370e+03
2.931670035293820198e-01,2.798057695669249370e+03
2.981385072258649904e-01,2.787705188210904453e+03
2.981385072258649904e-01,2.787705188210904453e+03
3.031100109223480166e-01,2.778982977710325486e+03
3.031100109223480166e-01,2.778982977710325486e+03
3.080815146188310427e-01,2.774143271220855240e+03
3.080815146188310427e-01,2.774143271220855240e+03
3.130530183153130142e-01,2.771986504511601197e+03
3.130530183153130142e-01,2.771986504511601197e+03
3.180245220117960403e-01,2.768315773327648913e+03
3.180245220117960403e-01,2.768315773327648913e+03
3.229960257082790109e-01,2.762022703062203618e+03
3.229960257082790109e-01,2.762022703062203618e+03
3.279675294047619816e-01,2.755038645725614060e+03
3.279675294047619816e-01,2.755038645725614060e+03
3.329390331012450077e-01,2.749999354236395448e+03
3.329390331012450077e-01,2.749999354236395448e+03
3.379105367977269792e-01,2.748684370702123033e+03
3.379105367977269792e-01,2.748684370702123033e+03
3.448264197259359731e-01,2.748815169343262824e+03
3.448264197259359731e-01,2.748815169343262824e+03
3.518839811142560059e-01,2.749056235696110434e+03
3.518839811142560059e-01,2.749056235696110434e+03
3.568785309040770071e-01,2.750049992597880191e+03
3.568785309040770071e-01,2.750049992597880191e+03
3.618500346005599777e-01,2.752554343109625279e+03
3.618500346005599777e-01,2.752554343109625279e+03
3.668215382970430039e-01,2.757268623032714004e+03
3.668215382970430039e-01,2.757268623032714004e+03
3.717930419935260300e-01,2.763923649556364126e+03
3.717930419935260300e-01,2.763923649556364126e+03
3.767645456900080014e-01,2.771635439564738590e+03
3.767645456900080014e-01,2.771635439564738590e+03
3.817360493864899729e-01,2.779573875567787582e+03
3.817360493864899729e-01,2.779573875567787582e+03
3.867075530829720553e-01,2.787119457763522405e+03
3.867075530829720553e-01,2.787119457763522405e+03
3.916790567794540268e-01,2.794379940037597862e+03
3.916790567794540268e-01,2.794379940037597862e+03
3.966505604759359982e-01,2.801963331565234512e+03
3.966505604759359982e-01,2.801963331565234512e+03
4.016220641724180251e-01,2.809489469919687963e+03
4.016220641724180251e-01,2.809489469919687963e+03
4.065935678689009958e-01,2.816376647267989483e+03
4.065935678689009958e-01,2.816376647267989483e+03
4.115650715653830227e-01,2.822666561921648736e+03
4.115650715653830227e-01,2.822666561921648736e+03
4.165365752618649942e-01,2.828320794756087707e+03
4.165365752618649942e-01,2.828320794756087707e+03
4.215393458471000110e-01,2.832869717536188546e+03
4.215393458471000110e-01,2.832869717536188546e+03
4.272226001699550024e-01,2.836525680596647817e+03
4.272226001699550024e-01,2.836525680596647817e+03
4.334808781618890161e-01,2.839112713679362059e+03
4.334808781618890161e-01,2.839112713679362059e+03
4.397391561538229743e-01,2.840919462262609159e+03
4.397391561538229743e-01,2.840919462262609159e+03
4.459974341457560443e-01,2.841647321014570025e+03
4.459974341457560443e-01,2.841647321014570025e+03
4.522557121376900025e-01,2.841214470168773914e+03
4.522557121376900025e-01,2.841214470168773914e+03
4.585139901296240161e-01,2.839873469227441092e+03
4.585139901296240161e-01,2.839873469227441092e+03
4.647722681215580298e-01,2.837551231672847280e+03
4.647722681215580298e-01,2.837551231672847280e+03
4.710305461134919880e-01,2.834777552285973343e+03
4.710305461134919880e-01,2.834777552285973343e+03
4.772888241054250580e-01,2.831957438497157455e+03
4.772888241054250580e-01,2.831957438497157455e+03
4.830138312143579804e-01,2.829576395758069339e+03
4.830138312143579804e-01,2.829576395758069339e+03
4.880281959613129716e-01,2.827995912745268015e+03
4.880281959613129716e-01,2.827995912745268015e+03
4.929996996577950541e-01,2.826935023822183211e+03
4.929996996577950541e-01,2.826935023822183211e+03
4.979712033542770255e-01,2.826076125548921482e+03
4.979712033542770255e-01,2.826076125548921482e+03
5.029427070507590525e-01,2.826134656714087214e+03
5.029427070507590525e-01,2.826134656714087214e+03
5.079142107472409684e-01,2.826655238107507557e+03
5.079142107472409684e-01,2.826655238107507557e+03
5.128857144437229953e-01,2.827673464772601619e+03
5.128857144437229953e-01,2.827673464772601619e+03
5.178595496106539464e-01,2.829033862288189539e+03
5.178595496106539464e-01,2.829033862288189539e+03
5.234748486119550348e-01,2.830566642525297084e+03
5.234748486119550348e-01,2.830566642525297084e+03
5.297169726837069881e-01,2.831815878179133961e+03
5.297169726837069881e-01,2.831815878179133961e+03
5.369879289305349301e-01,2.832779144035509034e+03
5.369879289305349301e-01,2.832779144035509034e+03
5.457303011847619567e-01,2.834023098946152459e+03
5.457303011847619567e-01,2.834023098946152459e+03
5.546790088385280537e-01,2.835720731375359264e+03
5.546790088385280537e-01,2.835720731375359264e+03
5.636277164922940397e-01,2.837268936675507121e+03
5.636277164922940397e-01,2.837268936675507121e+03
5.725764241460600257e-01,2.838207133417469777e+03
5.725764241460600257e-01,2.838207133417469777e+03
5.815251317998260117e-01,2.838557617241776825e+03
5.815251317998260117e-01,2.838557617241776825e+03
5.904738394535919976e-01,2.838483815703071286e+03
5.904738394535919976e-01,2.838483815703071286e+03
5.994225471073590938e-01,2.838312204544855376e+03
5.994225471073590938e-01,2.838312204544855376e+03
6.083302838366879683e-01,2.837787652849517599e+03
6.083302838366879683e-01,2.837787652849517599e+03
6.159084191794399477e-01,2.836765766381379308e+03
6.159084191794399477e-01,2.836765766381379308e+03
6.221666971713740724e-01,2.835201415333193836e+03
6.221666971713740724e-01,2.835201415333193836e+03
6.284249751633079750e-01,2.832580856524509727e+03
6.284249751633079750e-01,2.832580856524509727e+03
6.346832531552419887e-01,2.829085916123089646e+03
6.346832531552419887e-01,2.829085916123089646e+03
6.409415311471751142e-01,2.825269739286054119e+03
6.409415311471751142e-01,2.825269739286054119e+03
6.471998091391090169e-01,2.821787691575257213e+03
6.471998091391090169e-01,2.821787691575257213e+03
6.534580871310430306e-01,2.819132615898487529e+03
6.534580871310430306e-01,2.819132615898487529e+03
6.597163651229770442e-01,2.817506904527906499e+03
6.597163651229770442e-01,2.817506904527906499e+03
6.659746431149110579e-01,2.816792318898452777e+03
6.659746431149110579e-01,2.816792318898452777e+03
6.722329211068439614e-01,2.816498634156136177e+03
6.722329211068439614e-01,2.816498634156136177e+03
6.784911990987779751e-01,2.816224577956872054e+03
6.784911990987779751e-01,2.816224577956872054e+03
6.847494770907120998e-01,2.816235842989603498e+03
6.847494770907120998e-01,2.816235842989603498e+03
6.910077550826450032e-01,2.816691525169123452e+03
6.910077550826450032e-01,2.816691525169123452e+03
6.973041705447640126e-01,2.818172790382142921e+03
6.973041705447640126e-01,2.818172790382142921e+03
7.050249874932079663e-01,2.820825604548795582e+03
7.050249874932079663e-01,2.820825604548795582e+03
7.139736951469740633e-01,2.822409965863895195e+03
7.139736951469740633e-01,2.822409965863895195e+03
7.229224028007410485e-01,2.822853616995030279e+03
7.229224028007410485e-01,2.822853616995030279e+03
7.318711104545069235e-01,2.824357572122969032e+03
7.318711104545069235e-01,2.824357572122969032e+03
7.408198181082730205e-01,2.827044040352956927e+03
7.408198181082730205e-01,2.827044040352956927e+03
7.497685257620390065e-01,2.830604550982252476e+03
7.497685257620390065e-01,2.830604550982252476e+03
7.587172334158049924e-01,2.835377940339424185e+03
7.587172334158049924e-01,2.835377940339424185e+03
7.676659410695709784e-01,2.840463468485053454e+03
7.676659410695709784e-01,2.840463468485053454e+03
7.766146487233379636e-01,2.841958536137835836e+03
7.766146487233379636e-01,2.841958536137835836e+03
7.855633563771040606e-01,2.840363344767775288e+03
7.855633563771040606e-01,2.840363344767775288e+03
7.945120640308699356e-01,2.837083355058604866e+03
7.945120640308699356e-01,2.837083355058604866e+03
8.034607716846360326e-01,2.832627381427640557e+03
8.034607716846360326e-01,2.832627381427640557e+03
8.127179670360050734e-01,2.827918338782119463e+03
8.127179670360050734e-01,2.827918338782119463e+03
8.225544586187589768e-01,2.823877563192089838e+03
8.225544586187589768e-01,2.823877563192089838e+03
8.324974615668560007e-01,2.821405915822248517e+03
8.324974615668560007e-01,2.821405915822248517e+03
8.424404645149530246e-01,2.819927710115608988e+03
8.424404645149530246e-01,2.819927710115608988e+03
8.523834674630510477e-01,2.820097099602822254e+03
8.523834674630510477e-01,2.820097099602822254e+03
8.623264704111479606e-01,2.820545145826287353e+03
8.623264704111479606e-01,2.820545145826287353e+03
8.722116581855490214e-01,2.820838939405950896e+03
8.722116581855490214e-01,2.820838939405950896e+03
8.815592890861150277e-01,2.821243720812814900e+03
8.815592890861150277e-01,2.821243720812814900e+03
8.905079967398820129e-01,2.822744047917014086e+03
8.905079967398820129e-01,2.822744047917014086e+03
8.994567043936479989e-01,2.826211982200976763e+03
8.994567043936479989e-01,2.826211982200976763e+03
9.084054120474139848e-01,2.829856788089887687e+03
9.084054120474139848e-01,2.829856788089887687e+03
9.173541197011800818e-01,2.828982921902398630e+03
9.173541197011800818e-01,2.828982921902398630e+03
9.263028273549459568e-01,2.825863944873898163e+03
9.263028273549459568e-01,2.825863944873898163e+03
9.352515350087120538e-01,2.820891201990616537e+03
9.352515350087120538e-01,2.820891201990616537e+03
9.442002426624790390e-01,2.820900041046909337e+03
9.442002426624790390e-01,2.820900041046909337e+03
9.531489503162450250e-01,2.822814483912991818e+03
9.531489503162450250e-01,2.822814483912991818e+03
9.620976579700110110e-01,2.825607254690572972e+03
9.620976579700110110e-01,2.825607254690572972e+03
9.710463656237769969e-01,2.828692434668254464e+03
9.710463656237769969e-01,2.828692434668254464e+03
9.804228456400710945e-01,2.831808678968062850e+03
9.804228456400710945e-01,2.831808678968062850e+03
9.903235671789970551e-01,2.834113287350451628e+03
9.903235671789970551e-01,2.834113287350451628e+03
1.000266570127089860e+00,2.836485504604695052e+03
1.000266570127089860e+00,2.836485504604695052e+03
1.010209573075189882e+00,2.837955408442163844e+03
1.010209573075189882e+00,2.837955408442163844e+03
1.020152576023289903e+00,2.838800126264718529e+03
1.020152576023289903e+00,2.838800126264718529e+03
1.030095578971390147e+00,2.840647599433064897e+03
1.030095578971390147e+00,2.840647599433064897e+03
1.040038581919480176e+00,2.842250578753143600e+03
1.040038581919480176e+00,2.842250578753143600e+03
1.049981584867580198e+00,2.842919131037850548e+03
1.049981584867580198e+00,2.842919131037850548e+03
1.059924587815679997e+00,2.843817589210796541e+03
1.059924587815679997e+00,2.843817589210796541e+03
1.069867590763780019e+00,2.845180957561454306e+03
1.069867590763780019e+00,2.845180957561454306e+03
1.079810593711870048e+00,2.845958724103633813e+03
1.079810593711870048e+00,2.845958724103633813e+03
1.089753596659970070e+00,2.846541424426764479e+03
1.089753596659970070e+00,2.846541424426764479e+03
1.099696599608070091e+00,2.845797597418903479e+03
1.099696599608070091e+00,2.845797597418903479e+03
1.109639602556170113e+00,2.843428947314359903e+03
1.109639602556170113e+00,2.843428947314359903e+03
1.119582605504260142e+00,2.843432582642853959e+03
1.119582605504260142e+00,2.843432582642853959e+03
1.129525608452360164e+00,2.845024561423043906e+03
1.129525608452360164e+00,2.845024561423043906e+03
1.139310824445489922e+00,2.846481901954140085e+03
1.139310824445489922e+00,2.846481901954140085e+03
1.149011509760780037e+00,2.845892712634518830e+03
1.149011509760780037e+00,2.845892712634518830e+03
1.158954512708880058e+00,2.845864497727367507e+03
1.158954512708880058e+00,2.845864497727367507e+03
1.168897515656970088e+00,2.847200289482564131e+03
1.168897515656970088e+00,2.847200289482564131e+03
1.178840518605070109e+00,2.848996978356972704e+03
1.178840518605070109e+00,2.848996978356972704e+03
1.188783521553169908e+00,2.847993692276981164e+03
1.188783521553169908e+00,2.847993692276981164e+03
1.198726524501269930e+00,2.843860304340530547e+03
1.198726524501269930e+00,2.843860304340530547e+03
1.208669527449359959e+00,2.836477604115710619e+03
1.208669527449359959e+00,2.836477604115710619e+03
1.218612530397459981e+00,2.836730599033134695e+03
1.218612530397459981e+00,2.836730599033134695e+03
1.228555533345560002e+00,2.840162479851209810e+03
1.228555533345560002e+00,2.840162479851209810e+03
1.238498536293650032e+00,2.840197402451082326e+03
1.238498536293650032e+00,2.840197402451082326e+03
1.248441539241750053e+00,2.838779417875148283e+03
1.248441539241750053e+00,2.838779417875148283e+03
1.258384542189850075e+00,2.836916632668581315e+03
1.258384542189850075e+00,2.836916632668581315e+03
1.268327545137950096e+00,2.834712022563772734e+03
1.268327545137950096e+00,2.834712022563772734e+03
1.278270548086039904e+00,2.831602437137549259e+03
1.278270548086039904e+00,2.831602437137549259e+03
1.288213551034139925e+00,2.828565080302671959e+03
1.288213551034139925e+00,2.828565080302671959e+03
1.298156553982239947e+00,2.829636095345470949e+03
1.298156553982239947e+00,2.829636095345470949e+03
1.308099556930339968e+00,2.833249179177931637e+03
1.308099556930339968e+00,2.833249179177931637e+03
1.318042559878429998e+00,2.833252040286295141e+03
1.318042559878429998e+00,2.833252040286295141e+03
1.327985562826530019e+00,2.831008642092805530e+03
1.327985562826530019e+00,2.831008642092805530e+03
1.337928565774630041e+00,2.828659433525626810e+03
1.337928565774630041e+00,2.828659433525626810e+03
1.347871568722730062e+00,2.831446140059492791e+03
1.347871568722730062e+00,2.831446140059492791e+03
1.357814571670820092e+00,2.837329679114152441e+03
1.357814571670820092e+00,2.837329679114152441e+03
1.367757574618920113e+00,2.839961140757951398e+03
1.367757574618920113e+00,2.839961140757951398e+03
1.377700577567019913e+00,2.839387032010720759e+03
1.377700577567019913e+00,2.839387032010720759e+03
1.387643580515119934e+00,2.838767408883389180e+03
1.387643580515119934e+00,2.838767408883389180e+03
1.397586583463209964e+00,2.837399078780179480e+03
1.397586583463209964e+00,2.837399078780179480e+03
1.407529586411309985e+00,2.834789107502572278e+03
1.407529586411309985e+00,2.834789107502572278e+03
1.417472589359410007e+00,2.835316380646966081e+03
1.417472589359410007e+00,2.835316380646966081e+03
1.427415592307500036e+00,2.837764766446427984e+03
1.427415592307500036e+00,2.837764766446427984e+03
1.437358595255600058e+00,2.839178398369248953e+03
1.437358595255600058e+00,2.839178398369248953e+03
1.447301598203700079e+00,2.838675483640139191e+03
1.447301598203700079e+00,2.838675483640139191e+03
1.457244601151800101e+00,2.838967988794641769e+03
1.457244601151800101e+00,2.838967988794641769e+03
1.467187604099890130e+00,2.841015987129656878e+03
1.467187604099890130e+00,2.841015987129656878e+03
1.477130607047989930e+00,2.843852875112914262e+03
1.477130607047989930e+00,2.843852875112914262e+03
1.487073609996089951e+00,2.843477019453381672e+03
1.487073609996089951e+00,2.843477019453381672e+03
1.497016612944189973e+00,2.842188390651284408e+03
1.497016612944189973e+00,2.842188390651284408e+03
1.506959615892280002e+00,2.842546909440839954e+03
1.506959615892280002e+00,2.842546909440839954e+03
1.516902618840380024e+00,2.845617636271050742e+03
1.516902618840380024e+00,2.845617636271050742e+03
1.526845621788480045e+00,2.846846467911809214e+03
1.526845621788480045e+00,2.846846467911809214e+03
1.536788624736580067e+00,2.844839501704923805e+03
1.536788624736580067e+00,2.844839501704923805e+03
1.546731627684670096e+00,2.842804929189294398e+03
1.546731627684670096e+00,2.842804929189294398e+03
1.556674630632770118e+00,2.844377926596635461e+03
1.556674630632770118e+00,2.844377926596635461e+03
1.566617633580870139e+00,2.847328618553135584e+03
1.566617633580870139e+00,2.847328618553135584e+03
1.576560636528969939e+00,2.847157009280233069e+03
1.576560636528969939e+00,2.847157009280233069e+03
1.586503639477059968e+00,2.845129063016892360e+03
1.586503639477059968e+00,2.845129063016892360e+03
1.596446642425159990e+00,2.842585407174286956e+03
1.596446642425159990e+00,2.842585407174286956e+03
1.606389645373260011e+00,2.841037586492132505e+03
1.606389645373260011e+00,2.841037586492132505e+03
1.616332648321350041e+00,2.840508282005110232e+03
1.616332648321350041e+00,2.840508282005110232e+03
1.626275651269450062e+00,2.840117416571787999e+03
1.626275651269450062e+00,2.840117416571787999e+03
1.636218654217550084e+00,2.838545644255703337e+03
1.636218654217550084e+00,2.838545644255703337e+03
1.646161657165650105e+00,2.836018349067672716e+03
1.646161657165650105e+00,2.836018349067672716e+03
1.656104660113740135e+00,2.836544867068641452e+03
1.656104660113740135e+00,2.836544867068641452e+03
1.666047663061840156e+00,2.837597406264443634e+03
1.666047663061840156e+00,2.837597406264443634e+03
1.675990666009939956e+00,2.836491643269088854e+03
1.675990666009939956e+00,2.836491643269088854e+03
1.685933668958039977e+00,2.834038067656086241e+03
1.685933668958039977e+00,2.834038067656086241e+03
1.695876671906130007e+00,2.833980407533673770e+03
1.695876671906130007e+00,2.833980407533673770e+03
1.705819674854230028e+00,2.835559796089607516e+03
1.705819674854230028e+00,2.835559796089607516e+03
1.715762677802330050e+00,2.838275985678052621e+03
1.715762677802330050e+00,2.838275985678052621e+03
1.725705680750430071e+00,2.840813606005963720e+03
1.725705680750430071e+00,2.840813606005963720e+03
1.735648683698520101e+00,2.842497401860988703e+03
1.735648683698520101e+00,2.842497401860988703e+03
1.745591686646620122e+00,2.844815778997116468e+03
1.745591686646620122e+00,2.844815778997116468e+03
1.755534689594720144e+00,2.846275714089587836e+03
1.755534689594720144e+00,2.846275714089587836e+03
1.765477692542820165e+00,2.845526524063628131e+03
1.765477692542820165e+00,2.845526524063628131e+03
1.775420695490909972e+00,2.843822091365123470e+03
1.775420695490909972e+00,2.843822091365123470e+03
1.785363698439009994e+00,2.842707738371806045e+03
1.785363698439009994e+00,2.842707738371806045e+03
1.795306701387110015e+00,2.841633379154137401e+03
1.795306701387110015e+00,2.841633379154137401e+03
1.805249704335200045e+00,2.838816548220926506e+03
1.805249704335200045e+00,2.838816548220926506e+03
1.815192707283300066e+00,2.835814803347634097e+03
1.815192707283300066e+00,2.835814803347634097e+03
1.825135710231400088e+00,2.836856666690862767e+03
1.825135710231400088e+00,2.836856666690862767e+03
1.835078713179500109e+00,2.840007702535789576e+03
1.835078713179500109e+00,2.840007702535789576e+03
1.845021716127590139e+00,2.842536837573768025e+03
1.845021716127590139e+00,2.842536837573768025e+03
1.854964719075690160e+00,2.841903523730890811e+03
1.854964719075690160e+00,2.841903523730890811e+03
1.864907722023789960e+00,2.840683224586132383e+03
1.864907722023789960e+00,2.840683224586132383e+03
1.874850724971889981e+00,2.842082155573991713e+03
1.874850724971889981e+00,2.842082155573991713e+03
1.884793727919980011e+00,2.845162501858388168e+03
1.884793727919980011e+00,2.845162501858388168e+03
1.894736730868080032e+00,2.845627809080649513e+03
1.894736730868080032e+00,2.845627809080649513e+03
1.904679733816180054e+00,2.845562947691608770e+03
1.904679733816180054e+00,2.845562947691608770e+03
1.914622736764280075e+00,2.845397425052819017e+03
1.914622736764280075e+00,2.845397425052819017e+03
1.924565739712370105e+00,2.844025027282673818e+03
1.924565739712370105e+00,2.844025027282673818e+03
1.934508742660470126e+00,2.842770474969861880e+03
1.934508742660470126e+00,2.842770474969861880e+03
1.944451745608570148e+00,2.843829215712877613e+03
1.944451745608570148e+00,2.843829215712877613e+03
1.954394748556670169e+00,2.845356205215327464e+03
1.954394748556670169e+00,2.845356205215327464e+03
1.964337751504759977e+00,2.845113986743637724e+03
1.964337751504759977e+00,2.845113986743637724e+03
1.974280754452859998e+00,2.843531713986813884e+03
1.974280754452859998e+00,2.843531713986813884e+03
1.984223757400960020e+00,2.840833693501186644e+03
1.984223757400960020e+00,2.840833693501186644e+03
1.994166760349050049e+00,2.838798707453046973e+03
1.994166760349050049e+00,2.838798707453046973e+03
2.004109763297150071e+00,2.838128396200249881e+03
2.004109763297150071e+00,2.838128396200249881e+03
2.014052766245249870e+00,2.836925212787057262e+03
2.014052766245249870e+00,2.836925212787057262e+03
2.023995769193350114e+00,2.835406932267404500e+03
2.023995769193350114e+00,2.835406932267404500e+03
2.033938772141440143e+00,2.836128075745485148e+03
2.033938772141440143e+00,2.836128075745485148e+03
2.043881775089539943e+00,2.838249951766366848e+03
2.043881775089539943e+00,2.838249951766366848e+03
2.053824778037640186e+00,2.838060466948705198e+03
2.053824778037640186e+00,2.838060466948705198e+03
2.063767780985739986e+00,2.836338730189737817e+03
2.063767780985739986e+00,2.836338730189737817e+03
2.073710783933820245e+00,2.833774468827266446e+03
2.073710783933820245e+00,2.833774468827266446e+03
2.083653786881910275e+00,2.834144844587764055e+03
2.083653786881910275e+00,2.834144844587764055e+03
2.093596789829999860e+00,2.836645087749476716e+03
2.093596789829999860e+00,2.836645087749476716e+03
2.103539792778080120e+00,2.838663776344008056e+03
2.103539792778080120e+00,2.838663776344008056e+03
2.113482795726170149e+00,2.837831505017395557e+03
2.113482795726170149e+00,2.837831505017395557e+03
2.123425798674260179e+00,2.836523127992268655e+03
2.123425798674260179e+00,2.836523127992268655e+03
2.133368801622339994e+00,2.836804310179954427e+03
2.133368801622339994e+00,2.836804310179954427e+03
2.143311804570430024e+00,2.837331293260484017e+03
2.143311804570430024e+00,2.837331293260484017e+03
2.153254807518520053e+00,2.837301045565927780e+03
2.153254807518520053e+00,2.837301045565927780e+03
2.163197810466610083e+00,2.837117430835083269e+03
2.163197810466610083e+00,2.837117430835083269e+03
2.173140813414689898e+00,2.836976296905504114e+03
2.173140813414689898e+00,2.836976296905504114e+03
2.183083816362779928e+00,2.836531798824934867e+03
2.183083816362779928e+00,2.836531798824934867e+03
2.193026819310869957e+00,2.835331705888041142e+03
2.193026819310869957e+00,2.835331705888041142e+03
2.202969822258950217e+00,2.833442116869083748e+03
2.202969822258950217e+00,2.833442116869083748e+03
2.212912825207040246e+00,2.833056117705561519e+03
2.212912825207040246e+00,2.833056117705561519e+03
2.222855828155129831e+00,2.833585549657443153e+03
2.222855828155129831e+00,2.833585549657443153e+03
2.232798831103210091e+00,2.835295664072612908e+03
2.232798831103210091e+00,2.835295664072612908e+03
2.242741834051300120e+00,2.836508940068163156e+03
2.242741834051300120e+00,2.836508940068163156e+03
2.252684836999390150e+00,2.835492686861286984e+03
2.252684836999390150e+00,2.835492686861286984e+03
2.262627839947469965e+00,2.832841534375776973e+03
2.262627839947469965e+00,2.832841534375776973e+03
2.272570842895559995e+00,2.832135490197003492e+03
2.272570842895559995e+00,2.832135490197003492e+03
2.282513845843650024e+00,2.833595759895274568e+03
2.282513845843650024e+00,2.833595759895274568e+03
2.292456848791729840e+00,2.836441966071824027e+03
2.292456848791729840e+00,2.836441966071824027e+03
2.302399851739819869e+00,2.837851664881993656e+03
2.302399851739819869e+00,2.837851664881993656e+03
2.312342854687909899e+00,2.837552903577508005e+03
2.312342854687909899e+00,2.837552903577508005e+03
2.322285857635990158e+00,2.837577202753952406e+03
2.322285857635990158e+00,2.837577202753952406e+03
2.332228860584080188e+00,2.837411782779298846e+03
2.332228860584080188e+00,2.837411782779298846e+03
2.342171863532169773e+00,2.836637592536611919e+03
2.342171863532169773e+00,2.836637592536611919e+03
2.352114866480250033e+00,2.835831929200232935e+03
2.352114866480250033e+00,2.835831929200232935e+03
2.362057869428340062e+00,2.836313481764470907e+03
2.362057869428340062e+00,2.836313481764470907e+03
2.372000872376430092e+00,2.837972974207428706e+03
2.372000872376430092e+00,2.837972974207428706e+03
2.381943875324509907e+00,2.838956583079673237e+03
2.381943875324509907e+00,2.838956583079673237e+03
2.391886878272599937e+00,2.838716538699150533e+03
2.391886878272599937e+00,2.838716538699150533e+03
2.401829881220689966e+00,2.838782512400333417e+03
2.401829881220689966e+00,2.838782512400333417e+03
2.411772884168769782e+00,2.838370540904981226e+03
2.411772884168769782e+00,2.838370540904981226e+03
2.421715887116859811e+00,2.839078676483904474e+03
2.421715887116859811e+00,2.839078676483904474e+03
2.431658890064949841e+00,2.838306900528968072e+03
2.431658890064949841e+00,2.838306900528968072e+03
2.441601893013030100e+00,2.836603135001620558e+03
2.441601893013030100e+00,2.836603135001620558e+03
2.451544895961120130e+00,2.835546624743614757e+03
2.451544895961120130e+00,2.835546624743614757e+03
2.461487898909210159e+00,2.835775509863192838e+03
2.461487898909210159e+00,2.835775509863192838e+03
2.471430901857289975e+00,2.836188606391246140e+03
2.471430901857289975e+00,2.836188606391246140e+03
2.481373904805380004e+00,2.837089834007287209e+03
2.481373904805380004e+00,2.837089834007287209e+03
2.491316907753470034e+00,2.838482412215577369e+03
2.491316907753470034e+00,2.838482412215577369e+03
2.501259910701549849e+00,2.839191225117657723e+03
2.501259910701549849e+00,2.839191225117657723e+03
2.511202913649639878e+00,2.838695397157325715e+03
2.511202913649639878e+00,2.838695397157325715e+03
2.521145916597729908e+00,2.836921017897280308e+03
2.521145916597729908e+00,2.836921017897280308e+03
2.531088919545809723e+00,2.833619814310572565e+03
2.531088919545809723e+00,2.833619814310572565e+03
2.541031922493899753e+00,2.830466943044953496e+03
2.541031922493899753e+00,2.830466943044953496e+03
2.550616204640280049e+00,2.830526392174785997e+03
2.550616204640280049e+00,2.830526392174785997e+03
2.558538452179189626e+00,2.831362245728975722e+03
2.558538452179189626e+00,2.831362245728975722e+03
2.565630299088200061e+00,2.832086661541773083e+03
2.565630299088200061e+00,2.832086661541773083e+03
2.572722145997200283e+00,2.831915100551070736e+03
2.572722145997200283e+00,2.831915100551070736e+03
2.579297857677469885e+00,2.831774006649930470e+03
2.579297857677469885e+00,2.831774006649930470e+03
2.583957632186120179e+00,2.831937384765815295e+03
2.583957632186120179e+00,2.831937384765815295e+03
2.587907686415519937e+00,2.832380700996096039e+03
2.587907686415519937e+00,2.832380700996096039e+03
2.591847600946220354e+00,2.833104342458267183e+03
2.591847600946220354e+00,2.833104342458267183e+03
2.595626214440799995e+00,2.833920045841633964e+03
2.595626214440799995e+00,2.833920045841633964e+03
2.599228477322089947e+00,2.834697026558523248e+03
2.599228477322089947e+00,2.834697026558523248e+03
2.602826603920640025e+00,2.835377668267313766e+03
2.602826603920640025e+00,2.835377668267313766e+03
2.606418662763299920e+00,2.835882600585177897e+03
2.606418662763299920e+00,2.835882600585177897e+03
2.609921406294759993e+00,2.836142522258397094e+03
2.609921406294759993e+00,2.836142522258397094e+03
2.613344401164889863e+00,2.836124141903364944e+03
2.613344401164889863e+00,2.836124141903364944e+03
2.616681175145569860e+00,2.835965282586835656e+03
2.616681175145569860e+00,2.835965282586835656e+03
2.619943545836049825e+00,2.835701524248771420e+03
2.619943545836049825e+00,2.835701524248771420e+03
2.623125614604230105e+00,2.835443385576828405e+03
2.623125614604230105e+00,2.835443385576828405e+03
2.626222566805300307e+00,2.835249017266650299e+03
2.626222566805300307e+00,2.835249017266650299e+03
2.629257247179729973e+00,2.835008623881159110e+03
2.629257247179729973e+00,2.835008623881159110e+03
2.632195173270059918e+00,2.834598774896046052e+03
2.632195173270059918e+00,2.834598774896046052e+03
2.635094723135679828e+00,2.833952209486397351e+03
2.635094723135679828e+00,2.833952209486397351e+03
2.637886241695569733e+00,2.833123837699896740e+03
2.637886241695569733e+00,2.833123837699896740e+03
2.640639209290260414e+00,2.832187281672946028e+03
2.640639209290260414e+00,2.832187281672946028e+03
2.643316685800420007e+00,2.831261989821026873e+03
2.643316685800420007e+00,2.831261989821026873e+03
2.645901578095650297e+00,2.830511739230101284e+03
2.645901578095650297e+00,2.830511739230101284e+03
2.648470741925770255e+00,2.830040535152933444e+03
2.648470741925770255e+00,2.830040535152933444e+03
2.650935792843600147e+00,2.829842770800593826e+03
2.650935792843600147e+00,2.829842770800593826e+03
2.653331252015500130e+00,2.829719975184236773e+03
2.653331252015500130e+00,2.829719975184236773e+03
2.655704434494110089e+00,2.829530171099669133e+03
2.655704434494110089e+00,2.829530171099669133e+03
2.657982157687570179e+00,2.829231549359619748e+03
2.657982157687570179e+00,2.829231549359619748e+03
2.660206904536710493e+00,2.828848595320172080e+03
2.660206904536710493e+00,2.828848595320172080e+03
2.662421741296960409e+00,2.828441727349419580e+03
2.662421741296960409e+00,2.828441727349419580e+03
2.664539803502290027e+00,2.828059568401817614e+03
2.664539803502290027e+00,2.828059568401817614e+03
2.666590547390490062e+00,2.827690880981791906e+03
2.666590547390490062e+00,2.827690880981791906e+03
2.668641291278699867e+00,2.827362138904435596e+03
2.668641291278699867e+00,2.827362138904435596e+03
2.670644622970619775e+00,2.827152368729881800e+03
2.670644622970619775e+00,2.827152368729881800e+03
2.672583194225619962e+00,2.827067223378170638e+03
2.672583194225619962e+00,2.827067223378170638e+03
2.674492283236810319e+00,2.827038521395385487e+03
2.674492283236810319e+00,2.827038521395385487e+03
2.676376965991480006e+00,2.827014819135191374e+03
2.676376965991480006e+00,2.827014819135191374e+03
2.678207169729660109e+00,2.826977479492838029e+03
2.678207169729660109e+00,2.826977479492838029e+03
2.680000865935240117e+00,2.826922909335588884e+03
2.680000865935240117e+00,2.826922909335588884e+03
2.681739425231139951e+00,2.826850452478515308e+03
2.681739425231139951e+00,2.826850452478515308e+03
2.683445199372640477e+00,2.826750040751301640e+03
2.683445199372640477e+00,2.826750040751301640e+03
2.685093878365939712e+00,2.826616455182444042e+03
2.685093878365939712e+00,2.826616455182444042e+03
2.686709485782079909e+00,2.826447442770113867e+03
2.686709485782079909e+00,2.826447442770113867e+03
2.688276236377720174e+00,2.826253645055021025e+03
2.688276236377720174e+00,2.826253645055021025e+03
2.689809880144740095e+00,2.826051630414553074e+03
2.689809880144740095e+00,2.826051630414553074e+03
2.691303000389620337e+00,2.825871987073842320e+03
2.691303000389620337e+00,2.825871987073842320e+03
2.692753303583359958e+00,2.825741050543107576e+03
2.692753303583359958e+00,2.825741050543107576e+03
2.694184066653890319e+00,2.825667486080282742e+03
2.694184066653890319e+00,2.825667486080282742e+03
2.695559224485669869e+00,2.825648213011289954e+03
2.695559224485669869e+00,2.825648213011289954e+03
2.696919066247839947e+00,2.825670103860415111e+03
2.696919066247839947e+00,2.825670103860415111e+03
2.698242878200189931e+00,2.825716556313368528e+03
2.698242878200189931e+00,2.825716556313368528e+03
2.699524744113070085e+00,2.825771710517799875e+03
2.699524744113070085e+00,2.825771710517799875e+03
2.700794850480469744e+00,2.825823043395803779e+03
2.700794850480469744e+00,2.825823043395803779e+03
2.702018354960769919e+00,2.825860186986384633e+03
2.702018354960769919e+00,2.825860186986384633e+03
2.703211515677240051e+00,2.825881768720893433e+03
2.703211515677240051e+00,2.825881768720893433e+03
2.704389683878960060e+00,2.825893645231567916e+03
2.704389683878960060e+00,2.825893645231567916e+03
2.705520708862910073e+00,2.825906673081749432e+03
2.705520708862910073e+00,2.825906673081749432e+03
2.706626868010939990e+00,2.825927078798716138e+03
2.706626868010939990e+00,2.825927078798716138e+03
2.707730034395090080e+00,2.825955074977448476e+03
2.707730034395090080e+00,2.825955074977448476e+03
2.708808295170479941e+00,2.825985336866620401e+03
2.708808295170479941e+00,2.825985336866620401e+03
2.709857049194969836e+00,2.826008855705999395e+03
2.709857049194969836e+00,2.826008855705999395e+03
2.710880164529370084e+00,2.826013739727391567e+03
2.710880164529370084e+00,2.826013739727391567e+03
2.711880282471240466e+00,2.825997129675308770e+03
2.711880282471240466e+00,2.825997129675308770e+03
2.712856663759880327e+00,2.825968013447703015e+03
2.712856663759880327e+00,2.825968013447703015e+03
2.713808000174490420e+00,2.825941729822043271e+03
2.713808000174490420e+00,2.825941729822043271e+03
2.714740517908559969e+00,2.825930636447189499e+03
2.714740517908559969e+00,2.825930636447189499e+03
2.715649543994709703e+00,2.825940836882381973e+03
2.715649543994709703e+00,2.825940836882381973e+03
2.716537658727159688e+00,2.825970399825110235e+03
2.716537658727159688e+00,2.825970399825110235e+03
2.717394612488889916e+00,2.826014733295359292e+03
2.717394612488889916e+00,2.826014733295359292e+03
2.718232125306160096e+00,2.826069798164040094e+03
2.718232125306160096e+00,2.826069798164040094e+03
2.719047739652070028e+00,2.826131261525224090e+03
2.719047739652070028e+00,2.826131261525224090e+03
2.719846476888929665e+00,2.826195934199034582e+03
2.719846476888929665e+00,2.826195934199034582e+03
2.720626101235940286e+00,2.826260511969393974e+03
2.720626101235940286e+00,2.826260511969393974e+03
2.721390429916550335e+00,2.826323061515238805e+03
2.721390429916550335e+00,2.826323061515238805e+03
2.722133667340350005e+00,2.826378592219007260e+03
2.722133667340350005e+00,2.826378592219007260e+03
2.722855010770820261e+00,2.826428491692129228e+03
2.722855010770820261e+00,2.826428491692129228e+03
2.723565335232380313e+00,2.826472655902364750e+03
2.723565335232380313e+00,2.826472655902364750e+03
2.724251836935160043e+00,2.826510510667050767e+03
2.724251836935160043e+00,2.826510510667050767e+03
2.724927992826569945e+00,2.826543000262141049e+03
2.724927992826569945e+00,2.826543000262141049e+03
2.725581827685450431e+00,2.826569129962957504e+03
2.725581827685450431e+00,2.826569129962957504e+03
2.726216077672910298e+00,2.826587891617632067e+03
2.726216077672910298e+00,2.826587891617632067e+03
2.726848081959119874e+00,2.826596165815719814e+03
2.726848081959119874e+00,2.826596165815719814e+03
2.727459514581270117e+00,2.826586486905566744e+03
2.727459514581270117e+00,2.826586486905566744e+03
2.728053486615220180e+00,2.826545266709649695e+03
2.728053486615220180e+00,2.826545266709649695e+03
2.728639679214500013e+00,2.826431150498486659e+03
2.728639679214500013e+00,2.826431150498486659e+03
2.729209396783499830e+00,2.826163000081897735e+03
2.729209396783499830e+00,2.826163000081897735e+03
2.729768025457830039e+00,2.825909848045229410e+03
2.729768025457830039e+00,2.825909848045229410e+03
2.730316009968650093e+00,2.825993536030369341e+03
2.730316009968650093e+00,2.825993536030369341e+03
2.730847976921189968e+00,2.826304428232384453e+03
2.730847976921189968e+00,2.826304428232384453e+03
2.731365066471870051e+00,2.825988595506065394e+03
2.731365066471870051e+00,2.825988595506065394e+03
2.731870095081640137e+00,2.824789579205611517e+03
2.731870095081640137e+00,2.824789579205611517e+03
2.732363391397010233e+00,2.823727383963277589e+03
2.732363391397010233e+00,2.823727383963277589e+03
2.732848016687480008e+00,2.829829584497640553e+03
2.732848016687480008e+00,2.829829584497640553e+03
2.733319463982410102e+00,2.868228193891338833e+03
2.733319463982410102e+00,2.868228193891338833e+03
2.733777072879330028e+00,3.020750113473302008e+03
2.733777072879330028e+00,3.020750113473302008e+03
2.734222196871310295e+00,3.390513303191816703e+03
2.734222196871310295e+00,3.390513303191816703e+03
2.734655057345929841e+00,3.993330961695896349e+03
2.734655057345929841e+00,3.993330961695896349e+03
2.735077629889320239e+00,4.620009330959366707e+03
2.735077629889320239e+00,4.620009330959366707e+03
2.735492860414310279e+00,5.150772621271780736e+03
2.735492860414310279e+00,5.150772621271780736e+03
2.735897521261860366e+00,5.626210995858549722e+03
2.735897521261860366e+00,5.626210995858549722e+03
2.736294188981100106e+00,6.111540584788964225e+03
2.736294188981100106e+00,6.111540584788964225e+03
2.736679972303369901e+00,6.589506096789406911e+03
2.736679972303369901e+00,6.589506096789406911e+03
2.737052827881550243e+00,7.080929238256912868e+03
2.737052827881550243e+00,7.080929238256912868e+03
2.737419439264510146e+00,7.576686620616184882e+03
2.737419439264510146e+00,7.576686620616184882e+03
2.737778246968570084e+00,8.077242729370585948e+03
2.737778246968570084e+00,8.077242729370585948e+03
2.738130361195000084e+00,8.554807663442745252e+03
2.738130361195000084e+00,8.554807663442745252e+03
2.738470955070030133e+00,8.992776076809948790e+03
2.738470955070030133e+00,8.992776076809948790e+03
2.738802248742400192e+00,9.381304827402702358e+03
2.738802248742400192e+00,9.381304827402702358e+03
2.739130254040800239e+00,9.727699681271349618e+03
2.739130254040800239e+00,9.727699681271349618e+03
2.739453529502850149e+00,1.002929958008524954e+04
2.739453529502850149e+00,1.002929958008524954e+04
2.739768575780300086e+00,1.028148356052018062e+04
2.739768575780300086e+00,1.028148356052018062e+04
2.740073977569620123e+00,1.049237246046251857e+04
2.740073977569620123e+00,1.049237246046251857e+04
2.740370168727719768e+00,1.067100347509079620e+04
2.740370168727719768e+00,1.067100347509079620e+04
2.740659063617510327e+00,1.082057784450584222e+04
2.740659063617510327e+00,1.082057784450584222e+04
2.740943065908780341e+00,1.095444364962338477e+04
2.740943065908780341e+00,1.095444364962338477e+04
2.741221149836870374e+00,1.110765361105391457e+04
2.741221149836870374e+00,1.110765361105391457e+04
2.741491671999670032e+00,1.138880697999201766e+04
2.741491671999670032e+00,1.138880697999201766e+04
2.741754215402199879e+00,1.189631126243001745e+04
2.741754215402199879e+00,1.189631126243001745e+04
2.742009805127940236e+00,1.305775144710252971e+04
2.742009805127940236e+00,1.305775144710252971e+04
2.742260400000110288e+00,1.352162092910872343e+04
2.742260400000110288e+00,1.352162092910872343e+04
2.742447114328550040e+00,1.275199133078206069e+04
2.742447114328550040e+00,1.275199133078206069e+04
2.742636637053299964e+00,1.269502709172978939e+04
2.742636637053299964e+00,1.269502709172978939e+04
2.742831570585160250e+00,1.313767970073454489e+04
2.742831570585160250e+00,1.313767970073454489e+04
2.743031014998140282e+00,1.398705205132507581e+04
2.743031014998140282e+00,1.398705205132507581e+04
2.743237762305040128e+00,1.507473277597299239e+04
2.743237762305040128e+00,1.507473277597299239e+04
2.743448385158800296e+00,1.631054098819223509e+04
2.743448385158800296e+00,1.631054098819223509e+04
2.743663611133989821e+00,1.767194760019104797e+04
2.743663611133989821e+00,1.767194760019104797e+04
2.743885083509990164e+00,1.915374549259182459e+04
2.743885083509990164e+00,1.915374549259182459e+04
2.744112987095399969e+00,2.075629002959605350e+04
2.744112987095399969e+00,2.075629002959605350e+04
2.744346706824469795e+00,2.247415936969466202e+04
2.744346706824469795e+00,2.247415936969466202e+04
2.744585398816489885e+00,2.431915746681601740e+04
2.744585398816489885e+00,2.431915746681601740e+04
2.744829348352130438e+00,2.628999455387537091e+04
2.744829348352130438e+00,2.628999455387537091e+04
2.745079401732979818e+00,2.839053473284122447e+04
2.745079401732979818e+00,2.839053473284122447e+04
2.745336895162010293e+00,3.063169569448153561e+04
2.745336895162010293e+00,3.063169569448153561e+04
2.745597728577080066e+00,3.295275179187847971e+04
2.745597728577080066e+00,3.295275179187847971e+04
2.745859017842890104e+00,3.531303857102280745e+04
2.745859017842890104e+00,3.531303857102280745e+04
2.746130316016120343e+00,3.779776976475729316e+04
2.746130316016120343e+00,3.779776976475729316e+04
2.746414269948670217e+00,4.042947266932528146e+04
2.746414269948670217e+00,4.042947266932528146e+04
2.746698391827389951e+00,4.308743350261075102e+04
2.746698391827389951e+00,4.308743350261075102e+04
2.746989836239719818e+00,4.582853857934560801e+04
2.746989836239719818e+00,4.582853857934560801e+04
2.747294722867870131e+00,4.875729351314665109e+04
2.747294722867870131e+00,4.875729351314665109e+04
2.747602249420890264e+00,5.174326701622681139e+04
2.747602249420890264e+00,5.174326701622681139e+04
2.747917060235220088e+00,5.476462096287505119e+04
2.747917060235220088e+00,5.476462096287505119e+04
2.748244720945050013e+00,5.782803504394478659e+04
2.748244720945050013e+00,5.782803504394478659e+04
2.748576758327220038e+00,6.087719146038817416e+04
2.748576758327220038e+00,6.087719146038817416e+04
2.748917028770990090e+00,6.396964805158993113e+04
2.748917028770990090e+00,6.396964805158993113e+04
2.749264800941809916e+00,6.710410584442105028e+04
2.749264800941809916e+00,6.710410584442105028e+04
2.749622866988600034e+00,7.033643204520305153e+04
2.749622866988600034e+00,7.033643204520305153e+04
2.749992453227589895e+00,7.357693293374995119e+04
2.749992453227589895e+00,7.357693293374995119e+04
2.750370419239559716e+00,7.661453429209972091e+04
2.750370419239559716e+00,7.661453429209972091e+04
2.750760507708339908e+00,7.941386121580489271e+04
2.750760507708339908e+00,7.941386121580489271e+04
2.751157471371270091e+00,8.211117436771209759e+04
2.751157471371270091e+00,8.211117436771209759e+04
2.751563529389879914e+00,8.490513670281290251e+04
2.751563529389879914e+00,8.490513670281290251e+04
2.751978975539219885e+00,8.793087578765628859e+04
2.751978975539219885e+00,8.793087578765628859e+04
2.752408146833809965e+00,9.128269207246738370e+04
2.752408146833809965e+00,9.128269207246738370e+04
2.752845955156070001e+00,9.481606318009828101e+04
2.752845955156070001e+00,9.481606318009828101e+04
2.753297208460429690e+00,9.834074032765348966e+04
2.753297208460429690e+00,9.834074032765348966e+04
2.753753665941710338e+00,1.016800598041330668e+05
2.753753665941710338e+00,1.016800598041330668e+05
2.754210123422990097e+00,1.046883496277068480e+05
2.754210123422990097e+00,1.046883496277068480e+05
2.754678188773999725e+00,1.073364677753277501e+05
2.754678188773999725e+00,1.073364677753277501e+05
2.755177515629509966e+00,1.098033058451165853e+05
2.755177515629509966e+00,1.098033058451165853e+05
2.755685208284370358e+00,1.122954526725803298e+05
2.755685208284370358e+00,1.122954526725803298e+05
2.756193424880959864e+00,1.150100493954654376e+05
2.756193424880959864e+00,1.150100493954654376e+05
2.756719629730319809e+00,1.181701630361189164e+05
2.756719629730319809e+00,1.181701630361189164e+05
2.757263578131690096e+00,1.218657006477658870e+05
2.757263578131690096e+00,1.218657006477658870e+05
2.757808619644309900e+00,1.259858886186075397e+05
2.757808619644309900e+00,1.259858886186075397e+05
2.758369463716000336e+00,1.303645198090767371e+05
2.758369463716000336e+00,1.303645198090767371e+05
2.758958697838350016e+00,1.344194220322785259e+05
2.758958697838350016e+00,1.344194220322785259e+05
2.759555515064350040e+00,1.377391536987304280e+05
2.759555515064350040e+00,1.377391536987304280e+05
2.760161362612090219e+00,1.405042756771075365e+05
2.760161362612090219e+00,1.405042756771075365e+05
2.760789271926520350e+00,1.430979472504580335e+05
2.760789271926520350e+00,1.430979472504580335e+05
2.761429480826860239e+00,1.457538414340161253e+05
2.761429480826860239e+00,1.457538414340161253e+05
2.762084559676699858e+00,1.487555088698571490e+05
2.762084559676699858e+00,1.487555088698571490e+05
2.762760231047120207e+00,1.524340506756122923e+05
2.762760231047120207e+00,1.524340506756122923e+05
2.763452427787770116e+00,1.567807261654837348e+05
2.763452427787770116e+00,1.567807261654837348e+05
2.764161134510620066e+00,1.613044461313236388e+05
2.764161134510620066e+00,1.613044461313236388e+05
2.764889718520409989e+00,1.651513263433522079e+05
2.764889718520409989e+00,1.651513263433522079e+05
2.765638363404860023e+00,1.679142362639197090e+05
2.765638363404860023e+00,1.679142362639197090e+05
2.766399735610109989e+00,1.697383619993686443e+05
2.766399735610109989e+00,1.697383619993686443e+05
2.767184266079089738e+00,1.711252764828482759e+05
2.767184266079089738e+00,1.711252764828482759e+05
2.767981790002740361e+00,1.725750684786859492e+05
2.767981790002740361e+00,1.725750684786859492e+05
2.768784084392569955e+00,1.744673143445895112e+05
2.768784084392569955e+00,1.744673143445895112e+05
2.769588384297990036e+00,1.771091733244324860e+05
2.769588384297990036e+00,1.771091733244324860e+05
2.770425651084080343e+00,1.806955783118444961e+05
2.770425651084080343e+00,1.806955783118444961e+05
2.771306266623310144e+00,1.846552471153615334e+05
2.771306266623310144e+00,1.846552471153615334e+05
2.772191235562219802e+00,1.875364740601975063e+05
2.772191235562219802e+00,1.875364740601975063e+05
2.773076204501120134e+00,1.888642148605211987e+05
2.773076204501120134e+00,1.888642148605211987e+05
2.773994150047460305e+00,1.890704630391043320e+05
2.773994150047460305e+00,1.890704630391043320e+05
2.774967113373029814e+00,1.892657262253410590e+05
2.774967113373029814e+00,1.892657262253410590e+05
2.775949896083739876e+00,1.898773982876559021e+05
2.775949896083739876e+00,1.898773982876559021e+05
2.776938273447969951e+00,1.909137683506831818e+05
2.776938273447969951e+00,1.909137683506831818e+05
2.777969700441110135e+00,1.919194054091044527e+05
2.777969700441110135e+00,1.919194054091044527e+05
2.779038127046470130e+00,1.918647627999939141e+05
2.779038127046470130e+00,1.918647627999939141e+05
2.780110675856270142e+00,1.913068985092819494e+05
2.780110675856270142e+00,1.913068985092819494e+05
2.781212384074120081e+00,1.907653757966407866e+05
2.781212384074120081e+00,1.907653757966407866e+05
2.782359248773510263e+00,1.913100504708290100e+05
2.782359248773510263e+00,1.913100504708290100e+05
2.783519821886029977e+00,1.933072867943427118e+05
2.783519821886029977e+00,1.933072867943427118e+05
2.784710677155039615e+00,1.966552011637284886e+05
2.784710677155039615e+00,1.966552011637284886e+05
2.785944262853589759e+00,2.000474836415891477e+05
2.785944262853589759e+00,2.000474836415891477e+05
2.787202240919839813e+00,2.020260077021387406e+05
2.787202240919839813e+00,2.020260077021387406e+05
2.788490388018829869e+00,2.017097749719010026e+05
2.788490388018829869e+00,2.017097749719010026e+05
2.789813672617520002e+00,2.004054370789072418e+05
2.789813672617520002e+00,2.004054370789072418e+05
2.791174018649940081e+00,1.983309382619516691e+05
2.791174018649940081e+00,1.983309382619516691e+05
2.792567953109200030e+00,1.963891344767789706e+05
2.792567953109200030e+00,1.963891344767789706e+05
2.793993756491960134e+00,1.953042573969491350e+05
2.793993756491960134e+00,1.953042573969491350e+05
2.795464044782119739e+00,1.954370322947827808e+05
2.795464044782119739e+00,1.954370322947827808e+05
2.796949862187930069e+00,1.958508842552648275e+05
2.796949862187930069e+00,1.958508842552648275e+05
2.798435679593730185e+00,1.966176333968163526e+05
2.798435679593730185e+00,1.966176333968163526e+05
2.799921496999530302e+00,1.978502806290704757e+05
2.799921496999530302e+00,1.978502806290704757e+05
2.801472633105220211e+00,1.995621854841414606e+05
2.801472633105220211e+00,1.995621854841414606e+05
2.803126706225980147e+00,2.014158331163731054e+05
2.803126706225980147e+00,2.014158331163731054e+05
2.804794175182089955e+00,2.018936411878408981e+05
2.804794175182089955e+00,2.018936411878408981e+05
2.806461644138189993e+00,2.010522950915859838e+05
2.806461644138189993e+00,2.010522950915859838e+05
2.808157658573729787e+00,1.994019078020802990e+05
2.808157658573729787e+00,1.994019078020802990e+05
2.809979456756320104e+00,1.981296732561154640e+05
2.809979456756320104e+00,1.981296732561154640e+05
2.811847207686319905e+00,1.984892450246812659e+05
2.811847207686319905e+00,1.984892450246812659e+05
2.813714958616329920e+00,1.995566720581195841e+05
2.813714958616329920e+00,1.995566720581195841e+05
2.815616767932609843e+00,2.000962715383619361e+05
2.815616767932609843e+00,2.000962715383619361e+05
2.817615605759830277e+00,1.991999661125959537e+05
2.817615605759830277e+00,1.991999661125959537e+05
2.819651035687960050e+00,1.972618145664025506e+05
2.819651035687960050e+00,1.972618145664025506e+05
2.821697795362060113e+00,1.952954095599394641e+05
2.821697795362060113e+00,1.952954095599394641e+05
2.823821806121380451e+00,1.953376745874352055e+05
2.823821806121380451e+00,1.953376745874352055e+05
2.826029394378970050e+00,1.960643224484777311e+05
2.826029394378970050e+00,1.960643224484777311e+05
2.828257809597650052e+00,1.969440344893540023e+05
2.828257809597650052e+00,1.969440344893540023e+05
2.830540513794379986e+00,1.966267803825660958e+05
2.830540513794379986e+00,1.966267803825660958e+05
2.832898393699350148e+00,1.956703703789572173e+05
2.832898393699350148e+00,1.956703703789572173e+05
2.835297465916580162e+00,1.947334988920671167e+05
2.835297465916580162e+00,1.947334988920671167e+05
2.837758860786660176e+00,1.949463326878988591e+05
2.837758860786660176e+00,1.949463326878988591e+05
2.840297578671720391e+00,1.955941215192758536e+05
2.840297578671720391e+00,1.955941215192758536e+05
2.842886434311520105e+00,1.956751863792945805e+05
2.842886434311520105e+00,1.956751863792945805e+05
2.845489820508540380e+00,1.951974296692514326e+05
2.845489820508540380e+00,1.951974296692514326e+05
2.848173149887069933e+00,1.944005722787070845e+05
2.848173149887069933e+00,1.944005722787070845e+05
2.850930487189670348e+00,1.937002618616128166e+05
2.850930487189670348e+00,1.937002618616128166e+05
2.853687866343630031e+00,1.927712375328767812e+05
2.853687866343630031e+00,1.927712375328767812e+05
2.856477416615110343e+00,1.911817104079878482e+05
2.856477416615110343e+00,1.911817104079878482e+05
2.859396957338049994e+00,1.886489252759375377e+05
2.859396957338049994e+00,1.886489252759375377e+05
2.862889962241769837e+00,1.886636872910446546e+05
2.862889962241769837e+00,1.886636872910446546e+05
2.867573645501319657e+00,1.901068493925622897e+05
2.867573645501319657e+00,1.901068493925622897e+05
2.872536928471000284e+00,1.898102705056002305e+05
2.872536928471000284e+00,1.898102705056002305e+05
2.877500211440680022e+00,1.880658942146708141e+05
2.877500211440680022e+00,1.880658942146708141e+05
2.882547140121179741e+00,1.857783243665327609e+05
2.882547140121179741e+00,1.857783243665327609e+05
2.888583312958969973e+00,1.813690657203489391e+05
2.888583312958969973e+00,1.813690657203489391e+05
2.894146344953940186e+00,1.740015707236853777e+05
2.894146344953940186e+00,1.740015707236853777e+05
2.898167104272080241e+00,1.660760321376566717e+05
2.898167104272080241e+00,1.660760321376566717e+05
2.902687025853049718e+00,1.544773728641322523e+05
2.902687025853049718e+00,1.544773728641322523e+05
2.907268017622250067e+00,1.420275985358895268e+05
2.907268017622250067e+00,1.420275985358895268e+05
2.911279516836970060e+00,1.319072103308090882e+05
2.911279516836970060e+00,1.319072103308090882e+05
2.915005706215449965e+00,1.237797678001465538e+05
2.915005706215449965e+00,1.237797678001465538e+05
2.918731895593920100e+00,1.170175639479436068e+05
2.918731895593920100e+00,1.170175639479436068e+05
2.922458084972390235e+00,1.114904170474700804e+05
2.922458084972390235e+00,1.114904170474700804e+05
2.926184274350870140e+00,1.071209519157357863e+05
2.926184274350870140e+00,1.071209519157357863e+05
2.929910463729339831e+00,1.037521816383498954e+05
2.929910463729339831e+00,1.037521816383498954e+05
2.933636653107820180e+00,1.012108667499110888e+05
2.933636653107820180e+00,1.012108667499110888e+05
2.937362842486289871e+00,9.945703502332765493e+04
2.937362842486289871e+00,9.945703502332765493e+04
2.941089031864760006e+00,9.812353643145895330e+04
2.941089031864760006e+00,9.812353643145895330e+04
2.944815221243240355e+00,9.789546309344576730e+04
2.944815221243240355e+00,9.789546309344576730e+04
2.948541410621710046e+00,9.465241369782638503e+04
2.948541410621710046e+00,9.465241369782638503e+04
2.952267600000190395e+00,2.898435072400738500e+04
2.952267600000190395e+00,2.898435072400738500e+04
2.957259380721080078e+00,8.411591904591601633e+03
2.957259380721080078e+00,8.411591904591601633e+03
2.962251161441970204e+00,5.516489103750172944e+03
2.962251161441970204e+00,5.516489103750172944e+03
2.967242942162859887e+00,4.182293305804306328e+03
2.967242942162859887e+00,4.182293305804306328e+03
2.972234722883750013e+00,3.535968417394565677e+03
2.972234722883750013e+00,3.535968417394565677e+03
2.977226503604640140e+00,3.124290844422351711e+03
2.977226503604640140e+00,3.124290844422351711e+03
2.982218284325530266e+00,2.813371353872590589e+03
2.982218284325530266e+00,2.813371353872590589e+03
2.987210065046419949e+00,2.584312283932249102e+03
2.987210065046419949e+00,2.584312283932249102e+03
2.992201845767319845e+00,2.430383001993820926e+03
2.992201845767319845e+00,2.430383001993820926e+03
2.997193626488210416e+00,2.323914058711139205e+03
2.997193626488210416e+00,2.323914058711139205e+03
3.002185407209100099e+00,2.238326698663562183e+03
3.002185407209100099e+00,2.238326698663562183e+03
3.007177187929990225e+00,2.156349007009998786e+03
3.007177187929990225e+00,2.156349007009998786e+03
3.012168968650879908e+00,2.070594733889449799e+03
3.012168968650879908e+00,2.070594733889449799e+03
3.017160749371770034e+00,1.982212766938300092e+03
3.017160749371770034e+00,1.982212766938300092e+03
3.022152530092660161e+00,1.895189945119182994e+03
3.022152530092660161e+00,1.895189945119182994e+03
3.027144310813560057e+00,1.812332468071700532e+03
3.027144310813560057e+00,1.812332468071700532e+03
3.032136091534449740e+00,1.733986230436824144e+03
3.032136091534449740e+00,1.733986230436824144e+03
3.037127872255340311e+00,1.660160545879574101e+03
3.037127872255340311e+00,1.660160545879574101e+03
3.042119652976229993e+00,1.590914300109447595e+03
3.042119652976229993e+00,1.590914300109447595e+03
3.047111433697120120e+00,1.526495512914661958e+03
3.047111433697120120e+00,1.526495512914661958e+03
3.052103214418009802e+00,1.467325440037016733e+03
3.052103214418009802e+00,1.467325440037016733e+03
3.057094995138899929e+00,1.413181145511579643e+03
3.057094995138899929e+00,1.413181145511579643e+03
3.062187013618610010e+00,1.363462020675854774e+03
3.062187013618610010e+00,1.363462020675854774e+03
3.068076179614620091e+00,1.311120109292815869e+03
3.068076179614620091e+00,1.311120109292815869e+03
3.074551258793229991e+00,1.257949693066022974e+03
3.074551258793229991e+00,1.257949693066022974e+03
3.082670259346629749e+00,1.197077923442909423e+03
3.082670259346629749e+00,1.197077923442909423e+03
3.092530688339690137e+00,1.132984691232067689e+03
3.092530688339690137e+00,1.132984691232067689e+03
3.102514245318469754e+00,1.077391227623014402e+03
3.102514245318469754e+00,1.077391227623014402e+03
3.112497802297260030e+00,1.027288722627256220e+03
3.112497802297260030e+00,1.027288722627256220e+03
3.122481359276040092e+00,9.809874146673308815e+02
3.122481359276040092e+00,9.809874146673308815e+02
3.132464916254819709e+00,9.393804249584878789e+02
3.132464916254819709e+00,9.393804249584878789e+02
3.142448473233600215e+00,9.010430290786448495e+02
3.142448473233600215e+00,9.010430290786448495e+02
3.152432030212380276e+00,8.656864436702862804e+02
3.152432030212380276e+00,8.656864436702862804e+02
3.162415587191159894e+00,8.332549783735056508e+02
3.162415587191159894e+00,8.332549783735056508e+02
3.172399144169939955e+00,8.047214132110262881e+02
3.172399144169939955e+00,8.047214132110262881e+02
3.182382701148720017e+00,7.787304393811876935e+02
3.182382701148720017e+00,7.787304393811876935e+02
3.192366258127500078e+00,7.549474699205286470e+02
3.192366258127500078e+00,7.549474699205286470e+02
3.202349815106280140e+00,7.332090018781985918e+02
3.202349815106280140e+00,7.332090018781985918e+02
3.212333372085060201e+00,7.131209613467450481e+02
3.212333372085060201e+00,7.131209613467450481e+02
3.222316929063839819e+00,6.950575599030132707e+02
3.222316929063839819e+00,6.950575599030132707e+02
3.232300486042619880e+00,6.792367257788972665e+02
3.232300486042619880e+00,6.792367257788972665e+02
3.242284043021399942e+00,6.613346723483728056e+02
3.242284043021399942e+00,6.613346723483728056e+02
3.252267600000190217e+00,6.360568410606588259e+02
3.252267600000190217e+00,6.360568410606588259e+02
