x,wallYPlus
1.000000000000000056e-01,5.738392260066976780e-01
1.000000000000000056e-01,5.738392260066976780e-01
1.010265438157619960e-01,2.578621868854943600e+00
1.010265438157619960e-01,2.578621868854943600e+00
1.021207931798090024e-01,2.137674192083464320e+00
1.021207931798090024e-01,2.137674192083464320e+00
1.033371481796459962e-01,1.928826225328216903e+00
1.033371481796459962e-01,1.928826225328216903e+00
1.046148245093160012e-01,1.765743700916360348e+00
1.046148245093160012e-01,1.765743700916360348e+00
1.059670006163390132e-01,1.635013746395032719e+00
1.059670006163390132e-01,1.635013746395032719e+00
1.074938823441529967e-01,1.534405405011499024e+00
1.074938823441529967e-01,1.534405405011499024e+00
1.091182224824290004e-01,1.448409155666760206e+00
1.091182224824290004e-01,1.448409155666760206e+00
1.109719718177360065e-01,1.402294887976843540e+00
1.109719718177360065e-01,1.402294887976843540e+00
1.129817993843540008e-01,1.370474608186264431e+00
1.129817993843540008e-01,1.370474608186264431e+00
1.151614554758359915e-01,1.354329304923060695e+00
1.151614554758359915e-01,1.354329304923060695e+00
1.173837184219140017e-01,1.330640428638226069e+00
1.173837184219140017e-01,1.330640428638226069e+00
1.197410282882690052e-01,1.312431045759398618e+00
1.197410282882690052e-01,1.312431045759398618e+00
1.225135399901400024e-01,1.288853412737320792e+00
1.225135399901400024e-01,1.288853412737320792e+00
1.254280322719749929e-01,1.263995369148290804e+00
1.254280322719749929e-01,1.263995369148290804e+00
1.286638926330040122e-01,1.241802338689084850e+00
1.286638926330040122e-01,1.241802338689084850e+00
1.321824615639179967e-01,1.215715420894827536e+00
1.321824615639179967e-01,1.215715420894827536e+00
1.360944256617589998e-01,1.191178219658288073e+00
1.360944256617589998e-01,1.191178219658288073e+00
1.403003105089310198e-01,1.173856261708842386e+00
1.403003105089310198e-01,1.173856261708842386e+00
1.445061953561020129e-01,1.154293717092046645e+00
1.445061953561020129e-01,1.154293717092046645e+00
1.490370973252269915e-01,1.134180098953245786e+00
1.490370973252269915e-01,1.134180098953245786e+00
1.539649000278680013e-01,1.120967324219716010e+00
1.539649000278680013e-01,1.120967324219716010e+00
1.589364037243509997e-01,1.108010582171455871e+00
1.589364037243509997e-01,1.108010582171455871e+00
1.639079074208329989e-01,1.093144175347461555e+00
1.639079074208329989e-01,1.093144175347461555e+00
1.688794111173160251e-01,1.079616252492204387e+00
1.688794111173160251e-01,1.079616252492204387e+00
1.738509148137979965e-01,1.071197629563472642e+00
1.738509148137979965e-01,1.071197629563472642e+00
1.788224185102799957e-01,1.062623082689442500e+00
1.788224185102799957e-01,1.062623082689442500e+00
1.837939222067629941e-01,1.052617442034372575e+00
1.837939222067629941e-01,1.052617442034372575e+00
1.887654259032449933e-01,1.044784132787454078e+00
1.887654259032449933e-01,1.044784132787454078e+00
1.937369295997279917e-01,1.039032173308179541e+00
1.937369295997279917e-01,1.039032173308179541e+00
1.987084332962099908e-01,1.033966627131589489e+00
1.987084332962099908e-01,1.033966627131589489e+00
2.036799369926930170e-01,1.027915305849472105e+00
2.036799369926930170e-01,1.027915305849472105e+00
2.086514406891749884e-01,1.020873145884545252e+00
2.086514406891749884e-01,1.020873145884545252e+00
2.136229443856580146e-01,1.013513692674766320e+00
2.136229443856580146e-01,1.013513692674766320e+00
2.185944480821410130e-01,1.009330444690559547e+00
2.185944480821410130e-01,1.009330444690559547e+00
2.235659517786230122e-01,1.006689254721433224e+00
2.235659517786230122e-01,1.006689254721433224e+00
2.285374554751059828e-01,1.003062676223194671e+00
2.285374554751059828e-01,1.003062676223194671e+00
2.335089591715890089e-01,9.986147732137558020e-01
2.335089591715890089e-01,9.986147732137558020e-01
2.384804628680720073e-01,9.931990151956205937e-01
2.384804628680720073e-01,9.931990151956205937e-01
2.434519665645550057e-01,9.861411089854230649e-01
2.434519665645550057e-01,9.861411089854230649e-01
2.484234702610370049e-01,9.782865625679955102e-01
2.484234702610370049e-01,9.782865625679955102e-01
2.533949739575199755e-01,9.712048814064544455e-01
2.533949739575199755e-01,9.712048814064544455e-01
2.583664776540030017e-01,9.662118582357700491e-01
2.583664776540030017e-01,9.662118582357700491e-01
2.633379813504860278e-01,9.627158358582098563e-01
2.633379813504860278e-01,9.627158358582098563e-01
2.683094850469679993e-01,9.592404165130012927e-01
2.683094850469679993e-01,9.592404165130012927e-01
2.732809887434510254e-01,9.558116276690823421e-01
2.732809887434510254e-01,9.558116276690823421e-01
2.782524924399339961e-01,9.527246583754694909e-01
2.782524924399339961e-01,9.527246583754694909e-01
2.832239961364169667e-01,9.496096941370734124e-01
2.832239961364169667e-01,9.496096941370734124e-01
2.881954998328999928e-01,9.461039788005547457e-01
2.881954998328999928e-01,9.461039788005547457e-01
2.931670035293820198e-01,9.420406219675102610e-01
2.931670035293820198e-01,9.420406219675102610e-01
2.981385072258649904e-01,9.377162250874780947e-01
2.981385072258649904e-01,9.377162250874780947e-01
3.031100109223480166e-01,9.337533578689264369e-01
3.031100109223480166e-01,9.337533578689264369e-01
3.080815146188310427e-01,9.306400476486660356e-01
3.080815146188310427e-01,9.306400476486660356e-01
3.130530183153130142e-01,9.282476634888529032e-01
3.130530183153130142e-01,9.282476634888529032e-01
3.180245220117960403e-01,9.257092350148249382e-01
3.180245220117960403e-01,9.257092350148249382e-01
3.229960257082790109e-01,9.226083817277428434e-01
3.229960257082790109e-01,9.226083817277428434e-01
3.279675294047619816e-01,9.192844999282034912e-01
3.279675294047619816e-01,9.192844999282034912e-01
3.329390331012450077e-01,9.163124125316264301e-01
3.329390331012450077e-01,9.163124125316264301e-01
3.379105367977269792e-01,9.141671170460864415e-01
3.379105367977269792e-01,9.141671170460864415e-01
3.448264197259359731e-01,9.118646657527726962e-01
3.448264197259359731e-01,9.118646657527726962e-01
3.518839811142560059e-01,9.097343160258860584e-01
3.518839811142560059e-01,9.097343160258860584e-01
3.568785309040770071e-01,9.084265459774876206e-01
3.568785309040770071e-01,9.084265459774876206e-01
3.618500346005599777e-01,9.074750203374881696e-01
3.618500346005599777e-01,9.074750203374881696e-01
3.668215382970430039e-01,9.070328213629216263e-01
3.668215382970430039e-01,9.070328213629216263e-01
3.717930419935260300e-01,9.070515383804479415e-01
3.717930419935260300e-01,9.070515383804479415e-01
3.767645456900080014e-01,9.073494980217017281e-01
3.767645456900080014e-01,9.073494980217017281e-01
3.817360493864899729e-01,9.077261211993724599e-01
3.817360493864899729e-01,9.077261211993724599e-01
3.867075530829720553e-01,9.080278870523929013e-01
3.867075530829720553e-01,9.080278870523929013e-01
3.916790567794540268e-01,9.082472353385587782e-01
3.916790567794540268e-01,9.082472353385587782e-01
3.966505604759359982e-01,9.085074481505450716e-01
3.966505604759359982e-01,9.085074481505450716e-01
4.016220641724180251e-01,9.087757698051697197e-01
4.016220641724180251e-01,9.087757698051697197e-01
4.065935678689009958e-01,9.089329181644207889e-01
4.065935678689009958e-01,9.089329181644207889e-01
4.115650715653830227e-01,9.089745186321955828e-01
4.115650715653830227e-01,9.089745186321955828e-01
4.165365752618649942e-01,9.089057129465805129e-01
4.165365752618649942e-01,9.089057129465805129e-01
4.215393458471000110e-01,9.086372044178294693e-01
4.215393458471000110e-01,9.086372044178294693e-01
4.272226001699550024e-01,9.080509553910000031e-01
4.272226001699550024e-01,9.080509553910000031e-01
4.334808781618890161e-01,9.071497306581484121e-01
4.334808781618890161e-01,9.071497306581484121e-01
4.397391561538229743e-01,9.061173250993604933e-01
4.397391561538229743e-01,9.061173250993604933e-01
4.459974341457560443e-01,9.049152923802494808e-01
4.459974341457560443e-01,9.049152923802494808e-01
4.522557121376900025e-01,9.035250738054334541e-01
4.522557121376900025e-01,9.035250738054334541e-01
4.585139901296240161e-01,9.019788536154621506e-01
4.585139901296240161e-01,9.019788536154621506e-01
4.647722681215580298e-01,9.002456067102330151e-01
4.647722681215580298e-01,9.002456067102330151e-01
4.710305461134919880e-01,8.984145406810537526e-01
4.710305461134919880e-01,8.984145406810537526e-01
4.772888241054250580e-01,8.965784883394284366e-01
4.772888241054250580e-01,8.965784883394284366e-01
4.830138312143579804e-01,8.949411462044297716e-01
4.830138312143579804e-01,8.949411462044297716e-01
4.880281959613129716e-01,8.936029858490270872e-01
4.880281959613129716e-01,8.936029858490270872e-01
4.929996996577950541e-01,8.923869536028210536e-01
4.929996996577950541e-01,8.923869536028210536e-01
4.979712033542770255e-01,8.912218793556100360e-01
4.979712033542770255e-01,8.912218793556100360e-01
5.029427070507590525e-01,8.902360842910008731e-01
5.029427070507590525e-01,8.902360842910008731e-01
5.079142107472409684e-01,8.893535284979540156e-01
5.079142107472409684e-01,8.893535284979540156e-01
5.128857144437229953e-01,8.885949076098034194e-01
5.128857144437229953e-01,8.885949076098034194e-01
5.178595496106539464e-01,8.879282253025754246e-01
5.178595496106539464e-01,8.879282253025754246e-01
5.234748486119550348e-01,8.872117289501834092e-01
5.234748486119550348e-01,8.872117289501834092e-01
5.297169726837069881e-01,8.863627993963173468e-01
5.297169726837069881e-01,8.863627993963173468e-01
5.369879289305349301e-01,8.853060034274591317e-01
5.369879289305349301e-01,8.853060034274591317e-01
5.457303011847619567e-01,8.840968618259956724e-01
5.457303011847619567e-01,8.840968618259956724e-01
5.546790088385280537e-01,8.830053536905955180e-01
5.546790088385280537e-01,8.830053536905955180e-01
5.636277164922940397e-01,8.819531248548652114e-01
5.636277164922940397e-01,8.819531248548652114e-01
5.725764241460600257e-01,8.808270293206331703e-01
5.725764241460600257e-01,8.808270293206331703e-01
5.815251317998260117e-01,8.796043311750502136e-01
5.815251317998260117e-01,8.796043311750502136e-01
5.904738394535919976e-01,8.783088321525945874e-01
5.904738394535919976e-01,8.783088321525945874e-01
5.994225471073590938e-01,8.769952833719967256e-01
5.994225471073590938e-01,8.769952833719967256e-01
6.083302838366879683e-01,8.756286206360628377e-01
6.083302838366879683e-01,8.756286206360628377e-01
6.159084191794399477e-01,8.743635144906000134e-01
6.159084191794399477e-01,8.743635144906000134e-01
6.221666971713740724e-01,8.731878788354502374e-01
6.221666971713740724e-01,8.731878788354502374e-01
6.284249751633079750e-01,8.718167445078723876e-01
6.284249751633079750e-01,8.718167445078723876e-01
6.346832531552419887e-01,8.702608682464819667e-01
6.346832531552419887e-01,8.702608682464819667e-01
6.409415311471751142e-01,8.686300093913488229e-01
6.409415311471751142e-01,8.686300093913488229e-01
6.471998091391090169e-01,8.670554629290453397e-01
6.471998091391090169e-01,8.670554629290453397e-01
6.534580871310430306e-01,8.656427700620683563e-01
6.534580871310430306e-01,8.656427700620683563e-01
6.597163651229770442e-01,8.644425738844798701e-01
6.597163651229770442e-01,8.644425738844798701e-01
6.659746431149110579e-01,8.634545478217438008e-01
6.659746431149110579e-01,8.634545478217438008e-01
6.722329211068439614e-01,8.625845405094426654e-01
6.722329211068439614e-01,8.625845405094426654e-01
6.784911990987779751e-01,8.617506694468859418e-01
6.784911990987779751e-01,8.617506694468859418e-01
6.847494770907120998e-01,8.609858492805565477e-01
6.847494770907120998e-01,8.609858492805565477e-01
6.910077550826450032e-01,8.603093020775752775e-01
6.910077550826450032e-01,8.603093020775752775e-01
6.973041705447640126e-01,8.598469817505980384e-01
6.973041705447640126e-01,8.598469817505980384e-01
7.050249874932079663e-01,8.595126247699499400e-01
7.050249874932079663e-01,8.595126247699499400e-01
7.139736951469740633e-01,8.589349386677803677e-01
7.139736951469740633e-01,8.589349386677803677e-01
7.229224028007410485e-01,8.581522591174812753e-01
7.229224028007410485e-01,8.581522591174812753e-01
7.318711104545069235e-01,8.575616821681396607e-01
7.318711104545069235e-01,8.575616821681396607e-01
7.408198181082730205e-01,8.572444937948087151e-01
7.408198181082730205e-01,8.572444937948087151e-01
7.497685257620390065e-01,8.571275719794637649e-01
7.497685257620390065e-01,8.571275719794637649e-01
7.587172334158049924e-01,8.572834830372140225e-01
7.587172334158049924e-01,8.572834830372140225e-01
7.676659410695709784e-01,8.575558280881080409e-01
7.676659410695709784e-01,8.575558280881080409e-01
7.766146487233379636e-01,8.572505629507067848e-01
7.766146487233379636e-01,8.572505629507067848e-01
7.855633563771040606e-01,8.564250138138460589e-01
7.855633563771040606e-01,8.564250138138460589e-01
7.945120640308699356e-01,8.552195123725251369e-01
7.945120640308699356e-01,8.552195123725251369e-01
8.034607716846360326e-01,8.537855284254711741e-01
8.034607716846360326e-01,8.537855284254711741e-01
8.127179670360050734e-01,8.522827327359255856e-01
8.127179670360050734e-01,8.522827327359255856e-01
8.225544586187589768e-01,8.508831719313582065e-01
8.225544586187589768e-01,8.508831719313582065e-01
8.324974615668560007e-01,8.497979539986604269e-01
8.324974615668560007e-01,8.497979539986604269e-01
8.424404645149530246e-01,8.489515265641996988e-01
8.424404645149530246e-01,8.489515265641996988e-01
8.523834674630510477e-01,8.484528360682715986e-01
8.523834674630510477e-01,8.484528360682715986e-01
8.623264704111479606e-01,8.480594205733003044e-01
8.623264704111479606e-01,8.480594205733003044e-01
8.722116581855490214e-01,8.476862082850669111e-01
8.722116581855490214e-01,8.476862082850669111e-01
8.815592890861150277e-01,8.473643136723658653e-01
8.815592890861150277e-01,8.473643136723658653e-01
8.905079967398820129e-01,8.472604074975390587e-01
8.905079967398820129e-01,8.472604074975390587e-01
8.994567043936479989e-01,8.475731622681755839e-01
8.994567043936479989e-01,8.475731622681755839e-01
9.084054120474139848e-01,8.479718319792071135e-01
9.084054120474139848e-01,8.479718319792071135e-01
9.173541197011800818e-01,8.476819714067529432e-01
9.173541197011800818e-01,8.476819714067529432e-01
9.263028273549459568e-01,8.469089522685837590e-01
9.263028273549459568e-01,8.469089522685837590e-01
9.352515350087120538e-01,8.457413266606678137e-01
9.352515350087120538e-01,8.457413266606678137e-01
9.442002426624790390e-01,8.452731525413077485e-01
9.442002426624790390e-01,8.452731525413077485e-01
9.531489503162450250e-01,8.453008840615232611e-01
9.531489503162450250e-01,8.453008840615232611e-01
9.620976579700110110e-01,8.455457387939923075e-01
9.620976579700110110e-01,8.455457387939923075e-01
9.710463656237769969e-01,8.458501135828028206e-01
9.710463656237769969e-01,8.458501135828028206e-01
9.804228456400710945e-01,8.461669785909130548e-01
9.804228456400710945e-01,8.461669785909130548e-01
9.903235671789970551e-01,8.463406457769284685e-01
9.903235671789970551e-01,8.463406457769284685e-01
1.000266570127089860e+00,8.465135982410170179e-01
1.000266570127089860e+00,8.465135982410170179e-01
1.010209573075189882e+00,8.465411205152476581e-01
1.010209573075189882e+00,8.465411205152476581e-01
1.020152576023289903e+00,8.464282923820718452e-01
1.020152576023289903e+00,8.464282923820718452e-01
1.030095578971390147e+00,8.464743909566626590e-01
1.030095578971390147e+00,8.464743909566626590e-01
1.040038581919480176e+00,8.465051011357946908e-01
1.040038581919480176e+00,8.465051011357946908e-01
1.049981584867580198e+00,8.463639917233787280e-01
1.049981584867580198e+00,8.463639917233787280e-01
1.059924587815679997e+00,8.462392285584289242e-01
1.059924587815679997e+00,8.462392285584289242e-01
1.069867590763780019e+00,8.462031935591104448e-01
1.069867590763780019e+00,8.462031935591104448e-01
1.079810593711870048e+00,8.460785607058503022e-01
1.079810593711870048e+00,8.460785607058503022e-01
1.089753596659970070e+00,8.458964308147624012e-01
1.089753596659970070e+00,8.458964308147624012e-01
1.099696599608070091e+00,8.454957168444043880e-01
1.099696599608070091e+00,8.454957168444043880e-01
1.109639602556170113e+00,8.447575639095549205e-01
1.109639602556170113e+00,8.447575639095549205e-01
1.119582605504260142e+00,8.443096942798352655e-01
1.119582605504260142e+00,8.443096942798352655e-01
1.129525608452360164e+00,8.442168623100578806e-01
1.129525608452360164e+00,8.442168623100578806e-01
1.139310824445489922e+00,8.441461726666610321e-01
1.139310824445489922e+00,8.441461726666610321e-01
1.149011509760780037e+00,8.437307756124061697e-01
1.149011509760780037e+00,8.437307756124061697e-01
1.158954512708880058e+00,8.433083046939938709e-01
1.158954512708880058e+00,8.433083046939938709e-01
1.168897515656970088e+00,8.431408164011032769e-01
1.168897515656970088e+00,8.431408164011032769e-01
1.178840518605070109e+00,8.430659961044643103e-01
1.178840518605070109e+00,8.430659961044643103e-01
1.188783521553169908e+00,8.425630606377915166e-01
1.188783521553169908e+00,8.425630606377915166e-01
1.198726524501269930e+00,8.414449597534020553e-01
1.198726524501269930e+00,8.414449597534020553e-01
1.208669527449359959e+00,8.396672949489800697e-01
1.208669527449359959e+00,8.396672949489800697e-01
1.218612530397459981e+00,8.389616088088170942e-01
1.218612530397459981e+00,8.389616088088170942e-01
1.228555533345560002e+00,8.390499549098812127e-01
1.228555533345560002e+00,8.390499549098812127e-01
1.238498536293650032e+00,8.386950883924019218e-01
1.238498536293650032e+00,8.386950883924019218e-01
1.248441539241750053e+00,8.380481868722855499e-01
1.248441539241750053e+00,8.380481868722855499e-01
1.258384542189850075e+00,8.372466826058012623e-01
1.258384542189850075e+00,8.372466826058012623e-01
1.268327545137950096e+00,8.363903628541250468e-01
1.268327545137950096e+00,8.363903628541250468e-01
1.278270548086039904e+00,8.353753534447996287e-01
1.278270548086039904e+00,8.353753534447996287e-01
1.288213551034139925e+00,8.343299937097963248e-01
1.288213551034139925e+00,8.343299937097963248e-01
1.298156553982239947e+00,8.339789036465075078e-01
1.298156553982239947e+00,8.339789036465075078e-01
1.308099556930339968e+00,8.341585704562285430e-01
1.308099556930339968e+00,8.341585704562285430e-01
1.318042559878429998e+00,8.338603009045459924e-01
1.318042559878429998e+00,8.338603009045459924e-01
1.327985562826530019e+00,8.331494048267804597e-01
1.327985562826530019e+00,8.331494048267804597e-01
1.337928565774630041e+00,8.322192243158190728e-01
1.337928565774630041e+00,8.322192243158190728e-01
1.347871568722730062e+00,8.322690527644911462e-01
1.347871568722730062e+00,8.322690527644911462e-01
1.357814571670820092e+00,8.329721295848361295e-01
1.357814571670820092e+00,8.329721295848361295e-01
1.367757574618920113e+00,8.331554945055258399e-01
1.367757574618920113e+00,8.331554945055258399e-01
1.377700577567019913e+00,8.327663180236916096e-01
1.377700577567019913e+00,8.327663180236916096e-01
1.387643580515119934e+00,8.322829674041443138e-01
1.387643580515119934e+00,8.322829674041443138e-01
1.397586583463209964e+00,8.316482065131309831e-01
1.397586583463209964e+00,8.316482065131309831e-01
1.407529586411309985e+00,8.307439409072401304e-01
1.407529586411309985e+00,8.307439409072401304e-01
1.417472589359410007e+00,8.302761496129009711e-01
1.417472589359410007e+00,8.302761496129009711e-01
1.427415592307500036e+00,8.302301910626738168e-01
1.427415592307500036e+00,8.302301910626738168e-01
1.437358595255600058e+00,8.300561897607180439e-01
1.437358595255600058e+00,8.300561897607180439e-01
1.447301598203700079e+00,8.295410251769752552e-01
1.447301598203700079e+00,8.295410251769752552e-01
1.457244601151800101e+00,8.290662806146293917e-01
1.457244601151800101e+00,8.290662806146293917e-01
1.467187604099890130e+00,8.289359439456082113e-01
1.467187604099890130e+00,8.289359439456082113e-01
1.477130607047989930e+00,8.289669597393329870e-01
1.477130607047989930e+00,8.289669597393329870e-01
1.487073609996089951e+00,8.285043388335269210e-01
1.487073609996089951e+00,8.285043388335269210e-01
1.497016612944189973e+00,8.278059375887727445e-01
1.497016612944189973e+00,8.278059375887727445e-01
1.506959615892280002e+00,8.272624787976554650e-01
1.506959615892280002e+00,8.272624787976554650e-01
1.516902618840380024e+00,8.272577330393421358e-01
1.516902618840380024e+00,8.272577330393421358e-01
1.526845621788480045e+00,8.270386960339579652e-01
1.526845621788480045e+00,8.270386960339579652e-01
1.536788624736580067e+00,8.262814009416846739e-01
1.536788624736580067e+00,8.262814009416846739e-01
1.546731627684670096e+00,8.253557666869680842e-01
1.546731627684670096e+00,8.253557666869680842e-01
1.556674630632770118e+00,8.250884229141778325e-01
1.556674630632770118e+00,8.250884229141778325e-01
1.566617633580870139e+00,8.251021905943928259e-01
1.566617633580870139e+00,8.251021905943928259e-01
1.576560636528969939e+00,8.246781374784613039e-01
1.576560636528969939e+00,8.246781374784613039e-01
1.586503639477059968e+00,8.239117590007215552e-01
1.586503639477059968e+00,8.239117590007215552e-01
1.596446642425159990e+00,8.229869762269125255e-01
1.596446642425159990e+00,8.229869762269125255e-01
1.606389645373260011e+00,8.222403290932439601e-01
1.606389645373260011e+00,8.222403290932439601e-01
1.616332648321350041e+00,8.217060571295919935e-01
1.616332648321350041e+00,8.217060571295919935e-01
1.626275651269450062e+00,8.212377765717184808e-01
1.626275651269450062e+00,8.212377765717184808e-01
1.636218654217550084e+00,8.205861022363308832e-01
1.636218654217550084e+00,8.205861022363308832e-01
1.646161657165650105e+00,8.197197411477473716e-01
1.646161657165650105e+00,8.197197411477473716e-01
1.656104660113740135e+00,8.193241542380902409e-01
1.656104660113740135e+00,8.193241542380902409e-01
1.666047663061840156e+00,8.190819616727761376e-01
1.666047663061840156e+00,8.190819616727761376e-01
1.675990666009939956e+00,8.185448647780326770e-01
1.675990666009939956e+00,8.185448647780326770e-01
1.685933668958039977e+00,8.177178828719824377e-01
1.685933668958039977e+00,8.177178828719824377e-01
1.695876671906130007e+00,8.171890549676725790e-01
1.695876671906130007e+00,8.171890549676725790e-01
1.705819674854230028e+00,8.170084986336003663e-01
1.705819674854230028e+00,8.170084986336003663e-01
1.715762677802330050e+00,8.170712847118806188e-01
1.715762677802330050e+00,8.170712847118806188e-01
1.725705680750430071e+00,8.171363338501476115e-01
1.725705680750430071e+00,8.171363338501476115e-01
1.735648683698520101e+00,8.170635266663450746e-01
1.735648683698520101e+00,8.170635266663450746e-01
1.745591686646620122e+00,8.170908616822640802e-01
1.745591686646620122e+00,8.170908616822640802e-01
1.755534689594720144e+00,8.169985363273107870e-01
1.755534689594720144e+00,8.169985363273107870e-01
1.765477692542820165e+00,8.165618762937234543e-01
1.765477692542820165e+00,8.165618762937234543e-01
1.775420695490909972e+00,8.158854713494173572e-01
1.775420695490909972e+00,8.158854713494173572e-01
1.785363698439009994e+00,8.152480213830426425e-01
1.785363698439009994e+00,8.152480213830426425e-01
1.795306701387110015e+00,8.146304402458609539e-01
1.795306701387110015e+00,8.146304402458609539e-01
1.805249704335200045e+00,8.137106077363190915e-01
1.805249704335200045e+00,8.137106077363190915e-01
1.815192707283300066e+00,8.126901658673979512e-01
1.815192707283300066e+00,8.126901658673979512e-01
1.825135710231400088e+00,8.122861724522176807e-01
1.825135710231400088e+00,8.122861724522176807e-01
1.835078713179500109e+00,8.123600791728128323e-01
1.835078713179500109e+00,8.123600791728128323e-01
1.845021716127590139e+00,8.123968326699944065e-01
1.845021716127590139e+00,8.123968326699944065e-01
1.854964719075690160e+00,8.119616741309816366e-01
1.854964719075690160e+00,8.119616741309816366e-01
1.864907722023789960e+00,8.113177159312600084e-01
1.864907722023789960e+00,8.113177159312600084e-01
1.874850724971889981e+00,8.110924353154105315e-01
1.874850724971889981e+00,8.110924353154105315e-01
1.884793727919980011e+00,8.111766997803343537e-01
1.884793727919980011e+00,8.111766997803343537e-01
1.894736730868080032e+00,8.108911980914570439e-01
1.894736730868080032e+00,8.108911980914570439e-01
1.904679733816180054e+00,8.104600468271269120e-01
1.904679733816180054e+00,8.104600468271269120e-01
1.914622736764280075e+00,8.099905927106112458e-01
1.914622736764280075e+00,8.099905927106112458e-01
1.924565739712370105e+00,8.093248365653288312e-01
1.924565739712370105e+00,8.093248365653288312e-01
1.934508742660470126e+00,8.086005612469236992e-01
1.934508742660470126e+00,8.086005612469236992e-01
1.944451745608570148e+00,8.082927381049762605e-01
1.944451745608570148e+00,8.082927381049762605e-01
1.954394748556670169e+00,8.080956175215681103e-01
1.954394748556670169e+00,8.080956175215681103e-01
1.964337751504759977e+00,8.076478914078578653e-01
1.964337751504759977e+00,8.076478914078578653e-01
1.974280754452859998e+00,8.069653746387248638e-01
1.974280754452859998e+00,8.069653746387248638e-01
1.984223757400960020e+00,8.060400587312946952e-01
1.984223757400960020e+00,8.060400587312946952e-01
1.994166760349050049e+00,8.051845228501305352e-01
1.994166760349050049e+00,8.051845228501305352e-01
2.004109763297150071e+00,8.045604731468035675e-01
2.004109763297150071e+00,8.045604731468035675e-01
2.014052766245249870e+00,8.038855839616295684e-01
2.014052766245249870e+00,8.038855839616295684e-01
2.023995769193350114e+00,8.031320127463231762e-01
2.023995769193350114e+00,8.031320127463231762e-01
2.033938772141440143e+00,8.027426966708169909e-01
2.033938772141440143e+00,8.027426966708169909e-01
2.043881775089539943e+00,8.026441898984139067e-01
2.043881775089539943e+00,8.026441898984139067e-01
2.053824778037640186e+00,8.022609171188880284e-01
2.053824778037640186e+00,8.022609171188880284e-01
2.063767780985739986e+00,8.016050896502888712e-01
2.063767780985739986e+00,8.016050896502888712e-01
2.073710783933820245e+00,8.007529646150349789e-01
2.073710783933820245e+00,8.007529646150349789e-01
2.083653786881910275e+00,8.002946590360470180e-01
2.083653786881910275e+00,8.002946590360470180e-01
2.093596789829999860e+00,8.003156666305979439e-01
2.093596789829999860e+00,8.003156666305979439e-01
2.103539792778080120e+00,8.003287492293253980e-01
2.103539792778080120e+00,8.003287492293253980e-01
2.113482795726170149e+00,7.999291522108226138e-01
2.113482795726170149e+00,7.999291522108226138e-01
2.123425798674260179e+00,7.993754527712100266e-01
2.123425798674260179e+00,7.993754527712100266e-01
2.133368801622339994e+00,7.990683696980306339e-01
2.133368801622339994e+00,7.990683696980306339e-01
2.143311804570430024e+00,7.988350949383654642e-01
2.143311804570430024e+00,7.988350949383654642e-01
2.153254807518520053e+00,7.985251931824837168e-01
2.153254807518520053e+00,7.985251931824837168e-01
2.163197810466610083e+00,7.981662693905520189e-01
2.163197810466610083e+00,7.981662693905520189e-01
2.173140813414689898e+00,7.977875923431956284e-01
2.173140813414689898e+00,7.977875923431956284e-01
2.183083816362779928e+00,7.973481045015391455e-01
2.183083816362779928e+00,7.973481045015391455e-01
2.193026819310869957e+00,7.967704207244975523e-01
2.193026819310869957e+00,7.967704207244975523e-01
2.202969822258950217e+00,7.960450839490094133e-01
2.202969822258950217e+00,7.960450839490094133e-01
2.212912825207040246e+00,7.955193780976785867e-01
2.212912825207040246e+00,7.955193780976785867e-01
2.222855828155129831e+00,7.951556606838795505e-01
2.222855828155129831e+00,7.951556606838795505e-01
2.232798831103210091e+00,7.950428510692384432e-01
2.232798831103210091e+00,7.950428510692384432e-01
2.242741834051300120e+00,7.948973376789062462e-01
2.242741834051300120e+00,7.948973376789062462e-01
2.252684836999390150e+00,7.944240890380576126e-01
2.252684836999390150e+00,7.944240890380576126e-01
2.262627839947469965e+00,7.936050043491392758e-01
2.262627839947469965e+00,7.936050043491392758e-01
2.272570842895559995e+00,7.929777192368240302e-01
2.272570842895559995e+00,7.929777192368240302e-01
2.282513845843650024e+00,7.927686222198402355e-01
2.282513845843650024e+00,7.927686222198402355e-01
2.292456848791729840e+00,7.928463053623363566e-01
2.292456848791729840e+00,7.928463053623363566e-01
2.302399851739819869e+00,7.927462084002655507e-01
2.302399851739819869e+00,7.927462084002655507e-01
2.312342854687909899e+00,7.923691420911869177e-01
2.312342854687909899e+00,7.923691420911869177e-01
2.322285857635990158e+00,7.920039035967647578e-01
2.322285857635990158e+00,7.920039035967647578e-01
2.332228860584080188e+00,7.916126767221731697e-01
2.332228860584080188e+00,7.916126767221731697e-01
2.342171863532169773e+00,7.911228681278799080e-01
2.342171863532169773e+00,7.911228681278799080e-01
2.352114866480250033e+00,7.905938707460723469e-01
2.352114866480250033e+00,7.905938707460723469e-01
2.362057869428340062e+00,7.902581200846576781e-01
2.362057869428340062e+00,7.902581200846576781e-01
2.372000872376430092e+00,7.901712119409964874e-01
2.372000872376430092e+00,7.901712119409964874e-01
2.381943875324509907e+00,7.900270159557265526e-01
2.381943875324509907e+00,7.900270159557265526e-01
2.391886878272599937e+00,7.896869641049495403e-01
2.391886878272599937e+00,7.896869641049495403e-01
2.401829881220689966e+00,7.893636758248937513e-01
2.401829881220689966e+00,7.893636758248937513e-01
2.411772884168769782e+00,7.889500592559787195e-01
2.411772884168769782e+00,7.889500592559787195e-01
2.421715887116859811e+00,7.887029252856307959e-01
2.421715887116859811e+00,7.887029252856307959e-01
2.431658890064949841e+00,7.882839777343377818e-01
2.431658890064949841e+00,7.882839777343377818e-01
2.441601893013030100e+00,7.876687842595362365e-01
2.441601893013030100e+00,7.876687842595362365e-01
2.451544895961120130e+00,7.871285411147599387e-01
2.451544895961120130e+00,7.871285411147599387e-01
2.461487898909210159e+00,7.868164763669888151e-01
2.461487898909210159e+00,7.868164763669888151e-01
2.471430901857289975e+00,7.865593332537388349e-01
2.471430901857289975e+00,7.865593332537388349e-01
2.481373904805380004e+00,7.864012316150101878e-01
2.481373904805380004e+00,7.864012316150101878e-01
2.491316907753470034e+00,7.863500539212795459e-01
2.491316907753470034e+00,7.863500539212795459e-01
2.501259910701549849e+00,7.862151984422210971e-01
2.501259910701549849e+00,7.862151984422210971e-01
2.511202913649639878e+00,7.858989933344805445e-01
2.511202913649639878e+00,7.858989933344805445e-01
2.521145916597729908e+00,7.853451112409163271e-01
2.521145916597729908e+00,7.853451112409163271e-01
2.531088919545809723e+00,7.844916681739609876e-01
2.531088919545809723e+00,7.844916681739609876e-01
2.541031922493899753e+00,7.835948495940423530e-01
2.541031922493899753e+00,7.835948495940423530e-01
2.550616204640280049e+00,7.831664668205343682e-01
2.550616204640280049e+00,7.831664668205343682e-01
2.558538452179189626e+00,7.830019753789111414e-01
2.558538452179189626e+00,7.830019753789111414e-01
2.565630299088200061e+00,7.828963901951162541e-01
2.565630299088200061e+00,7.828963901951162541e-01
2.572722145997200283e+00,7.826620476794687864e-01
2.572722145997200283e+00,7.826620476794687864e-01
2.579297857677469885e+00,7.824218254970136677e-01
2.579297857677469885e+00,7.824218254970136677e-01
2.583957632186120179e+00,7.822802018505863320e-01
2.583957632186120179e+00,7.822802018505863320e-01
2.587907686415519937e+00,7.822061144037535385e-01
2.587907686415519937e+00,7.822061144037535385e-01
2.591847600946220354e+00,7.821866531105152731e-01
2.591847600946220354e+00,7.821866531105152731e-01
2.595626214440799995e+00,7.821994963907527021e-01
2.595626214440799995e+00,7.821994963907527021e-01
2.599228477322089947e+00,7.822204988311696194e-01
2.599228477322089947e+00,7.822204988311696194e-01
2.602826603920640025e+00,7.822341057479963444e-01
2.602826603920640025e+00,7.822341057479963444e-01
2.606418662763299920e+00,7.822256548204039595e-01
2.606418662763299920e+00,7.822256548204039595e-01
2.609921406294759993e+00,7.821860568766716426e-01
2.609921406294759993e+00,7.821860568766716426e-01
2.613344401164889863e+00,7.820969589431886471e-01
2.613344401164889863e+00,7.820969589431886471e-01
2.616681175145569860e+00,7.819884180487407521e-01
2.616681175145569860e+00,7.819884180487407521e-01
2.619943545836049825e+00,7.818544985923572277e-01
2.619943545836049825e+00,7.818544985923572277e-01
2.623125614604230105e+00,7.817120109774926551e-01
2.623125614604230105e+00,7.817120109774926551e-01
2.626222566805300307e+00,7.815791271156294906e-01
2.626222566805300307e+00,7.815791271156294906e-01
2.629257247179729973e+00,7.814474520789657097e-01
2.629257247179729973e+00,7.814474520789657097e-01
2.632195173270059918e+00,7.812983964149232685e-01
2.632195173270059918e+00,7.812983964149232685e-01
2.635094723135679828e+00,7.811132016443000925e-01
2.635094723135679828e+00,7.811132016443000925e-01
2.637886241695569733e+00,7.808956283010478616e-01
2.637886241695569733e+00,7.808956283010478616e-01
2.640639209290260414e+00,7.806521144202872575e-01
2.640639209290260414e+00,7.806521144202872575e-01
2.643316685800420007e+00,7.804012354823763875e-01
2.643316685800420007e+00,7.804012354823763875e-01
2.645901578095650297e+00,7.801673353667261113e-01
2.645901578095650297e+00,7.801673353667261113e-01
2.648470741925770255e+00,7.799706643113808457e-01
2.648470741925770255e+00,7.799706643113808457e-01
2.650935792843600147e+00,7.798270041289507848e-01
2.650935792843600147e+00,7.798270041289507848e-01
2.653331252015500130e+00,7.797139392157778071e-01
2.653331252015500130e+00,7.797139392157778071e-01
2.655704434494110089e+00,7.796035264235741113e-01
2.655704434494110089e+00,7.796035264235741113e-01
2.657982157687570179e+00,7.794819775422155983e-01
2.657982157687570179e+00,7.794819775422155983e-01
2.660206904536710493e+00,7.793442217575380360e-01
2.660206904536710493e+00,7.793442217575380360e-01
2.662421741296960409e+00,7.791963263174970233e-01
2.662421741296960409e+00,7.791963263174970233e-01
2.664539803502290027e+00,7.790531394850555014e-01
2.664539803502290027e+00,7.790531394850555014e-01
2.666590547390490062e+00,7.789134501380970965e-01
2.666590547390490062e+00,7.789134501380970965e-01
2.668641291278699867e+00,7.787746435695690472e-01
2.668641291278699867e+00,7.787746435695690472e-01
2.670644622970619775e+00,7.786485534341135439e-01
2.670644622970619775e+00,7.786485534341135439e-01
2.672583194225619962e+00,7.785474166030357246e-01
2.672583194225619962e+00,7.785474166030357246e-01
2.674492283236810319e+00,7.784629872417644370e-01
2.674492283236810319e+00,7.784629872417644370e-01
2.676376965991480006e+00,7.783845725191544940e-01
2.676376965991480006e+00,7.783845725191544940e-01
2.678207169729660109e+00,7.783077877604357431e-01
2.678207169729660109e+00,7.783077877604357431e-01
2.680000865935240117e+00,7.782298918525800691e-01
2.680000865935240117e+00,7.782298918525800691e-01
2.681739425231139951e+00,7.781515765619726466e-01
2.681739425231139951e+00,7.781515765619726466e-01
2.683445199372640477e+00,7.780709736041674374e-01
2.683445199372640477e+00,7.780709736041674374e-01
2.685093878365939712e+00,7.779878935461090883e-01
2.685093878365939712e+00,7.779878935461090883e-01
2.686709485782079909e+00,7.779000837643900157e-01
2.686709485782079909e+00,7.779000837643900157e-01
2.688276236377720174e+00,7.778083476477273273e-01
2.688276236377720174e+00,7.778083476477273273e-01
2.689809880144740095e+00,7.777131664047347570e-01
2.689809880144740095e+00,7.777131664047347570e-01
2.691303000389620337e+00,7.776183177452127282e-01
2.691303000389620337e+00,7.776183177452127282e-01
2.692753303583359958e+00,7.775285455134531842e-01
2.692753303583359958e+00,7.775285455134531842e-01
2.694184066653890319e+00,7.774470595742665191e-01
2.694184066653890319e+00,7.774470595742665191e-01
2.695559224485669869e+00,7.773785818820928561e-01
2.695559224485669869e+00,7.773785818820928561e-01
2.696919066247839947e+00,7.773182401779720196e-01
2.696919066247839947e+00,7.773182401779720196e-01
2.698242878200189931e+00,7.772654548752468973e-01
2.698242878200189931e+00,7.772654548752468973e-01
2.699524744113070085e+00,7.772186007842818434e-01
2.699524744113070085e+00,7.772186007842818434e-01
2.700794850480469744e+00,7.771738699598659261e-01
2.700794850480469744e+00,7.771738699598659261e-01
2.702018354960769919e+00,7.771302508254086527e-01
2.702018354960769919e+00,7.771302508254086527e-01
2.703211515677240051e+00,7.770855154942420961e-01
2.703211515677240051e+00,7.770855154942420961e-01
2.704389683878960060e+00,7.770384387665392190e-01
2.704389683878960060e+00,7.770384387665392190e-01
2.705520708862910073e+00,7.769920865659034614e-01
2.705520708862910073e+00,7.769920865659034614e-01
2.706626868010939990e+00,7.769469147492618077e-01
2.706626868010939990e+00,7.769469147492618077e-01
2.707730034395090080e+00,7.769028783838981544e-01
2.707730034395090080e+00,7.769028783838981544e-01
2.708808295170479941e+00,7.768611054592244880e-01
2.708808295170479941e+00,7.768611054592244880e-01
2.709857049194969836e+00,7.768215941770054700e-01
2.709857049194969836e+00,7.768215941770054700e-01
2.710880164529370084e+00,7.767810097089697940e-01
2.710880164529370084e+00,7.767810097089697940e-01
2.711880282471240466e+00,7.767393907014652488e-01
2.711880282471240466e+00,7.767393907014652488e-01
2.712856663759880327e+00,7.766945933910883726e-01
2.712856663759880327e+00,7.766945933910883726e-01
2.713808000174490420e+00,7.766475231981604388e-01
2.713808000174490420e+00,7.766475231981604388e-01
2.714740517908559969e+00,7.766007678261512837e-01
2.714740517908559969e+00,7.766007678261512837e-01
2.715649543994709703e+00,7.765572921328507405e-01
2.715649543994709703e+00,7.765572921328507405e-01
2.716537658727159688e+00,7.765172349349223069e-01
2.716537658727159688e+00,7.765172349349223069e-01
2.717394612488889916e+00,7.764815063279634222e-01
2.717394612488889916e+00,7.764815063279634222e-01
2.718232125306160096e+00,7.764489632600275471e-01
2.718232125306160096e+00,7.764489632600275471e-01
2.719047739652070028e+00,7.764190878837409215e-01
2.719047739652070028e+00,7.764190878837409215e-01
2.719846476888929665e+00,7.763911393264562033e-01
2.719846476888929665e+00,7.763911393264562033e-01
2.720626101235940286e+00,7.763646505297173706e-01
2.720626101235940286e+00,7.763646505297173706e-01
2.721390429916550335e+00,7.763390853889663434e-01
2.721390429916550335e+00,7.763390853889663434e-01
2.722133667340350005e+00,7.763136160054090462e-01
2.722133667340350005e+00,7.763136160054090462e-01
2.722855010770820261e+00,7.762887878595446933e-01
2.722855010770820261e+00,7.762887878595446933e-01
2.723565335232380313e+00,7.762637746444625009e-01
2.723565335232380313e+00,7.762637746444625009e-01
2.724251836935160043e+00,7.762385797808856180e-01
2.724251836935160043e+00,7.762385797808856180e-01
2.724927992826569945e+00,7.762127520701255223e-01
2.724927992826569945e+00,7.762127520701255223e-01
2.725581827685450431e+00,7.761869184036070957e-01
2.725581827685450431e+00,7.761869184036070957e-01
2.726216077672910298e+00,7.761612013404142196e-01
2.726216077672910298e+00,7.761612013404142196e-01
2.726848081959119874e+00,7.761347732744469097e-01
2.726848081959119874e+00,7.761347732744469097e-01
2.727459514581270117e+00,7.761094760398976611e-01
2.727459514581270117e+00,7.761094760398976611e-01
2.728053486615220180e+00,7.760884866802737481e-01
2.728053486615220180e+00,7.760884866802737481e-01
2.728639679214500013e+00,7.760687675754635029e-01
2.728639679214500013e+00,7.760687675754635029e-01
2.729209396783499830e+00,7.758830255748169202e-01
2.729209396783499830e+00,7.758830255748169202e-01
2.729768025457830039e+00,7.739372041551759729e-01
2.729768025457830039e+00,7.739372041551759729e-01
2.730316009968650093e+00,7.642648660149876649e-01
2.730316009968650093e+00,7.642648660149876649e-01
2.730847976921189968e+00,7.412867284197509621e-01
2.730847976921189968e+00,7.412867284197509621e-01
2.731365066471870051e+00,7.141903159772972076e-01
2.731365066471870051e+00,7.141903159772972076e-01
2.731870095081640137e+00,6.874826176581938508e-01
2.731870095081640137e+00,6.874826176581938508e-01
2.732363391397010233e+00,6.616617827838147115e-01
2.732363391397010233e+00,6.616617827838147115e-01
2.732848016687480008e+00,6.351620579146742829e-01
2.732848016687480008e+00,6.351620579146742829e-01
2.733319463982410102e+00,6.019901417400541632e-01
2.733319463982410102e+00,6.019901417400541632e-01
2.733777072879330028e+00,5.439697562995962077e-01
2.733777072879330028e+00,5.439697562995962077e-01
2.734222196871310295e+00,4.283565344186692769e-01
2.734222196871310295e+00,4.283565344186692769e-01
2.734655057345929841e+00,2.181512314845041045e-01
2.734655057345929841e+00,2.181512314845041045e-01
2.735077629889320239e+00,2.501391917705963475e-01
2.735077629889320239e+00,2.501391917705963475e-01
2.735492860414310279e+00,3.743294580054373766e-01
2.735492860414310279e+00,3.743294580054373766e-01
2.735897521261860366e+00,4.462747377753898403e-01
2.735897521261860366e+00,4.462747377753898403e-01
2.736294188981100106e+00,4.930862878325091292e-01
2.736294188981100106e+00,4.930862878325091292e-01
2.736679972303369901e+00,5.213752757314915609e-01
2.736679972303369901e+00,5.213752757314915609e-01
2.737052827881550243e+00,5.361835903918678037e-01
2.737052827881550243e+00,5.361835903918678037e-01
2.737419439264510146e+00,5.406251266233966790e-01
2.737419439264510146e+00,5.406251266233966790e-01
2.737778246968570084e+00,5.371886032429712410e-01
2.737778246968570084e+00,5.371886032429712410e-01
2.738130361195000084e+00,5.245069116274785337e-01
2.738130361195000084e+00,5.245069116274785337e-01
2.738470955070030133e+00,5.052969230515185206e-01
2.738470955070030133e+00,5.052969230515185206e-01
2.738802248742400192e+00,4.827318537298279089e-01
2.738802248742400192e+00,4.827318537298279089e-01
2.739130254040800239e+00,4.598793931946874580e-01
2.739130254040800239e+00,4.598793931946874580e-01
2.739453529502850149e+00,4.426321942911476959e-01
2.739453529502850149e+00,4.426321942911476959e-01
2.739768575780300086e+00,4.403144513251792680e-01
2.739768575780300086e+00,4.403144513251792680e-01
2.740073977569620123e+00,4.446581062489079472e-01
2.740073977569620123e+00,4.446581062489079472e-01
2.740370168727719768e+00,4.531458721534413203e-01
2.740370168727719768e+00,4.531458721534413203e-01
2.740659063617510327e+00,4.684738281848598862e-01
2.740659063617510327e+00,4.684738281848598862e-01
2.740943065908780341e+00,4.937207012791609007e-01
2.740943065908780341e+00,4.937207012791609007e-01
2.741221149836870374e+00,5.314332830931274287e-01
2.741221149836870374e+00,5.314332830931274287e-01
2.741491671999670032e+00,5.808227713863624020e-01
2.741491671999670032e+00,5.808227713863624020e-01
2.741754215402199879e+00,6.491763919026272145e-01
2.741754215402199879e+00,6.491763919026272145e-01
2.742009805127940236e+00,8.005672253400840654e-01
2.742009805127940236e+00,8.005672253400840654e-01
2.742260400000110288e+00,7.510591530508318181e-01
2.742260400000110288e+00,7.510591530508318181e-01
2.742447114328550040e+00,6.706415835003719517e-01
2.742447114328550040e+00,6.706415835003719517e-01
2.742636637053299964e+00,6.494633367637541177e-01
2.742636637053299964e+00,6.494633367637541177e-01
2.742831570585160250e+00,7.033433714829948613e-01
2.742831570585160250e+00,7.033433714829948613e-01
2.743031014998140282e+00,7.480073486465494970e-01
2.743031014998140282e+00,7.480073486465494970e-01
2.743237762305040128e+00,7.814207459921266308e-01
2.743237762305040128e+00,7.814207459921266308e-01
2.743448385158800296e+00,8.106857078078262280e-01
2.743448385158800296e+00,8.106857078078262280e-01
2.743663611133989821e+00,8.363782006416771164e-01
2.743663611133989821e+00,8.363782006416771164e-01
2.743885083509990164e+00,8.585733320760764453e-01
2.743885083509990164e+00,8.585733320760764453e-01
2.744112987095399969e+00,8.792964102814019300e-01
2.744112987095399969e+00,8.792964102814019300e-01
2.744346706824469795e+00,9.067189555741012041e-01
2.744346706824469795e+00,9.067189555741012041e-01
2.744585398816489885e+00,9.571297513408247859e-01
2.744585398816489885e+00,9.571297513408247859e-01
2.744829348352130438e+00,1.013079459831117912e+00
2.744829348352130438e+00,1.013079459831117912e+00
2.745079401732979818e+00,1.063145460793280206e+00
2.745079401732979818e+00,1.063145460793280206e+00
2.745336895162010293e+00,1.100577134866589146e+00
2.745336895162010293e+00,1.100577134866589146e+00
2.745597728577080066e+00,1.118831583902382798e+00
2.745597728577080066e+00,1.118831583902382798e+00
2.745859017842890104e+00,1.115112367366098090e+00
2.745859017842890104e+00,1.115112367366098090e+00
2.746130316016120343e+00,1.085900403447390916e+00
2.746130316016120343e+00,1.085900403447390916e+00
2.746414269948670217e+00,1.019456732765142037e+00
2.746414269948670217e+00,1.019456732765142037e+00
2.746698391827389951e+00,9.022428751635315214e-01
2.746698391827389951e+00,9.022428751635315214e-01
2.746989836239719818e+00,6.997700163800938400e-01
2.746989836239719818e+00,6.997700163800938400e-01
2.747294722867870131e+00,1.204187814714100246e-01
2.747294722867870131e+00,1.204187814714100246e-01
2.747602249420890264e+00,8.207794124458920315e-01
2.747602249420890264e+00,8.207794124458920315e-01
2.747917060235220088e+00,1.276123563884281831e+00
2.747917060235220088e+00,1.276123563884281831e+00
2.748244720945050013e+00,1.688216748476611295e+00
2.748244720945050013e+00,1.688216748476611295e+00
2.748576758327220038e+00,2.064956707948871983e+00
2.748576758327220038e+00,2.064956707948871983e+00
2.748917028770990090e+00,2.424750188758246328e+00
2.748917028770990090e+00,2.424750188758246328e+00
2.749264800941809916e+00,2.780947747014172577e+00
2.749264800941809916e+00,2.780947747014172577e+00
2.749622866988600034e+00,3.162401808428923378e+00
2.749622866988600034e+00,3.162401808428923378e+00
2.749992453227589895e+00,3.594927224536365706e+00
2.749992453227589895e+00,3.594927224536365706e+00
2.750370419239559716e+00,4.062820520278273229e+00
2.750370419239559716e+00,4.062820520278273229e+00
2.750760507708339908e+00,4.522335954828441196e+00
2.750760507708339908e+00,4.522335954828441196e+00
2.751157471371270091e+00,4.910779865742714634e+00
2.751157471371270091e+00,4.910779865742714634e+00
2.751563529389879914e+00,5.179063808159436455e+00
2.751563529389879914e+00,5.179063808159436455e+00
2.751978975539219885e+00,5.372385812574849595e+00
2.751978975539219885e+00,5.372385812574849595e+00
2.752408146833809965e+00,5.557756009099541927e+00
2.752408146833809965e+00,5.557756009099541927e+00
2.752845955156070001e+00,5.770281094552553114e+00
2.752845955156070001e+00,5.770281094552553114e+00
2.753297208460429690e+00,6.018935748274434339e+00
2.753297208460429690e+00,6.018935748274434339e+00
2.753753665941710338e+00,6.290174329378633189e+00
2.753753665941710338e+00,6.290174329378633189e+00
2.754210123422990097e+00,6.568944690804871200e+00
2.754210123422990097e+00,6.568944690804871200e+00
2.754678188773999725e+00,6.841729730803898235e+00
2.754678188773999725e+00,6.841729730803898235e+00
2.755177515629509966e+00,7.096382864613163477e+00
2.755177515629509966e+00,7.096382864613163477e+00
2.755685208284370358e+00,7.319780474254438118e+00
2.755685208284370358e+00,7.319780474254438118e+00
2.756193424880959864e+00,7.522254620216302534e+00
2.756193424880959864e+00,7.522254620216302534e+00
2.756719629730319809e+00,7.721418939517803004e+00
2.756719629730319809e+00,7.721418939517803004e+00
2.757263578131690096e+00,7.923993037638711101e+00
2.757263578131690096e+00,7.923993037638711101e+00
2.757808619644309900e+00,8.136577048880379692e+00
2.757808619644309900e+00,8.136577048880379692e+00
2.758369463716000336e+00,8.383474665774123480e+00
2.758369463716000336e+00,8.383474665774123480e+00
2.758958697838350016e+00,8.662716154704201088e+00
2.758958697838350016e+00,8.662716154704201088e+00
2.759555515064350040e+00,8.938480489877891344e+00
2.759555515064350040e+00,8.938480489877891344e+00
2.760161362612090219e+00,9.193015770299712841e+00
2.760161362612090219e+00,9.193015770299712841e+00
2.760789271926520350e+00,9.428855911266850853e+00
2.760789271926520350e+00,9.428855911266850853e+00
2.761429480826860239e+00,9.646426063541049700e+00
2.761429480826860239e+00,9.646426063541049700e+00
2.762084559676699858e+00,9.850867101816133342e+00
2.762084559676699858e+00,9.850867101816133342e+00
2.762760231047120207e+00,1.005248683402615129e+01
2.762760231047120207e+00,1.005248683402615129e+01
2.763452427787770116e+00,1.026762001071835861e+01
2.763452427787770116e+00,1.026762001071835861e+01
2.764161134510620066e+00,1.051211682687121218e+01
2.764161134510620066e+00,1.051211682687121218e+01
2.764889718520409989e+00,1.077256993458967926e+01
2.764889718520409989e+00,1.077256993458967926e+01
2.765638363404860023e+00,1.102399053472649193e+01
2.765638363404860023e+00,1.102399053472649193e+01
2.766399735610109989e+00,1.124794869726223112e+01
2.766399735610109989e+00,1.124794869726223112e+01
2.767184266079089738e+00,1.144532020559785934e+01
2.767184266079089738e+00,1.144532020559785934e+01
2.767981790002740361e+00,1.162151071252533008e+01
2.767981790002740361e+00,1.162151071252533008e+01
2.768784084392569955e+00,1.178494178372414680e+01
2.768784084392569955e+00,1.178494178372414680e+01
2.769588384297990036e+00,1.194207908814686903e+01
2.769588384297990036e+00,1.194207908814686903e+01
2.770425651084080343e+00,1.211723368439095161e+01
2.770425651084080343e+00,1.211723368439095161e+01
2.771306266623310144e+00,1.232839785114482467e+01
2.771306266623310144e+00,1.232839785114482467e+01
2.772191235562219802e+00,1.254208897743376205e+01
2.772191235562219802e+00,1.254208897743376205e+01
2.773076204501120134e+00,1.272665298321302707e+01
2.773076204501120134e+00,1.272665298321302707e+01
2.773994150047460305e+00,1.286974484051588163e+01
2.773994150047460305e+00,1.286974484051588163e+01
2.774967113373029814e+00,1.299775827617248325e+01
2.774967113373029814e+00,1.299775827617248325e+01
2.775949896083739876e+00,1.311345230019415453e+01
2.775949896083739876e+00,1.311345230019415453e+01
2.776938273447969951e+00,1.322941887429837493e+01
2.776938273447969951e+00,1.322941887429837493e+01
2.777969700441110135e+00,1.335842912728911891e+01
2.777969700441110135e+00,1.335842912728911891e+01
2.779038127046470130e+00,1.346008210692036755e+01
2.779038127046470130e+00,1.346008210692036755e+01
2.780110675856270142e+00,1.354106265334254466e+01
2.780110675856270142e+00,1.354106265334254466e+01
2.781212384074120081e+00,1.360562300015385162e+01
2.781212384074120081e+00,1.360562300015385162e+01
2.782359248773510263e+00,1.367973438418921006e+01
2.782359248773510263e+00,1.367973438418921006e+01
2.783519821886029977e+00,1.376950170565702436e+01
2.783519821886029977e+00,1.376950170565702436e+01
2.784710677155039615e+00,1.390491400497167440e+01
2.784710677155039615e+00,1.390491400497167440e+01
2.785944262853589759e+00,1.406649336596755973e+01
2.785944262853589759e+00,1.406649336596755973e+01
2.787202240919839813e+00,1.421746400733820614e+01
2.787202240919839813e+00,1.421746400733820614e+01
2.788490388018829869e+00,1.431144948637114034e+01
2.788490388018829869e+00,1.431144948637114034e+01
2.789813672617520002e+00,1.435931147010075470e+01
2.789813672617520002e+00,1.435931147010075470e+01
2.791174018649940081e+00,1.437241979693375704e+01
2.791174018649940081e+00,1.437241979693375704e+01
2.792567953109200030e+00,1.436786754352403861e+01
2.792567953109200030e+00,1.436786754352403861e+01
2.793993756491960134e+00,1.436930629770558809e+01
2.793993756491960134e+00,1.436930629770558809e+01
2.795464044782119739e+00,1.440059927715274135e+01
2.795464044782119739e+00,1.440059927715274135e+01
2.796949862187930069e+00,1.443985395047664788e+01
2.796949862187930069e+00,1.443985395047664788e+01
2.798435679593730185e+00,1.449063705998649532e+01
2.798435679593730185e+00,1.449063705998649532e+01
2.799921496999530302e+00,1.455449916922473541e+01
2.799921496999530302e+00,1.455449916922473541e+01
2.801472633105220211e+00,1.463542790741678346e+01
2.801472633105220211e+00,1.463542790741678346e+01
2.803126706225980147e+00,1.472754518219710462e+01
2.803126706225980147e+00,1.472754518219710462e+01
2.804794175182089955e+00,1.480426755782394110e+01
2.804794175182089955e+00,1.480426755782394110e+01
2.806461644138189993e+00,1.481922631710139981e+01
2.806461644138189993e+00,1.481922631710139981e+01
2.808157658573729787e+00,1.480312261656456840e+01
2.808157658573729787e+00,1.480312261656456840e+01
2.809979456756320104e+00,1.478573983642314538e+01
2.809979456756320104e+00,1.478573983642314538e+01
2.811847207686319905e+00,1.480311706328786592e+01
2.811847207686319905e+00,1.480311706328786592e+01
2.813714958616329920e+00,1.484458555844214978e+01
2.813714958616329920e+00,1.484458555844214978e+01
2.815616767932609843e+00,1.489715822243771015e+01
2.815616767932609843e+00,1.489715822243771015e+01
2.817615605759830277e+00,1.489228556424770389e+01
2.817615605759830277e+00,1.489228556424770389e+01
2.819651035687960050e+00,1.485407070076884750e+01
2.819651035687960050e+00,1.485407070076884750e+01
2.821697795362060113e+00,1.479265571981765603e+01
2.821697795362060113e+00,1.479265571981765603e+01
2.823821806121380451e+00,1.479049009913911306e+01
2.823821806121380451e+00,1.479049009913911306e+01
2.826029394378970050e+00,1.481044854324877669e+01
2.826029394378970050e+00,1.481044854324877669e+01
2.828257809597650052e+00,1.484236529461454701e+01
2.828257809597650052e+00,1.484236529461454701e+01
2.830540513794379986e+00,1.485202128018760526e+01
2.830540513794379986e+00,1.485202128018760526e+01
2.832898393699350148e+00,1.483215053279082873e+01
2.832898393699350148e+00,1.483215053279082873e+01
2.835297465916580162e+00,1.480054031363373213e+01
2.835297465916580162e+00,1.480054031363373213e+01
2.837758860786660176e+00,1.480184345603144358e+01
2.837758860786660176e+00,1.480184345603144358e+01
2.840297578671720391e+00,1.482117185159193973e+01
2.840297578671720391e+00,1.482117185159193973e+01
2.842886434311520105e+00,1.483138839661177322e+01
2.842886434311520105e+00,1.483138839661177322e+01
2.845489820508540380e+00,1.482023988050626606e+01
2.845489820508540380e+00,1.482023988050626606e+01
2.848173149887069933e+00,1.479326881016360495e+01
2.848173149887069933e+00,1.479326881016360495e+01
2.850930487189670348e+00,1.476558443481064131e+01
2.850930487189670348e+00,1.476558443481064131e+01
2.853687866343630031e+00,1.473282003246905347e+01
2.853687866343630031e+00,1.473282003246905347e+01
2.856477416615110343e+00,1.468064064634813981e+01
2.856477416615110343e+00,1.468064064634813981e+01
2.859396957338049994e+00,1.456725900643681015e+01
2.859396957338049994e+00,1.456725900643681015e+01
2.862889962241769837e+00,1.454905404707304228e+01
2.862889962241769837e+00,1.454905404707304228e+01
2.867573645501319657e+00,1.458039447629260366e+01
2.867573645501319657e+00,1.458039447629260366e+01
2.872536928471000284e+00,1.455799059439807941e+01
2.872536928471000284e+00,1.455799059439807941e+01
2.877500211440680022e+00,1.449521707838508711e+01
2.877500211440680022e+00,1.449521707838508711e+01
2.882547140121179741e+00,1.439995041034003620e+01
2.882547140121179741e+00,1.439995041034003620e+01
2.888583312958969973e+00,1.421674595522053508e+01
2.888583312958969973e+00,1.421674595522053508e+01
2.894146344953940186e+00,1.391133162239002097e+01
2.894146344953940186e+00,1.391133162239002097e+01
2.898167104272080241e+00,1.357203170544471149e+01
2.898167104272080241e+00,1.357203170544471149e+01
2.902687025853049718e+00,1.303779709312200730e+01
2.902687025853049718e+00,1.303779709312200730e+01
2.907268017622250067e+00,1.240246996324384376e+01
2.907268017622250067e+00,1.240246996324384376e+01
2.911279516836970060e+00,1.183561153152934686e+01
2.911279516836970060e+00,1.183561153152934686e+01
2.915005706215449965e+00,1.134548051653916012e+01
2.915005706215449965e+00,1.134548051653916012e+01
2.918731895593920100e+00,1.091075647657143755e+01
2.918731895593920100e+00,1.091075647657143755e+01
2.922458084972390235e+00,1.053822043216760385e+01
2.922458084972390235e+00,1.053822043216760385e+01
2.926184274350870140e+00,1.022575047248828106e+01
2.926184274350870140e+00,1.022575047248828106e+01
2.929910463729339831e+00,9.972780385382490564e+00
2.929910463729339831e+00,9.972780385382490564e+00
2.933636653107820180e+00,9.770872616080346518e+00
2.933636653107820180e+00,9.770872616080346518e+00
2.937362842486289871e+00,9.621414824509525232e+00
2.937362842486289871e+00,9.621414824509525232e+00
2.941089031864760006e+00,9.496679151475076353e+00
2.941089031864760006e+00,9.496679151475076353e+00
2.944815221243240355e+00,9.421391081672014778e+00
2.944815221243240355e+00,9.421391081672014778e+00
2.948541410621710046e+00,8.927778686801303820e+00
2.948541410621710046e+00,8.927778686801303820e+00
2.952267600000190395e+00,4.104699676999536528e+00
2.952267600000190395e+00,4.104699676999536528e+00
2.957259380721080078e+00,1.582865557184612859e+00
2.957259380721080078e+00,1.582865557184612859e+00
2.962251161441970204e+00,9.919225573135873608e-01
2.962251161441970204e+00,9.919225573135873608e-01
2.967242942162859887e+00,7.759956176590204757e-01
2.967242942162859887e+00,7.759956176590204757e-01
2.972234722883750013e+00,6.708034708678000113e-01
2.972234722883750013e+00,6.708034708678000113e-01
2.977226503604640140e+00,6.088130565902571956e-01
2.977226503604640140e+00,6.088130565902571956e-01
2.982218284325530266e+00,5.649835833034652088e-01
2.982218284325530266e+00,5.649835833034652088e-01
2.987210065046419949e+00,5.318245584395965286e-01
2.987210065046419949e+00,5.318245584395965286e-01
2.992201845767319845e+00,5.085641866900401098e-01
2.992201845767319845e+00,5.085641866900401098e-01
2.997193626488210416e+00,4.935825246027618074e-01
2.997193626488210416e+00,4.935825246027618074e-01
3.002185407209100099e+00,4.837355798603097945e-01
3.002185407209100099e+00,4.837355798603097945e-01
3.007177187929990225e+00,4.759999125020669686e-01
3.007177187929990225e+00,4.759999125020669686e-01
3.012168968650879908e+00,4.683384080249336501e-01
3.012168968650879908e+00,4.683384080249336501e-01
3.017160749371770034e+00,4.599673797345952275e-01
3.017160749371770034e+00,4.599673797345952275e-01
3.022152530092660161e+00,4.510120095659072570e-01
3.022152530092660161e+00,4.510120095659072570e-01
3.027144310813560057e+00,4.419605771185617926e-01
3.027144310813560057e+00,4.419605771185617926e-01
3.032136091534449740e+00,4.331332568834637131e-01
3.032136091534449740e+00,4.331332568834637131e-01
3.037127872255340311e+00,4.246495017589743126e-01
3.037127872255340311e+00,4.246495017589743126e-01
3.042119652976229993e+00,4.165507199574857156e-01
3.042119652976229993e+00,4.165507199574857156e-01
3.047111433697120120e+00,4.088750384237334612e-01
3.047111433697120120e+00,4.088750384237334612e-01
3.052103214418009802e+00,4.017082869662488842e-01
3.052103214418009802e+00,4.017082869662488842e-01
3.057094995138899929e+00,3.950603283841667701e-01
3.057094995138899929e+00,3.950603283841667701e-01
3.062187013618610010e+00,3.889188206400003844e-01
3.062187013618610010e+00,3.889188206400003844e-01
3.068076179614620091e+00,3.825897024006394420e-01
3.068076179614620091e+00,3.825897024006394420e-01
3.074551258793229991e+00,3.762571365818153657e-01
3.074551258793229991e+00,3.762571365818153657e-01
3.082670259346629749e+00,3.689826698315504250e-01
3.082670259346629749e+00,3.689826698315504250e-01
3.092530688339690137e+00,3.612648462952254835e-01
3.092530688339690137e+00,3.612648462952254835e-01
3.102514245318469754e+00,3.546357513371410919e-01
3.102514245318469754e+00,3.546357513371410919e-01
3.112497802297260030e+00,3.487992124446835929e-01
3.112497802297260030e+00,3.487992124446835929e-01
3.122481359276040092e+00,3.433919407367364007e-01
3.122481359276040092e+00,3.433919407367364007e-01
3.132464916254819709e+00,3.384758873346551677e-01
3.132464916254819709e+00,3.384758873346551677e-01
3.142448473233600215e+00,3.339760538527701272e-01
3.142448473233600215e+00,3.339760538527701272e-01
3.152432030212380276e+00,3.298195705659495713e-01
3.152432030212380276e+00,3.298195705659495713e-01
3.162415587191159894e+00,3.259725682620784326e-01
3.162415587191159894e+00,3.259725682620784326e-01
3.172399144169939955e+00,3.225828429349549831e-01
3.172399144169939955e+00,3.225828429349549831e-01
3.182382701148720017e+00,3.195705174721825692e-01
3.182382701148720017e+00,3.195705174721825692e-01
3.192366258127500078e+00,3.168441225819673690e-01
3.192366258127500078e+00,3.168441225819673690e-01
3.202349815106280140e+00,3.143716008008503038e-01
3.202349815106280140e+00,3.143716008008503038e-01
3.212333372085060201e+00,3.120737542237609352e-01
3.212333372085060201e+00,3.120737542237609352e-01
3.222316929063839819e+00,3.099265344522277865e-01
3.222316929063839819e+00,3.099265344522277865e-01
3.232300486042619880e+00,3.081669810176524416e-01
3.232300486042619880e+00,3.081669810176524416e-01
3.242284043021399942e+00,3.088420519263586073e-01
3.242284043021399942e+00,3.088420519263586073e-01
3.252267600000190217e+00,3.398094316547146665e-01
3.252267600000190217e+00,3.398094316547146665e-01
