x,wallHeatFlux
1.000000000000000056e-01,1.143287111032115063e+06
1.000000000000000056e-01,1.143287111032115063e+06
1.010265438157619960e-01,7.523548524881872581e+05
1.010265438157619960e-01,7.523548524881872581e+05
1.021207931798090024e-01,5.430411974618631648e+05
1.021207931798090024e-01,5.430411974618631648e+05
1.033371481796459962e-01,4.295806945860763662e+05
1.033371481796459962e-01,4.295806945860763662e+05
1.046148245093160012e-01,3.596119526641489938e+05
1.046148245093160012e-01,3.596119526641489938e+05
1.059670006163390132e-01,3.124132813722128631e+05
1.059670006163390132e-01,3.124132813722128631e+05
1.074938823441529967e-01,2.759737600691325497e+05
1.074938823441529967e-01,2.759737600691325497e+05
1.091182224824290004e-01,2.494104148407166358e+05
1.091182224824290004e-01,2.494104148407166358e+05
1.109719718177360065e-01,2.350845863602265308e+05
1.109719718177360065e-01,2.350845863602265308e+05
1.129817993843540008e-01,2.255180627295539307e+05
1.129817993843540008e-01,2.255180627295539307e+05
1.151614554758359915e-01,2.193320882399083348e+05
1.151614554758359915e-01,2.193320882399083348e+05
1.173837184219140017e-01,2.117953102507780422e+05
1.173837184219140017e-01,2.117953102507780422e+05
1.197410282882690052e-01,2.054386983001234184e+05
1.197410282882690052e-01,2.054386983001234184e+05
1.225135399901400024e-01,1.975754608171971922e+05
1.225135399901400024e-01,1.975754608171971922e+05
1.254280322719749929e-01,1.899366993503229460e+05
1.254280322719749929e-01,1.899366993503229460e+05
1.286638926330040122e-01,1.829359562187478004e+05
1.286638926330040122e-01,1.829359562187478004e+05
1.321824615639179967e-01,1.758978715863855905e+05
1.321824615639179967e-01,1.758978715863855905e+05
1.360944256617589998e-01,1.692778594633955217e+05
1.360944256617589998e-01,1.692778594633955217e+05
1.403003105089310198e-01,1.641949646710187371e+05
1.403003105089310198e-01,1.641949646710187371e+05
1.445061953561020129e-01,1.591866593049830408e+05
1.445061953561020129e-01,1.591866593049830408e+05
1.490370973252269915e-01,1.541730883562633826e+05
1.490370973252269915e-01,1.541730883562633826e+05
1.539649000278680013e-01,1.505665569091263460e+05
1.539649000278680013e-01,1.505665569091263460e+05
1.589364037243509997e-01,1.470080092291393375e+05
1.589364037243509997e-01,1.470080092291393375e+05
1.639079074208329989e-01,1.435121425609962898e+05
1.639079074208329989e-01,1.435121425609962898e+05
1.688794111173160251e-01,1.403202144896890386e+05
1.688794111173160251e-01,1.403202144896890386e+05
1.738509148137979965e-01,1.381195320556282823e+05
1.738509148137979965e-01,1.381195320556282823e+05
1.788224185102799957e-01,1.358650632341548917e+05
1.788224185102799957e-01,1.358650632341548917e+05
1.837939222067629941e-01,1.335691916781143809e+05
1.837939222067629941e-01,1.335691916781143809e+05
1.887654259032449933e-01,1.317432833864999702e+05
1.887654259032449933e-01,1.317432833864999702e+05
1.937369295997279917e-01,1.301828321907665668e+05
1.937369295997279917e-01,1.301828321907665668e+05
1.987084332962099908e-01,1.287562529471251910e+05
1.987084332962099908e-01,1.287562529471251910e+05
2.036799369926930170e-01,1.272116359207889473e+05
2.036799369926930170e-01,1.272116359207889473e+05
2.086514406891749884e-01,1.256633454343763005e+05
2.086514406891749884e-01,1.256633454343763005e+05
2.136229443856580146e-01,1.240925426679707307e+05
2.136229443856580146e-01,1.240925426679707307e+05
2.185944480821410130e-01,1.231369025591666141e+05
2.185944480821410130e-01,1.231369025591666141e+05
2.235659517786230122e-01,1.223134460709718696e+05
2.235659517786230122e-01,1.223134460709718696e+05
2.285374554751059828e-01,1.213151266011423286e+05
2.285374554751059828e-01,1.213151266011423286e+05
2.335089591715890089e-01,1.202413382545807544e+05
2.335089591715890089e-01,1.202413382545807544e+05
2.384804628680720073e-01,1.191025258921768254e+05
2.384804628680720073e-01,1.191025258921768254e+05
2.434519665645550057e-01,1.177267724648930161e+05
2.434519665645550057e-01,1.177267724648930161e+05
2.484234702610370049e-01,1.163272676915565535e+05
2.484234702610370049e-01,1.163272676915565535e+05
2.533949739575199755e-01,1.151135627314147132e+05
2.533949739575199755e-01,1.151135627314147132e+05
2.583664776540030017e-01,1.142046857788362831e+05
2.583664776540030017e-01,1.142046857788362831e+05
2.633379813504860278e-01,1.135048767176999972e+05
2.633379813504860278e-01,1.135048767176999972e+05
2.683094850469679993e-01,1.127835891977399442e+05
2.683094850469679993e-01,1.127835891977399442e+05
2.732809887434510254e-01,1.120706241267118457e+05
2.732809887434510254e-01,1.120706241267118457e+05
2.782524924399339961e-01,1.114124496467088175e+05
2.782524924399339961e-01,1.114124496467088175e+05
2.832239961364169667e-01,1.107528574378345511e+05
2.832239961364169667e-01,1.107528574378345511e+05
2.881954998328999928e-01,1.100568911250922974e+05
2.881954998328999928e-01,1.100568911250922974e+05
2.931670035293820198e-01,1.092922723139071604e+05
2.931670035293820198e-01,1.092922723139071604e+05
2.981385072258649904e-01,1.085238492314653995e+05
2.981385072258649904e-01,1.085238492314653995e+05
3.031100109223480166e-01,1.078351300696345716e+05
3.031100109223480166e-01,1.078351300696345716e+05
3.080815146188310427e-01,1.072657265265266906e+05
3.080815146188310427e-01,1.072657265265266906e+05
3.130530183153130142e-01,1.067949040168061183e+05
3.130530183153130142e-01,1.067949040168061183e+05
3.180245220117960403e-01,1.062947887845676014e+05
3.180245220117960403e-01,1.062947887845676014e+05
3.229960257082790109e-01,1.057071082422763284e+05
3.229960257082790109e-01,1.057071082422763284e+05
3.279675294047619816e-01,1.051079332922447647e+05
3.279675294047619816e-01,1.051079332922447647e+05
3.329390331012450077e-01,1.045643749331638246e+05
3.329390331012450077e-01,1.045643749331638246e+05
3.379105367977269792e-01,1.041425896412827133e+05
3.379105367977269792e-01,1.041425896412827133e+05
3.448264197259359731e-01,1.036453335650070949e+05
3.448264197259359731e-01,1.036453335650070949e+05
3.518839811142560059e-01,1.031674069455667923e+05
3.518839811142560059e-01,1.031674069455667923e+05
3.568785309040770071e-01,1.028612443723600882e+05
3.568785309040770071e-01,1.028612443723600882e+05
3.618500346005599777e-01,1.026068103214046423e+05
3.618500346005599777e-01,1.026068103214046423e+05
3.668215382970430039e-01,1.024238174053932889e+05
3.668215382970430039e-01,1.024238174053932889e+05
3.717930419935260300e-01,1.023006633033015241e+05
3.717930419935260300e-01,1.023006633033015241e+05
3.767645456900080014e-01,1.022078557802571304e+05
3.767645456900080014e-01,1.022078557802571304e+05
3.817360493864899729e-01,1.021178178315334226e+05
3.817360493864899729e-01,1.021178178315334226e+05
3.867075530829720553e-01,1.020126654923140595e+05
3.867075530829720553e-01,1.020126654923140595e+05
3.916790567794540268e-01,1.018951212220227608e+05
3.916790567794540268e-01,1.018951212220227608e+05
3.966505604759359982e-01,1.017834529908408877e+05
3.966505604759359982e-01,1.017834529908408877e+05
4.016220641724180251e-01,1.016704769165791076e+05
4.016220641724180251e-01,1.016704769165791076e+05
4.065935678689009958e-01,1.015414055571267527e+05
4.065935678689009958e-01,1.015414055571267527e+05
4.115650715653830227e-01,1.013985969550123409e+05
4.115650715653830227e-01,1.013985969550123409e+05
4.165365752618649942e-01,1.012435830128577800e+05
4.165365752618649942e-01,1.012435830128577800e+05
4.215393458471000110e-01,1.010622545534764795e+05
4.215393458471000110e-01,1.010622545534764795e+05
4.272226001699550024e-01,1.008282688022959046e+05
4.272226001699550024e-01,1.008282688022959046e+05
4.334808781618890161e-01,1.005463039871086366e+05
4.334808781618890161e-01,1.005463039871086366e+05
4.397391561538229743e-01,1.002581323559071898e+05
4.397391561538229743e-01,1.002581323559071898e+05
4.459974341457560443e-01,9.995556826934759738e+04
4.459974341457560443e-01,9.995556826934759738e+04
4.522557121376900025e-01,9.963341266524435196e+04
4.522557121376900025e-01,9.963341266524435196e+04
4.585139901296240161e-01,9.930369861504800792e+04
4.585139901296240161e-01,9.930369861504800792e+04
4.647722681215580298e-01,9.895497045131849882e+04
4.647722681215580298e-01,9.895497045131849882e+04
4.710305461134919880e-01,9.859919761748949531e+04
4.710305461134919880e-01,9.859919761748949531e+04
4.772888241054250580e-01,9.824871407692320645e+04
4.772888241054250580e-01,9.824871407692320645e+04
4.830138312143579804e-01,9.793724427188000118e+04
4.830138312143579804e-01,9.793724427188000118e+04
4.880281959613129716e-01,9.767887532362692582e+04
4.880281959613129716e-01,9.767887532362692582e+04
4.929996996577950541e-01,9.743864353514247341e+04
4.929996996577950541e-01,9.743864353514247341e+04
4.979712033542770255e-01,9.719999587907198293e+04
4.979712033542770255e-01,9.719999587907198293e+04
5.029427070507590525e-01,9.699536487287931959e+04
5.029427070507590525e-01,9.699536487287931959e+04
5.079142107472409684e-01,9.679645459293966996e+04
5.079142107472409684e-01,9.679645459293966996e+04
5.128857144437229953e-01,9.661341533526610874e+04
5.128857144437229953e-01,9.661341533526610874e+04
5.178595496106539464e-01,9.644238290237495676e+04
5.178595496106539464e-01,9.644238290237495676e+04
5.234748486119550348e-01,9.625355647112445149e+04
5.234748486119550348e-01,9.625355647112445149e+04
5.297169726837069881e-01,9.603762616857083049e+04
5.297169726837069881e-01,9.603762616857083049e+04
5.369879289305349301e-01,9.578188514104584465e+04
5.369879289305349301e-01,9.578188514104584465e+04
5.457303011847619567e-01,9.549067254221312760e+04
5.457303011847619567e-01,9.549067254221312760e+04
5.546790088385280537e-01,9.521727265277197876e+04
5.546790088385280537e-01,9.521727265277197876e+04
5.636277164922940397e-01,9.495240115456563944e+04
5.636277164922940397e-01,9.495240115456563944e+04
5.725764241460600257e-01,9.468217143163223227e+04
5.725764241460600257e-01,9.468217143163223227e+04
5.815251317998260117e-01,9.440312093434343114e+04
5.815251317998260117e-01,9.440312093434343114e+04
5.904738394535919976e-01,9.411757546515924332e+04
5.904738394535919976e-01,9.411757546515924332e+04
5.994225471073590938e-01,9.383295908436345053e+04
5.994225471073590938e-01,9.383295908436345053e+04
6.083302838366879683e-01,9.354348771204048535e+04
6.083302838366879683e-01,9.354348771204048535e+04
6.159084191794399477e-01,9.328598669929223252e+04
6.159084191794399477e-01,9.328598669929223252e+04
6.221666971713740724e-01,9.305635835097853851e+04
6.221666971713740724e-01,9.305635835097853851e+04
6.284249751633079750e-01,9.280444662575324764e+04
6.284249751633079750e-01,9.280444662575324764e+04
6.346832531552419887e-01,9.253063513621976017e+04
6.346832531552419887e-01,9.253063513621976017e+04
6.409415311471751142e-01,9.225403947893777513e+04
6.409415311471751142e-01,9.225403947893777513e+04
6.471998091391090169e-01,9.198957414711284218e+04
6.471998091391090169e-01,9.198957414711284218e+04
6.534580871310430306e-01,9.174828181598961237e+04
6.534580871310430306e-01,9.174828181598961237e+04
6.597163651229770442e-01,9.153276833003366482e+04
6.597163651229770442e-01,9.153276833003366482e+04
6.659746431149110579e-01,9.134612687020696467e+04
6.659746431149110579e-01,9.134612687020696467e+04
6.722329211068439614e-01,9.117264507073249843e+04
6.722329211068439614e-01,9.117264507073249843e+04
6.784911990987779751e-01,9.100137408942145703e+04
6.784911990987779751e-01,9.100137408942145703e+04
6.847494770907120998e-01,9.084391801217648026e+04
6.847494770907120998e-01,9.084391801217648026e+04
6.910077550826450032e-01,9.069682162589802465e+04
6.910077550826450032e-01,9.069682162589802465e+04
6.973041705447640126e-01,9.057701633845246397e+04
6.973041705447640126e-01,9.057701633845246397e+04
7.050249874932079663e-01,9.045794785963417962e+04
7.050249874932079663e-01,9.045794785963417962e+04
7.139736951469740633e-01,9.029516765090604895e+04
7.139736951469740633e-01,9.029516765090604895e+04
7.229224028007410485e-01,9.011235661359092046e+04
7.229224028007410485e-01,9.011235661359092046e+04
7.318711104545069235e-01,8.995963247503653110e+04
7.318711104545069235e-01,8.995963247503653110e+04
7.408198181082730205e-01,8.984344413966256252e+04
7.408198181082730205e-01,8.984344413966256252e+04
7.497685257620390065e-01,8.975193492394643545e+04
7.497685257620390065e-01,8.975193492394643545e+04
7.587172334158049924e-01,8.969450783390650759e+04
7.587172334158049924e-01,8.969450783390650759e+04
7.676659410695709784e-01,8.964770207380819193e+04
7.676659410695709784e-01,8.964770207380819193e+04
7.766146487233379636e-01,8.952020457946589158e+04
7.766146487233379636e-01,8.952020457946589158e+04
7.855633563771040606e-01,8.935487970359915926e+04
7.855633563771040606e-01,8.935487970359915926e+04
7.945120640308699356e-01,8.913686287464080669e+04
7.945120640308699356e-01,8.913686287464080669e+04
8.034607716846360326e-01,8.890330552514265582e+04
8.034607716846360326e-01,8.890330552514265582e+04
8.127179670360050734e-01,8.866993934065790381e+04
8.127179670360050734e-01,8.866993934065790381e+04
8.225544586187589768e-01,8.845184579729250981e+04
8.225544586187589768e-01,8.845184579729250981e+04
8.324974615668560007e-01,8.827389802833051363e+04
8.324974615668560007e-01,8.827389802833051363e+04
8.424404645149530246e-01,8.811814925719537132e+04
8.424404645149530246e-01,8.811814925719537132e+04
8.523834674630510477e-01,8.801587532608532638e+04
8.523834674630510477e-01,8.801587532608532638e+04
8.623264704111479606e-01,8.791617754409744521e+04
8.623264704111479606e-01,8.791617754409744521e+04
8.722116581855490214e-01,8.782045063193676469e+04
8.722116581855490214e-01,8.782045063193676469e+04
8.815592890861150277e-01,8.773733185980761482e+04
8.815592890861150277e-01,8.773733185980761482e+04
8.905079967398820129e-01,8.768384764489384543e+04
8.905079967398820129e-01,8.768384764489384543e+04
8.994567043936479989e-01,8.768284277462628961e+04
8.994567043936479989e-01,8.768284277462628961e+04
9.084054120474139848e-01,8.767648592634033412e+04
9.084054120474139848e-01,8.767648592634033412e+04
9.173541197011800818e-01,8.760164168864165549e+04
9.173541197011800818e-01,8.760164168864165549e+04
9.263028273549459568e-01,8.746026531015608634e+04
9.263028273549459568e-01,8.746026531015608634e+04
9.352515350087120538e-01,8.727775503902685887e+04
9.352515350087120538e-01,8.727775503902685887e+04
9.442002426624790390e-01,8.720381967682580580e+04
9.442002426624790390e-01,8.720381967682580580e+04
9.531489503162450250e-01,8.717610645476813079e+04
9.531489503162450250e-01,8.717610645476813079e+04
9.620976579700110110e-01,8.716408362731203670e+04
9.620976579700110110e-01,8.716408362731203670e+04
9.710463656237769969e-01,8.715567207778905868e+04
9.710463656237769969e-01,8.715567207778905868e+04
9.804228456400710945e-01,8.714548065099917585e+04
9.804228456400710945e-01,8.714548065099917585e+04
9.903235671789970551e-01,8.711561587871740630e+04
9.903235671789970551e-01,8.711561587871740630e+04
1.000266570127089860e+00,8.708829042322622263e+04
1.000266570127089860e+00,8.708829042322622263e+04
1.010209573075189882e+00,8.704287090340944997e+04
1.010209573075189882e+00,8.704287090340944997e+04
1.020152576023289903e+00,8.698362162736114988e+04
1.020152576023289903e+00,8.698362162736114988e+04
1.030095578971390147e+00,8.694548195569554809e+04
1.030095578971390147e+00,8.694548195569554809e+04
1.040038581919480176e+00,8.690235600956018607e+04
1.040038581919480176e+00,8.690235600956018607e+04
1.049981584867580198e+00,8.683828932198106486e+04
1.049981584867580198e+00,8.683828932198106486e+04
1.059924587815679997e+00,8.677991868893882202e+04
1.059924587815679997e+00,8.677991868893882202e+04
1.069867590763780019e+00,8.673233646382366715e+04
1.069867590763780019e+00,8.673233646382366715e+04
1.079810593711870048e+00,8.667278821354782849e+04
1.079810593711870048e+00,8.667278821354782849e+04
1.089753596659970070e+00,8.660373994472388586e+04
1.089753596659970070e+00,8.660373994472388586e+04
1.099696599608070091e+00,8.651502122708171373e+04
1.099696599608070091e+00,8.651502122708171373e+04
1.109639602556170113e+00,8.637609230054836371e+04
1.109639602556170113e+00,8.637609230054836371e+04
1.119582605504260142e+00,8.629250304496008903e+04
1.119582605504260142e+00,8.629250304496008903e+04
1.129525608452360164e+00,8.623898665951512521e+04
1.129525608452360164e+00,8.623898665951512521e+04
1.139310824445489922e+00,8.618081388045492349e+04
1.139310824445489922e+00,8.618081388045492349e+04
1.149011509760780037e+00,8.608209362722079095e+04
1.149011509760780037e+00,8.608209362722079095e+04
1.158954512708880058e+00,8.599033402253310487e+04
1.158954512708880058e+00,8.599033402253310487e+04
1.168897515656970088e+00,8.592486756345577305e+04
1.168897515656970088e+00,8.592486756345577305e+04
1.178840518605070109e+00,8.586164826669845206e+04
1.178840518605070109e+00,8.586164826669845206e+04
1.188783521553169908e+00,8.575471417845066753e+04
1.188783521553169908e+00,8.575471417845066753e+04
1.198726524501269930e+00,8.556352605043374933e+04
1.198726524501269930e+00,8.556352605043374933e+04
1.208669527449359959e+00,8.530128194083097333e+04
1.208669527449359959e+00,8.530128194083097333e+04
1.218612530397459981e+00,8.519844340949517209e+04
1.218612530397459981e+00,8.519844340949517209e+04
1.228555533345560002e+00,8.517182045839408238e+04
1.228555533345560002e+00,8.517182045839408238e+04
1.238498536293650032e+00,8.506127563383826055e+04
1.238498536293650032e+00,8.506127563383826055e+04
1.248441539241750053e+00,8.494069447203906020e+04
1.248441539241750053e+00,8.494069447203906020e+04
1.258384542189850075e+00,8.479797084673454810e+04
1.258384542189850075e+00,8.479797084673454810e+04
1.268327545137950096e+00,8.465360265102170524e+04
1.268327545137950096e+00,8.465360265102170524e+04
1.278270548086039904e+00,8.449195730887306854e+04
1.278270548086039904e+00,8.449195730887306854e+04
1.288213551034139925e+00,8.433392615362926153e+04
1.288213551034139925e+00,8.433392615362926153e+04
1.298156553982239947e+00,8.426313624440290732e+04
1.298156553982239947e+00,8.426313624440290732e+04
1.308099556930339968e+00,8.424879439192370046e+04
1.308099556930339968e+00,8.424879439192370046e+04
1.318042559878429998e+00,8.415658534498914378e+04
1.318042559878429998e+00,8.415658534498914378e+04
1.327985562826530019e+00,8.403405901849268412e+04
1.327985562826530019e+00,8.403405901849268412e+04
1.337928565774630041e+00,8.389315402484878723e+04
1.337928565774630041e+00,8.389315402484878723e+04
1.347871568722730062e+00,8.387782301112724235e+04
1.347871568722730062e+00,8.387782301112724235e+04
1.357814571670820092e+00,8.391930263293544704e+04
1.357814571670820092e+00,8.391930263293544704e+04
1.367757574618920113e+00,8.389096388387907064e+04
1.367757574618920113e+00,8.389096388387907064e+04
1.377700577567019913e+00,8.380476039523899090e+04
1.377700577567019913e+00,8.380476039523899090e+04
1.387643580515119934e+00,8.370771993353482685e+04
1.387643580515119934e+00,8.370771993353482685e+04
1.397586583463209964e+00,8.359404786778164271e+04
1.397586583463209964e+00,8.359404786778164271e+04
1.407529586411309985e+00,8.344512768672443053e+04
1.407529586411309985e+00,8.344512768672443053e+04
1.417472589359410007e+00,8.336402013751558843e+04
1.417472589359410007e+00,8.336402013751558843e+04
1.427415592307500036e+00,8.332031569876633876e+04
1.427415592307500036e+00,8.332031569876633876e+04
1.437358595255600058e+00,8.325227333091948822e+04
1.437358595255600058e+00,8.325227333091948822e+04
1.447301598203700079e+00,8.314375633151757938e+04
1.447301598203700079e+00,8.314375633151757938e+04
1.457244601151800101e+00,8.305043351151281968e+04
1.457244601151800101e+00,8.305043351151281968e+04
1.467187604099890130e+00,8.299498848659284704e+04
1.467187604099890130e+00,8.299498848659284704e+04
1.477130607047989930e+00,8.295370221479932661e+04
1.477130607047989930e+00,8.295370221479932661e+04
1.487073609996089951e+00,8.284693081539186824e+04
1.487073609996089951e+00,8.284693081539186824e+04
1.497016612944189973e+00,8.271799273989342328e+04
1.497016612944189973e+00,8.271799273989342328e+04
1.506959615892280002e+00,8.262183009881399630e+04
1.506959615892280002e+00,8.262183009881399630e+04
1.516902618840380024e+00,8.257930802400455286e+04
1.516902618840380024e+00,8.257930802400455286e+04
1.526845621788480045e+00,8.249764497623260831e+04
1.526845621788480045e+00,8.249764497623260831e+04
1.536788624736580067e+00,8.236374207908971584e+04
1.536788624736580067e+00,8.236374207908971584e+04
1.546731627684670096e+00,8.221614120612162515e+04
1.546731627684670096e+00,8.221614120612162515e+04
1.556674630632770118e+00,8.215446632838986989e+04
1.556674630632770118e+00,8.215446632838986989e+04
1.566617633580870139e+00,8.211450269210358965e+04
1.566617633580870139e+00,8.211450269210358965e+04
1.576560636528969939e+00,8.201125355955204577e+04
1.576560636528969939e+00,8.201125355955204577e+04
1.586503639477059968e+00,8.188208139875266352e+04
1.586503639477059968e+00,8.188208139875266352e+04
1.596446642425159990e+00,8.173860637069393124e+04
1.596446642425159990e+00,8.173860637069393124e+04
1.606389645373260011e+00,8.162334500080479484e+04
1.606389645373260011e+00,8.162334500080479484e+04
1.616332648321350041e+00,8.153461266130533477e+04
1.616332648321350041e+00,8.153461266130533477e+04
1.626275651269450062e+00,8.145075336331344442e+04
1.626275651269450062e+00,8.145075336331344442e+04
1.636218654217550084e+00,8.134511918552617135e+04
1.636218654217550084e+00,8.134511918552617135e+04
1.646161657165650105e+00,8.121654547459085006e+04
1.646161657165650105e+00,8.121654547459085006e+04
1.656104660113740135e+00,8.115117863316790317e+04
1.656104660113740135e+00,8.115117863316790317e+04
1.666047663061840156e+00,8.109213925879145972e+04
1.666047663061840156e+00,8.109213925879145972e+04
1.675990666009939956e+00,8.100006357062514871e+04
1.675990666009939956e+00,8.100006357062514871e+04
1.685933668958039977e+00,8.086895722106356698e+04
1.685933668958039977e+00,8.086895722106356698e+04
1.695876671906130007e+00,8.079526673472106631e+04
1.695876671906130007e+00,8.079526673472106631e+04
1.705819674854230028e+00,8.074769409178313799e+04
1.705819674854230028e+00,8.074769409178313799e+04
1.715762677802330050e+00,8.072384632272303861e+04
1.715762677802330050e+00,8.072384632272303861e+04
1.725705680750430071e+00,8.069680186012244667e+04
1.725705680750430071e+00,8.069680186012244667e+04
1.735648683698520101e+00,8.065491645204230736e+04
1.735648683698520101e+00,8.065491645204230736e+04
1.745591686646620122e+00,8.062683296255330788e+04
1.745591686646620122e+00,8.062683296255330788e+04
1.755534689594720144e+00,8.058161433520316496e+04
1.755534689594720144e+00,8.058161433520316496e+04
1.765477692542820165e+00,8.049998265067029570e+04
1.765477692542820165e+00,8.049998265067029570e+04
1.775420695490909972e+00,8.038831753071074490e+04
1.775420695490909972e+00,8.038831753071074490e+04
1.785363698439009994e+00,8.028577948168921284e+04
1.785363698439009994e+00,8.028577948168921284e+04
1.795306701387110015e+00,8.018444631779009069e+04
1.795306701387110015e+00,8.018444631779009069e+04
1.805249704335200045e+00,8.004251020582148340e+04
1.805249704335200045e+00,8.004251020582148340e+04
1.815192707283300066e+00,7.989755851782306854e+04
1.815192707283300066e+00,7.989755851782306854e+04
1.825135710231400088e+00,7.983103323170675139e+04
1.825135710231400088e+00,7.983103323170675139e+04
1.835078713179500109e+00,7.980988076412663213e+04
1.835078713179500109e+00,7.980988076412663213e+04
1.845021716127590139e+00,7.977544176111076376e+04
1.845021716127590139e+00,7.977544176111076376e+04
1.854964719075690160e+00,7.968815722033788916e+04
1.854964719075690160e+00,7.968815722033788916e+04
1.864907722023789960e+00,7.958282147884808364e+04
1.864907722023789960e+00,7.958282147884808364e+04
1.874850724971889981e+00,7.953454322433387279e+04
1.874850724971889981e+00,7.953454322433387279e+04
1.884793727919980011e+00,7.951223281167804089e+04
1.884793727919980011e+00,7.951223281167804089e+04
1.894736730868080032e+00,7.943958093239570735e+04
1.894736730868080032e+00,7.943958093239570735e+04
1.904679733816180054e+00,7.935360087884697714e+04
1.904679733816180054e+00,7.935360087884697714e+04
1.914622736764280075e+00,7.926393902838540089e+04
1.914622736764280075e+00,7.926393902838540089e+04
1.924565739712370105e+00,7.915554049704557110e+04
1.924565739712370105e+00,7.915554049704557110e+04
1.934508742660470126e+00,7.904329444114181388e+04
1.934508742660470126e+00,7.904329444114181388e+04
1.944451745608570148e+00,7.898302667174104135e+04
1.944451745608570148e+00,7.898302667174104135e+04
1.954394748556670169e+00,7.892636996244639158e+04
1.954394748556670169e+00,7.892636996244639158e+04
1.964337751504759977e+00,7.883398203491557797e+04
1.964337751504759977e+00,7.883398203491557797e+04
1.974280754452859998e+00,7.872232076892122859e+04
1.974280754452859998e+00,7.872232076892122859e+04
1.984223757400960020e+00,7.858281938387209084e+04
1.984223757400960020e+00,7.858281938387209084e+04
1.994166760349050049e+00,7.845849700097460300e+04
1.994166760349050049e+00,7.845849700097460300e+04
2.004109763297150071e+00,7.835883058085611265e+04
2.004109763297150071e+00,7.835883058085611265e+04
2.014052766245249870e+00,7.825124583872285439e+04
2.014052766245249870e+00,7.825124583872285439e+04
2.023995769193350114e+00,7.813490309482681914e+04
2.023995769193350114e+00,7.813490309482681914e+04
2.033938772141440143e+00,7.806946447107708082e+04
2.033938772141440143e+00,7.806946447107708082e+04
2.043881775089539943e+00,7.803047303925482265e+04
2.043881775089539943e+00,7.803047303925482265e+04
2.053824778037640186e+00,7.794734713522430684e+04
2.053824778037640186e+00,7.794734713522430684e+04
2.063767780985739986e+00,7.784246091152008739e+04
2.063767780985739986e+00,7.784246091152008739e+04
2.073710783933820245e+00,7.771501230923182447e+04
2.073710783933820245e+00,7.771501230923182447e+04
2.083653786881910275e+00,7.765146373676204530e+04
2.083653786881910275e+00,7.765146373676204530e+04
2.093596789829999860e+00,7.763219445650315902e+04
2.093596789829999860e+00,7.763219445650315902e+04
2.103539792778080120e+00,7.760122359204025997e+04
2.103539792778080120e+00,7.760122359204025997e+04
2.113482795726170149e+00,7.752898627486189071e+04
2.113482795726170149e+00,7.752898627486189071e+04
2.123425798674260179e+00,7.743959375092716073e+04
2.123425798674260179e+00,7.743959375092716073e+04
2.133368801622339994e+00,7.739030779880663613e+04
2.133368801622339994e+00,7.739030779880663613e+04
2.143311804570430024e+00,7.734470176793285646e+04
2.143311804570430024e+00,7.734470176793285646e+04
2.153254807518520053e+00,7.728688072286159149e+04
2.153254807518520053e+00,7.728688072286159149e+04
2.163197810466610083e+00,7.722490750650818518e+04
2.163197810466610083e+00,7.722490750650818518e+04
2.173140813414689898e+00,7.715900170886985143e+04
2.173140813414689898e+00,7.715900170886985143e+04
2.183083816362779928e+00,7.708460596341910423e+04
2.183083816362779928e+00,7.708460596341910423e+04
2.193026819310869957e+00,7.699362079261377221e+04
2.193026819310869957e+00,7.699362079261377221e+04
2.202969822258950217e+00,7.688619762893380539e+04
2.202969822258950217e+00,7.688619762893380539e+04
2.212912825207040246e+00,7.680660663722184836e+04
2.212912825207040246e+00,7.680660663722184836e+04
2.222855828155129831e+00,7.674572082608156779e+04
2.222855828155129831e+00,7.674572082608156779e+04
2.232798831103210091e+00,7.670982837855305115e+04
2.232798831103210091e+00,7.670982837855305115e+04
2.242741834051300120e+00,7.666439950752109871e+04
2.242741834051300120e+00,7.666439950752109871e+04
2.252684836999390150e+00,7.658524870427783753e+04
2.252684836999390150e+00,7.658524870427783753e+04
2.262627839947469965e+00,7.646272438822565891e+04
2.262627839947469965e+00,7.646272438822565891e+04
2.272570842895559995e+00,7.637724663441981829e+04
2.272570842895559995e+00,7.637724663441981829e+04
2.282513845843650024e+00,7.633593951138162811e+04
2.282513845843650024e+00,7.633593951138162811e+04
2.292456848791729840e+00,7.631825715004520316e+04
2.292456848791729840e+00,7.631825715004520316e+04
2.302399851739819869e+00,7.627770275842264527e+04
2.302399851739819869e+00,7.627770275842264527e+04
2.312342854687909899e+00,7.620506232947374519e+04
2.312342854687909899e+00,7.620506232947374519e+04
2.322285857635990158e+00,7.613951195562252542e+04
2.322285857635990158e+00,7.613951195562252542e+04
2.332228860584080188e+00,7.606982192515009956e+04
2.332228860584080188e+00,7.606982192515009956e+04
2.342171863532169773e+00,7.599161516065592878e+04
2.342171863532169773e+00,7.599161516065592878e+04
2.352114866480250033e+00,7.590775394556384708e+04
2.352114866480250033e+00,7.590775394556384708e+04
2.362057869428340062e+00,7.585385837758000707e+04
2.362057869428340062e+00,7.585385837758000707e+04
2.372000872376430092e+00,7.582223365236844984e+04
2.372000872376430092e+00,7.582223365236844984e+04
2.381943875324509907e+00,7.578027424239162065e+04
2.381943875324509907e+00,7.578027424239162065e+04
2.391886878272599937e+00,7.571587662361004914e+04
2.391886878272599937e+00,7.571587662361004914e+04
2.401829881220689966e+00,7.565616721992265957e+04
2.401829881220689966e+00,7.565616721992265957e+04
2.411772884168769782e+00,7.558838397492883087e+04
2.411772884168769782e+00,7.558838397492883087e+04
2.421715887116859811e+00,7.553794494843302527e+04
2.421715887116859811e+00,7.553794494843302527e+04
2.431658890064949841e+00,7.546711882714243256e+04
2.431658890064949841e+00,7.546711882714243256e+04
2.441601893013030100e+00,7.537326223291481438e+04
2.441601893013030100e+00,7.537326223291481438e+04
2.451544895961120130e+00,7.529432183127090684e+04
2.451544895961120130e+00,7.529432183127090684e+04
2.461487898909210159e+00,7.524539712440824951e+04
2.461487898909210159e+00,7.524539712440824951e+04
2.471430901857289975e+00,7.519847930834518047e+04
2.471430901857289975e+00,7.519847930834518047e+04
2.481373904805380004e+00,7.516358530265638547e+04
2.481373904805380004e+00,7.516358530265638547e+04
2.491316907753470034e+00,7.514013246826092654e+04
2.491316907753470034e+00,7.514013246826092654e+04
2.501259910701549849e+00,7.510379643408395350e+04
2.501259910701549849e+00,7.510379643408395350e+04
2.511202913649639878e+00,7.504962317249151238e+04
2.511202913649639878e+00,7.504962317249151238e+04
2.521145916597729908e+00,7.496511649452660640e+04
2.521145916597729908e+00,7.496511649452660640e+04
2.531088919545809723e+00,7.485046604989856132e+04
2.531088919545809723e+00,7.485046604989856132e+04
2.541031922493899753e+00,7.473361386158077221e+04
2.541031922493899753e+00,7.473361386158077221e+04
2.550616204640280049e+00,7.468324162077685469e+04
2.550616204640280049e+00,7.468324162077685469e+04
2.558538452179189626e+00,7.465235245384782320e+04
2.558538452179189626e+00,7.465235245384782320e+04
2.565630299088200061e+00,7.462659446528971603e+04
2.565630299088200061e+00,7.462659446528971603e+04
2.572722145997200283e+00,7.458457460655827890e+04
2.572722145997200283e+00,7.458457460655827890e+04
2.579297857677469885e+00,7.454561880104182637e+04
2.579297857677469885e+00,7.454561880104182637e+04
2.583957632186120179e+00,7.452311401962637319e+04
2.583957632186120179e+00,7.452311401962637319e+04
2.587907686415519937e+00,7.450910163839043526e+04
2.587907686415519937e+00,7.450910163839043526e+04
2.591847600946220354e+00,7.450092444139426516e+04
2.591847600946220354e+00,7.450092444139426516e+04
2.595626214440799995e+00,7.449558408546907594e+04
2.595626214440799995e+00,7.449558408546907594e+04
2.599228477322089947e+00,7.449043105830627610e+04
2.599228477322089947e+00,7.449043105830627610e+04
2.602826603920640025e+00,7.448366792126865766e+04
2.602826603920640025e+00,7.448366792126865766e+04
2.606418662763299920e+00,7.447349938204194768e+04
2.606418662763299920e+00,7.447349938204194768e+04
2.609921406294759993e+00,7.446069849946467730e+04
2.609921406294759993e+00,7.446069849946467730e+04
2.613344401164889863e+00,7.444012381452981208e+04
2.613344401164889863e+00,7.444012381452981208e+04
2.616681175145569860e+00,7.442037767114173039e+04
2.616681175145569860e+00,7.442037767114173039e+04
2.619943545836049825e+00,7.439738488203614543e+04
2.619943545836049825e+00,7.439738488203614543e+04
2.623125614604230105e+00,7.437391775456561300e+04
2.623125614604230105e+00,7.437391775456561300e+04
2.626222566805300307e+00,7.435203652893942490e+04
2.626222566805300307e+00,7.435203652893942490e+04
2.629257247179729973e+00,7.432997251665561635e+04
2.629257247179729973e+00,7.432997251665561635e+04
2.632195173270059918e+00,7.430485042391112074e+04
2.632195173270059918e+00,7.430485042391112074e+04
2.635094723135679828e+00,7.427515296060169931e+04
2.635094723135679828e+00,7.427515296060169931e+04
2.637886241695569733e+00,7.424235070349209127e+04
2.637886241695569733e+00,7.424235070349209127e+04
2.640639209290260414e+00,7.420746054520773760e+04
2.640639209290260414e+00,7.420746054520773760e+04
2.643316685800420007e+00,7.417301052037964109e+04
2.643316685800420007e+00,7.417301052037964109e+04
2.645901578095650297e+00,7.414205676716756716e+04
2.645901578095650297e+00,7.414205676716756716e+04
2.648470741925770255e+00,7.411678357982495800e+04
2.648470741925770255e+00,7.411678357982495800e+04
2.650935792843600147e+00,7.409629657857073471e+04
2.650935792843600147e+00,7.409629657857073471e+04
2.653331252015500130e+00,7.407917867295576434e+04
2.653331252015500130e+00,7.407917867295576434e+04
2.655704434494110089e+00,7.406131112354269135e+04
2.655704434494110089e+00,7.406131112354269135e+04
2.657982157687570179e+00,7.404119977131494670e+04
2.657982157687570179e+00,7.404119977131494670e+04
2.660206904536710493e+00,7.401935482610901818e+04
2.660206904536710493e+00,7.401935482610901818e+04
2.662421741296960409e+00,7.399686440406052861e+04
2.662421741296960409e+00,7.399686440406052861e+04
2.664539803502290027e+00,7.397544895170736709e+04
2.664539803502290027e+00,7.397544895170736709e+04
2.666590547390490062e+00,7.395465860895429796e+04
2.666590547390490062e+00,7.395465860895429796e+04
2.668641291278699867e+00,7.393476512253477995e+04
2.668641291278699867e+00,7.393476512253477995e+04
2.670644622970619775e+00,7.391576371130952612e+04
2.670644622970619775e+00,7.391576371130952612e+04
2.672583194225619962e+00,7.390090726221946534e+04
2.672583194225619962e+00,7.390090726221946534e+04
2.674492283236810319e+00,7.388748453639951185e+04
2.674492283236810319e+00,7.388748453639951185e+04
2.676376965991480006e+00,7.387400407993486442e+04
2.676376965991480006e+00,7.387400407993486442e+04
2.678207169729660109e+00,7.386036591305446927e+04
2.678207169729660109e+00,7.386036591305446927e+04
2.680000865935240117e+00,7.384650954962999094e+04
2.680000865935240117e+00,7.384650954962999094e+04
2.681739425231139951e+00,7.383261649766088522e+04
2.681739425231139951e+00,7.383261649766088522e+04
2.683445199372640477e+00,7.381838339367744629e+04
2.683445199372640477e+00,7.381838339367744629e+04
2.685093878365939712e+00,7.380400092089484679e+04
2.685093878365939712e+00,7.380400092089484679e+04
2.686709485782079909e+00,7.378909098811889999e+04
2.686709485782079909e+00,7.378909098811889999e+04
2.688276236377720174e+00,7.377388091396172240e+04
2.688276236377720174e+00,7.377388091396172240e+04
2.689809880144740095e+00,7.375854429473064374e+04
2.689809880144740095e+00,7.375854429473064374e+04
2.691303000389620337e+00,7.374357615143286239e+04
2.691303000389620337e+00,7.374357615143286239e+04
2.692753303583359958e+00,7.372963856563028821e+04
2.692753303583359958e+00,7.372963856563028821e+04
2.694184066653890319e+00,7.371705610271405021e+04
2.694184066653890319e+00,7.371705610271405021e+04
2.695559224485669869e+00,7.370634165373774886e+04
2.695559224485669869e+00,7.370634165373774886e+04
2.696919066247839947e+00,7.369637339227415214e+04
2.696919066247839947e+00,7.369637339227415214e+04
2.698242878200189931e+00,7.368703442216171243e+04
2.698242878200189931e+00,7.368703442216171243e+04
2.699524744113070085e+00,7.367826193148754828e+04
2.699524744113070085e+00,7.367826193148754828e+04
2.700794850480469744e+00,7.366954800129937939e+04
2.700794850480469744e+00,7.366954800129937939e+04
2.702018354960769919e+00,7.366091627898039587e+04
2.702018354960769919e+00,7.366091627898039587e+04
2.703211515677240051e+00,7.365214842673031671e+04
2.703211515677240051e+00,7.365214842673031671e+04
2.704389683878960060e+00,7.364305638790965895e+04
2.704389683878960060e+00,7.364305638790965895e+04
2.705520708862910073e+00,7.363433092520073114e+04
2.705520708862910073e+00,7.363433092520073114e+04
2.706626868010939990e+00,7.362588776549698377e+04
2.706626868010939990e+00,7.362588776549698377e+04
2.707730034395090080e+00,7.361757898092783580e+04
2.707730034395090080e+00,7.361757898092783580e+04
2.708808295170479941e+00,7.360953564984502736e+04
2.708808295170479941e+00,7.360953564984502736e+04
2.709857049194969836e+00,7.360179851140038227e+04
2.709857049194969836e+00,7.360179851140038227e+04
2.710880164529370084e+00,7.359364262735289230e+04
2.710880164529370084e+00,7.359364262735289230e+04
2.711880282471240466e+00,7.358556591206685698e+04
2.711880282471240466e+00,7.358556591206685698e+04
2.712856663759880327e+00,7.357719013371846813e+04
2.712856663759880327e+00,7.357719013371846813e+04
2.713808000174490420e+00,7.356869507810144569e+04
2.713808000174490420e+00,7.356869507810144569e+04
2.714740517908559969e+00,7.356044441044364066e+04
2.714740517908559969e+00,7.356044441044364066e+04
2.715649543994709703e+00,7.355285366447009437e+04
2.715649543994709703e+00,7.355285366447009437e+04
2.716537658727159688e+00,7.354568276681815041e+04
2.716537658727159688e+00,7.354568276681815041e+04
2.717394612488889916e+00,7.353909795118327020e+04
2.717394612488889916e+00,7.353909795118327020e+04
2.718232125306160096e+00,7.353289496331335977e+04
2.718232125306160096e+00,7.353289496331335977e+04
2.719047739652070028e+00,7.352700385460391408e+04
2.719047739652070028e+00,7.352700385460391408e+04
2.719846476888929665e+00,7.352131660110753728e+04
2.719846476888929665e+00,7.352131660110753728e+04
2.720626101235940286e+00,7.351577748961288307e+04
2.720626101235940286e+00,7.351577748961288307e+04
2.721390429916550335e+00,7.351033094195072772e+04
2.721390429916550335e+00,7.351033094195072772e+04
2.722133667340350005e+00,7.350478756921386230e+04
2.722133667340350005e+00,7.350478756921386230e+04
2.722855010770820261e+00,7.349944536040796083e+04
2.722855010770820261e+00,7.349944536040796083e+04
2.723565335232380313e+00,7.349407146450781147e+04
2.723565335232380313e+00,7.349407146450781147e+04
2.724251836935160043e+00,7.348868606099247700e+04
2.724251836935160043e+00,7.348868606099247700e+04
2.724927992826569945e+00,7.348321874254559225e+04
2.724927992826569945e+00,7.348321874254559225e+04
2.725581827685450431e+00,7.347779278330647503e+04
2.725581827685450431e+00,7.347779278330647503e+04
2.726216077672910298e+00,7.347241195680951932e+04
2.726216077672910298e+00,7.347241195680951932e+04
2.726848081959119874e+00,7.346684314028096560e+04
2.726848081959119874e+00,7.346684314028096560e+04
2.727459514581270117e+00,7.346118310058506904e+04
2.727459514581270117e+00,7.346118310058506904e+04
2.728053486615220180e+00,7.345585939663337194e+04
2.728053486615220180e+00,7.345585939663337194e+04
2.728639679214500013e+00,7.344795908041634539e+04
2.728639679214500013e+00,7.344795908041634539e+04
2.729209396783499830e+00,7.341184379597307998e+04
2.729209396783499830e+00,7.341184379597307998e+04
2.729768025457830039e+00,7.327791306390117097e+04
2.729768025457830039e+00,7.327791306390117097e+04
2.730316009968650093e+00,7.308892408175612218e+04
2.730316009968650093e+00,7.308892408175612218e+04
2.730847976921189968e+00,7.311087048186783795e+04
2.730847976921189968e+00,7.311087048186783795e+04
2.731365066471870051e+00,7.296927000501993462e+04
2.731365066471870051e+00,7.296927000501993462e+04
2.731870095081640137e+00,7.284975817861678661e+04
2.731870095081640137e+00,7.284975817861678661e+04
2.732363391397010233e+00,7.279146593207007390e+04
2.732363391397010233e+00,7.279146593207007390e+04
2.732848016687480008e+00,7.277170896956624347e+04
2.732848016687480008e+00,7.277170896956624347e+04
2.733319463982410102e+00,7.244438429654334323e+04
2.733319463982410102e+00,7.244438429654334323e+04
2.733777072879330028e+00,7.027095337281360116e+04
2.733777072879330028e+00,7.027095337281360116e+04
2.734222196871310295e+00,6.373411660659385234e+04
2.734222196871310295e+00,6.373411660659385234e+04
2.734655057345929841e+00,5.353757888041735714e+04
2.734655057345929841e+00,5.353757888041735714e+04
2.735077629889320239e+00,4.188429720628615905e+04
2.735077629889320239e+00,4.188429720628615905e+04
2.735492860414310279e+00,3.737857622755362536e+04
2.735492860414310279e+00,3.737857622755362536e+04
2.735897521261860366e+00,4.341577075455289014e+04
2.735897521261860366e+00,4.341577075455289014e+04
2.736294188981100106e+00,5.237177573460587882e+04
2.736294188981100106e+00,5.237177573460587882e+04
2.736679972303369901e+00,6.023839060474835424e+04
2.736679972303369901e+00,6.023839060474835424e+04
2.737052827881550243e+00,6.729714249342451512e+04
2.737052827881550243e+00,6.729714249342451512e+04
2.737419439264510146e+00,7.298118645611008105e+04
2.737419439264510146e+00,7.298118645611008105e+04
2.737778246968570084e+00,7.821198167822859250e+04
2.737778246968570084e+00,7.821198167822859250e+04
2.738130361195000084e+00,8.244365298287685437e+04
2.738130361195000084e+00,8.244365298287685437e+04
2.738470955070030133e+00,8.588837617714979569e+04
2.738470955070030133e+00,8.588837617714979569e+04
2.738802248742400192e+00,8.856615986606110528e+04
2.738802248742400192e+00,8.856615986606110528e+04
2.739130254040800239e+00,9.125373282484403171e+04
2.739130254040800239e+00,9.125373282484403171e+04
2.739453529502850149e+00,9.425377075689159392e+04
2.739453529502850149e+00,9.425377075689159392e+04
2.739768575780300086e+00,9.670926505086415273e+04
2.739768575780300086e+00,9.670926505086415273e+04
2.740073977569620123e+00,9.994348985601325694e+04
2.740073977569620123e+00,9.994348985601325694e+04
2.740370168727719768e+00,1.040799889786395215e+05
2.740370168727719768e+00,1.040799889786395215e+05
2.740659063617510327e+00,1.095477885309910198e+05
2.740659063617510327e+00,1.095477885309910198e+05
2.740943065908780341e+00,1.175447071442752349e+05
2.740943065908780341e+00,1.175447071442752349e+05
2.741221149836870374e+00,1.277231386050793517e+05
2.741221149836870374e+00,1.277231386050793517e+05
2.741491671999670032e+00,1.409538258131983166e+05
2.741491671999670032e+00,1.409538258131983166e+05
2.741754215402199879e+00,1.559727086338256777e+05
2.741754215402199879e+00,1.559727086338256777e+05
2.742009805127940236e+00,1.355049646735443675e+05
2.742009805127940236e+00,1.355049646735443675e+05
2.742260400000110288e+00,6.384638289580563287e+04
2.742260400000110288e+00,6.384638289580563287e+04
2.742447114328550040e+00,1.294311804326748097e+05
2.742447114328550040e+00,1.294311804326748097e+05
2.742636637053299964e+00,1.655151451648855291e+05
2.742636637053299964e+00,1.655151451648855291e+05
2.742831570585160250e+00,1.847765197299325082e+05
2.742831570585160250e+00,1.847765197299325082e+05
2.743031014998140282e+00,1.980949524858657096e+05
2.743031014998140282e+00,1.980949524858657096e+05
2.743237762305040128e+00,2.126795109783822263e+05
2.743237762305040128e+00,2.126795109783822263e+05
2.743448385158800296e+00,2.281927001670961617e+05
2.743448385158800296e+00,2.281927001670961617e+05
2.743663611133989821e+00,2.444893643074717256e+05
2.743663611133989821e+00,2.444893643074717256e+05
2.743885083509990164e+00,2.615617052505821339e+05
2.743885083509990164e+00,2.615617052505821339e+05
2.744112987095399969e+00,2.804410685878478689e+05
2.744112987095399969e+00,2.804410685878478689e+05
2.744346706824469795e+00,3.015855275136061246e+05
2.744346706824469795e+00,3.015855275136061246e+05
2.744585398816489885e+00,3.203348058116664761e+05
2.744585398816489885e+00,3.203348058116664761e+05
2.744829348352130438e+00,3.409511242534419871e+05
2.744829348352130438e+00,3.409511242534419871e+05
2.745079401732979818e+00,3.634186449008379132e+05
2.745079401732979818e+00,3.634186449008379132e+05
2.745336895162010293e+00,3.862465056393654668e+05
2.745336895162010293e+00,3.862465056393654668e+05
2.745597728577080066e+00,4.084531432502506650e+05
2.745597728577080066e+00,4.084531432502506650e+05
2.745859017842890104e+00,4.288775083061674959e+05
2.745859017842890104e+00,4.288775083061674959e+05
2.746130316016120343e+00,4.494837988068147097e+05
2.746130316016120343e+00,4.494837988068147097e+05
2.746414269948670217e+00,4.703450405560541549e+05
2.746414269948670217e+00,4.703450405560541549e+05
2.746698391827389951e+00,4.902356281858047587e+05
2.746698391827389951e+00,4.902356281858047587e+05
2.746989836239719818e+00,5.100106054507113877e+05
2.746989836239719818e+00,5.100106054507113877e+05
2.747294722867870131e+00,5.326263939888648456e+05
2.747294722867870131e+00,5.326263939888648456e+05
2.747602249420890264e+00,5.571506893810431939e+05
2.747602249420890264e+00,5.571506893810431939e+05
2.747917060235220088e+00,5.800364973468841054e+05
2.747917060235220088e+00,5.800364973468841054e+05
2.748244720945050013e+00,5.989577619021289283e+05
2.748244720945050013e+00,5.989577619021289283e+05
2.748576758327220038e+00,6.134896106080147438e+05
2.748576758327220038e+00,6.134896106080147438e+05
2.748917028770990090e+00,6.259578128553244751e+05
2.748917028770990090e+00,6.259578128553244751e+05
2.749264800941809916e+00,6.382924727449947968e+05
2.749264800941809916e+00,6.382924727449947968e+05
2.749622866988600034e+00,6.534050133828317048e+05
2.749622866988600034e+00,6.534050133828317048e+05
2.749992453227589895e+00,6.714612989782430232e+05
2.749992453227589895e+00,6.714612989782430232e+05
2.750370419239559716e+00,6.876493513737194007e+05
2.750370419239559716e+00,6.876493513737194007e+05
2.750760507708339908e+00,6.959553606940777972e+05
2.750760507708339908e+00,6.959553606940777972e+05
2.751157471371270091e+00,6.973241672424236313e+05
2.751157471371270091e+00,6.973241672424236313e+05
2.751563529389879914e+00,7.009664899427717319e+05
2.751563529389879914e+00,7.009664899427717319e+05
2.751978975539219885e+00,7.061153442511140602e+05
2.751978975539219885e+00,7.061153442511140602e+05
2.752408146833809965e+00,7.141443268498393008e+05
2.752408146833809965e+00,7.141443268498393008e+05
2.752845955156070001e+00,7.274378166971508181e+05
2.752845955156070001e+00,7.274378166971508181e+05
2.753297208460429690e+00,7.442221866824969184e+05
2.753297208460429690e+00,7.442221866824969184e+05
2.753753665941710338e+00,7.615940340724048438e+05
2.753753665941710338e+00,7.615940340724048438e+05
2.754210123422990097e+00,7.774960988528368762e+05
2.754210123422990097e+00,7.774960988528368762e+05
2.754678188773999725e+00,7.904783367605942767e+05
2.754678188773999725e+00,7.904783367605942767e+05
2.755177515629509966e+00,8.008910599271756364e+05
2.755177515629509966e+00,8.008910599271756364e+05
2.755685208284370358e+00,8.115358294095419114e+05
2.755685208284370358e+00,8.115358294095419114e+05
2.756193424880959864e+00,8.246277385634671664e+05
2.756193424880959864e+00,8.246277385634671664e+05
2.756719629730319809e+00,8.410769546221899800e+05
2.756719629730319809e+00,8.410769546221899800e+05
2.757263578131690096e+00,8.606081129181303550e+05
2.757263578131690096e+00,8.606081129181303550e+05
2.757808619644309900e+00,8.823900927781420760e+05
2.757808619644309900e+00,8.823900927781420760e+05
2.758369463716000336e+00,9.060877873928899644e+05
2.758369463716000336e+00,9.060877873928899644e+05
2.758958697838350016e+00,9.280615208361169789e+05
2.758958697838350016e+00,9.280615208361169789e+05
2.759555515064350040e+00,9.457762385225534672e+05
2.759555515064350040e+00,9.457762385225534672e+05
2.760161362612090219e+00,9.607412264402082656e+05
2.760161362612090219e+00,9.607412264402082656e+05
2.760789271926520350e+00,9.754863646744283615e+05
2.760789271926520350e+00,9.754863646744283615e+05
2.761429480826860239e+00,9.910825070357597433e+05
2.761429480826860239e+00,9.910825070357597433e+05
2.762084559676699858e+00,1.008562304890568368e+06
2.762084559676699858e+00,1.008562304890568368e+06
2.762760231047120207e+00,1.028851485178373056e+06
2.762760231047120207e+00,1.028851485178373056e+06
2.763452427787770116e+00,1.051496699132391252e+06
2.763452427787770116e+00,1.051496699132391252e+06
2.764161134510620066e+00,1.075397837781957816e+06
2.764161134510620066e+00,1.075397837781957816e+06
2.764889718520409989e+00,1.095919474123122171e+06
2.764889718520409989e+00,1.095919474123122171e+06
2.765638363404860023e+00,1.111835275108696893e+06
2.765638363404860023e+00,1.111835275108696893e+06
2.766399735610109989e+00,1.124707898107368732e+06
2.766399735610109989e+00,1.124707898107368732e+06
2.767184266079089738e+00,1.136844364346634597e+06
2.767184266079089738e+00,1.136844364346634597e+06
2.767981790002740361e+00,1.149755189002007712e+06
2.767981790002740361e+00,1.149755189002007712e+06
2.768784084392569955e+00,1.164738162635876099e+06
2.768784084392569955e+00,1.164738162635876099e+06
2.769588384297990036e+00,1.181737021483564517e+06
2.769588384297990036e+00,1.181737021483564517e+06
2.770425651084080343e+00,1.201746942175229313e+06
2.770425651084080343e+00,1.201746942175229313e+06
2.771306266623310144e+00,1.223550652967593865e+06
2.771306266623310144e+00,1.223550652967593865e+06
2.772191235562219802e+00,1.240147520652862499e+06
2.772191235562219802e+00,1.240147520652862499e+06
2.773076204501120134e+00,1.250823023475382710e+06
2.773076204501120134e+00,1.250823023475382710e+06
2.773994150047460305e+00,1.257593589339554776e+06
2.773994150047460305e+00,1.257593589339554776e+06
2.774967113373029814e+00,1.266134007008297136e+06
2.774967113373029814e+00,1.266134007008297136e+06
2.775949896083739876e+00,1.276311331135981716e+06
2.775949896083739876e+00,1.276311331135981716e+06
2.776938273447969951e+00,1.286815731161494507e+06
2.776938273447969951e+00,1.286815731161494507e+06
2.777969700441110135e+00,1.297821933093531290e+06
2.777969700441110135e+00,1.297821933093531290e+06
2.779038127046470130e+00,1.302446197486771271e+06
2.779038127046470130e+00,1.302446197486771271e+06
2.780110675856270142e+00,1.305244053895348217e+06
2.780110675856270142e+00,1.305244053895348217e+06
2.781212384074120081e+00,1.308942645586649654e+06
2.781212384074120081e+00,1.308942645586649654e+06
2.782359248773510263e+00,1.317282158895449014e+06
2.782359248773510263e+00,1.317282158895449014e+06
2.783519821886029977e+00,1.330862205764119513e+06
2.783519821886029977e+00,1.330862205764119513e+06
2.784710677155039615e+00,1.349060889664127724e+06
2.784710677155039615e+00,1.349060889664127724e+06
2.785944262853589759e+00,1.365320464361996623e+06
2.785944262853589759e+00,1.365320464361996623e+06
2.787202240919839813e+00,1.378138234129218385e+06
2.787202240919839813e+00,1.378138234129218385e+06
2.788490388018829869e+00,1.380788008455357514e+06
2.788490388018829869e+00,1.380788008455357514e+06
2.789813672617520002e+00,1.377174002802404808e+06
2.789813672617520002e+00,1.377174002802404808e+06
2.791174018649940081e+00,1.372584135866065742e+06
2.791174018649940081e+00,1.372584135866065742e+06
2.792567953109200030e+00,1.368856188574253349e+06
2.792567953109200030e+00,1.368856188574253349e+06
2.793993756491960134e+00,1.366385039259146433e+06
2.793993756491960134e+00,1.366385039259146433e+06
2.795464044782119739e+00,1.369300863126851851e+06
2.795464044782119739e+00,1.369300863126851851e+06
2.796949862187930069e+00,1.372626059347276110e+06
2.796949862187930069e+00,1.372626059347276110e+06
2.798435679593730185e+00,1.377285666504560737e+06
2.798435679593730185e+00,1.377285666504560737e+06
2.799921496999530302e+00,1.384028698866468156e+06
2.799921496999530302e+00,1.384028698866468156e+06
2.801472633105220211e+00,1.392682652806784026e+06
2.801472633105220211e+00,1.392682652806784026e+06
2.803126706225980147e+00,1.401380794556343928e+06
2.803126706225980147e+00,1.401380794556343928e+06
2.804794175182089955e+00,1.404879885631603189e+06
2.804794175182089955e+00,1.404879885631603189e+06
2.806461644138189993e+00,1.400110620542080840e+06
2.806461644138189993e+00,1.400110620542080840e+06
2.808157658573729787e+00,1.393485028620104771e+06
2.808157658573729787e+00,1.393485028620104771e+06
2.809979456756320104e+00,1.387883849191846093e+06
2.809979456756320104e+00,1.387883849191846093e+06
2.811847207686319905e+00,1.389823435128895333e+06
2.811847207686319905e+00,1.389823435128895333e+06
2.813714958616329920e+00,1.394110522818715544e+06
2.813714958616329920e+00,1.394110522818715544e+06
2.815616767932609843e+00,1.395905404838187387e+06
2.815616767932609843e+00,1.395905404838187387e+06
2.817615605759830277e+00,1.389428921580416150e+06
2.817615605759830277e+00,1.389428921580416150e+06
2.819651035687960050e+00,1.379598527369617950e+06
2.819651035687960050e+00,1.379598527369617950e+06
2.821697795362060113e+00,1.368037500719144475e+06
2.821697795362060113e+00,1.368037500719144475e+06
2.823821806121380451e+00,1.367493632209973177e+06
2.823821806121380451e+00,1.367493632209973177e+06
2.826029394378970050e+00,1.369253336452508345e+06
2.826029394378970050e+00,1.369253336452508345e+06
2.828257809597650052e+00,1.370082792824629229e+06
2.828257809597650052e+00,1.370082792824629229e+06
2.830540513794379986e+00,1.367558099778340198e+06
2.830540513794379986e+00,1.367558099778340198e+06
2.832898393699350148e+00,1.360500791683189571e+06
2.832898393699350148e+00,1.360500791683189571e+06
2.835297465916580162e+00,1.352891878763516666e+06
2.835297465916580162e+00,1.352891878763516666e+06
2.837758860786660176e+00,1.352157205253680237e+06
2.837758860786660176e+00,1.352157205253680237e+06
2.840297578671720391e+00,1.353364617359826341e+06
2.840297578671720391e+00,1.353364617359826341e+06
2.842886434311520105e+00,1.349505111989800120e+06
2.842886434311520105e+00,1.349505111989800120e+06
2.845489820508540380e+00,1.345199955656755948e+06
2.845489820508540380e+00,1.345199955656755948e+06
2.848173149887069933e+00,1.338750431627138983e+06
2.848173149887069933e+00,1.338750431627138983e+06
2.850930487189670348e+00,1.332552431142218411e+06
2.850930487189670348e+00,1.332552431142218411e+06
2.853687866343630031e+00,1.325319102221483365e+06
2.853687866343630031e+00,1.325319102221483365e+06
2.856477416615110343e+00,1.315062452412431128e+06
2.856477416615110343e+00,1.315062452412431128e+06
2.859396957338049994e+00,1.296350043904607883e+06
2.859396957338049994e+00,1.296350043904607883e+06
2.862889962241769837e+00,1.294462499714985257e+06
2.862889962241769837e+00,1.294462499714985257e+06
2.867573645501319657e+00,1.297453270875967806e+06
2.867573645501319657e+00,1.297453270875967806e+06
2.872536928471000284e+00,1.288276536135243718e+06
2.872536928471000284e+00,1.288276536135243718e+06
2.877500211440680022e+00,1.275856577127200086e+06
2.877500211440680022e+00,1.275856577127200086e+06
2.882547140121179741e+00,1.260191474834133871e+06
2.882547140121179741e+00,1.260191474834133871e+06
2.888583312958969973e+00,1.232203797736417735e+06
2.888583312958969973e+00,1.232203797736417735e+06
2.894146344953940186e+00,1.188623658809443004e+06
2.894146344953940186e+00,1.188623658809443004e+06
2.898167104272080241e+00,1.143049370865714736e+06
2.898167104272080241e+00,1.143049370865714736e+06
2.902687025853049718e+00,1.076343392948958790e+06
2.902687025853049718e+00,1.076343392948958790e+06
2.907268017622250067e+00,1.003145825310649932e+06
2.907268017622250067e+00,1.003145825310649932e+06
2.911279516836970060e+00,9.421400354768860852e+05
2.911279516836970060e+00,9.421400354768860852e+05
2.915005706215449965e+00,8.920846815879553324e+05
2.915005706215449965e+00,8.920846815879553324e+05
2.918731895593920100e+00,8.494606401027078973e+05
2.918731895593920100e+00,8.494606401027078973e+05
2.922458084972390235e+00,8.142898144925937522e+05
2.922458084972390235e+00,8.142898144925937522e+05
2.926184274350870140e+00,7.854915653309576446e+05
2.926184274350870140e+00,7.854915653309576446e+05
2.929910463729339831e+00,7.628506663727667183e+05
2.929910463729339831e+00,7.628506663727667183e+05
2.933636653107820180e+00,7.451773889498281060e+05
2.933636653107820180e+00,7.451773889498281060e+05
2.937362842486289871e+00,7.323520225317956647e+05
2.937362842486289871e+00,7.323520225317956647e+05
2.941089031864760006e+00,7.220676602593719726e+05
2.941089031864760006e+00,7.220676602593719726e+05
2.944815221243240355e+00,7.183574891477229539e+05
2.944815221243240355e+00,7.183574891477229539e+05
2.948541410621710046e+00,7.197991523805157049e+05
2.948541410621710046e+00,7.197991523805157049e+05
2.952267600000190395e+00,3.667672581421501818e+05
2.952267600000190395e+00,3.667672581421501818e+05
2.957259380721080078e+00,6.612884876067093865e+04
2.957259380721080078e+00,6.612884876067093865e+04
2.962251161441970204e+00,4.087717764355959662e+04
2.962251161441970204e+00,4.087717764355959662e+04
2.967242942162859887e+00,3.084244221021281555e+04
2.967242942162859887e+00,3.084244221021281555e+04
2.972234722883750013e+00,2.657266196722782115e+04
2.972234722883750013e+00,2.657266196722782115e+04
2.977226503604640140e+00,2.423289611691692699e+04
2.977226503604640140e+00,2.423289611691692699e+04
2.982218284325530266e+00,2.268679381235370965e+04
2.982218284325530266e+00,2.268679381235370965e+04
2.987210065046419949e+00,2.167952652318544278e+04
2.987210065046419949e+00,2.167952652318544278e+04
2.992201845767319845e+00,2.118147637839209347e+04
2.992201845767319845e+00,2.118147637839209347e+04
2.997193626488210416e+00,2.105509797042567880e+04
2.997193626488210416e+00,2.105509797042567880e+04
3.002185407209100099e+00,2.110597045344248545e+04
3.002185407209100099e+00,2.110597045344248545e+04
3.007177187929990225e+00,2.117530036223326169e+04
3.007177187929990225e+00,2.117530036223326169e+04
3.012168968650879908e+00,2.117146467682416915e+04
3.012168968650879908e+00,2.117146467682416915e+04
3.017160749371770034e+00,2.107413772088755286e+04
3.017160749371770034e+00,2.107413772088755286e+04
3.022152530092660161e+00,2.090618690870549108e+04
3.022152530092660161e+00,2.090618690870549108e+04
3.027144310813560057e+00,2.070238138557997809e+04
3.027144310813560057e+00,2.070238138557997809e+04
3.032136091534449740e+00,2.048282729133289831e+04
3.032136091534449740e+00,2.048282729133289831e+04
3.037127872255340311e+00,2.025873404702678090e+04
3.037127872255340311e+00,2.025873404702678090e+04
3.042119652976229993e+00,2.003662135359420427e+04
3.042119652976229993e+00,2.003662135359420427e+04
3.047111433697120120e+00,1.982291072154690846e+04
3.047111433697120120e+00,1.982291072154690846e+04
3.052103214418009802e+00,1.962619341672989322e+04
3.052103214418009802e+00,1.962619341672989322e+04
3.057094995138899929e+00,1.944781679183384404e+04
3.057094995138899929e+00,1.944781679183384404e+04
3.062187013618610010e+00,1.929381168048110703e+04
3.062187013618610010e+00,1.929381168048110703e+04
3.068076179614620091e+00,1.914268896594364560e+04
3.068076179614620091e+00,1.914268896594364560e+04
3.074551258793229991e+00,1.899276297162629271e+04
3.074551258793229991e+00,1.899276297162629271e+04
3.082670259346629749e+00,1.882143070313485077e+04
3.082670259346629749e+00,1.882143070313485077e+04
3.092530688339690137e+00,1.865508317938020991e+04
3.092530688339690137e+00,1.865508317938020991e+04
3.102514245318469754e+00,1.852946470373196644e+04
3.102514245318469754e+00,1.852946470373196644e+04
3.112497802297260030e+00,1.841889575537486962e+04
3.112497802297260030e+00,1.841889575537486962e+04
3.122481359276040092e+00,1.830880333848128794e+04
3.122481359276040092e+00,1.830880333848128794e+04
3.132464916254819709e+00,1.821203101882004921e+04
3.132464916254819709e+00,1.821203101882004921e+04
3.142448473233600215e+00,1.812335775431978618e+04
3.142448473233600215e+00,1.812335775431978618e+04
3.152432030212380276e+00,1.804269857340693852e+04
3.152432030212380276e+00,1.804269857340693852e+04
3.162415587191159894e+00,1.797191494920351033e+04
3.162415587191159894e+00,1.797191494920351033e+04
3.172399144169939955e+00,1.792379471141278191e+04
3.172399144169939955e+00,1.792379471141278191e+04
3.182382701148720017e+00,1.788944125954114133e+04
3.182382701148720017e+00,1.788944125954114133e+04
3.192366258127500078e+00,1.786530214986671126e+04
3.192366258127500078e+00,1.786530214986671126e+04
3.202349815106280140e+00,1.785026783918213914e+04
3.202349815106280140e+00,1.785026783918213914e+04
3.212333372085060201e+00,1.783946678166107813e+04
3.212333372085060201e+00,1.783946678166107813e+04
3.222316929063839819e+00,1.783406041388362428e+04
3.222316929063839819e+00,1.783406041388362428e+04
3.232300486042619880e+00,1.784304913406903142e+04
3.232300486042619880e+00,1.784304913406903142e+04
3.242284043021399942e+00,1.794146588424930451e+04
3.242284043021399942e+00,1.794146588424930451e+04
3.252267600000190217e+00,1.921061936945447451e+04
3.252267600000190217e+00,1.921061936945447451e+04
