x,skinFrictionCoeff
1.000000000000000056e-01,4.050644792138047810e-03
1.000000000000000056e-01,4.050644792138047810e-03
1.010265438157619960e-01,1.473195828686764582e-02
1.010265438157619960e-01,1.473195828686764582e-02
1.021207931798090024e-01,1.104037094945938859e-02
1.021207931798090024e-01,1.104037094945938859e-02
1.033371481796459962e-01,8.997563066168072846e-03
1.033371481796459962e-01,8.997563066168072846e-03
1.046148245093160012e-01,7.643063743737237015e-03
1.046148245093160012e-01,7.643063743737237015e-03
1.059670006163390132e-01,6.670749452741300302e-03
1.059670006163390132e-01,6.670749452741300302e-03
1.074938823441529967e-01,5.941857843487893288e-03
1.074938823441529967e-01,5.941857843487893288e-03
1.091182224824290004e-01,5.388983256275043689e-03
1.091182224824290004e-01,5.388983256275043689e-03
1.109719718177360065e-01,5.078417550441732993e-03
1.109719718177360065e-01,5.078417550441732993e-03
1.129817993843540008e-01,4.871009901634084163e-03
1.129817993843540008e-01,4.871009901634084163e-03
1.151614554758359915e-01,4.738775503544040424e-03
1.151614554758359915e-01,4.738775503544040424e-03
1.173837184219140017e-01,4.595192079269934046e-03
1.173837184219140017e-01,4.595192079269934046e-03
1.197410282882690052e-01,4.457073357950412131e-03
1.197410282882690052e-01,4.457073357950412131e-03
1.225135399901400024e-01,4.300403276820706500e-03
1.225135399901400024e-01,4.300403276820706500e-03
1.254280322719749929e-01,4.142196459207662246e-03
1.254280322719749929e-01,4.142196459207662246e-03
1.286638926330040122e-01,3.996745007301512158e-03
1.286638926330040122e-01,3.996745007301512158e-03
1.321824615639179967e-01,3.850472228599003191e-03
1.321824615639179967e-01,3.850472228599003191e-03
1.360944256617589998e-01,3.709722867791607603e-03
1.360944256617589998e-01,3.709722867791607603e-03
1.403003105089310198e-01,3.599452940016055827e-03
1.403003105089310198e-01,3.599452940016055827e-03
1.445061953561020129e-01,3.494975846178255061e-03
1.445061953561020129e-01,3.494975846178255061e-03
1.490370973252269915e-01,3.389235354447454451e-03
1.490370973252269915e-01,3.389235354447454451e-03
1.539649000278680013e-01,3.306270218068055409e-03
1.539649000278680013e-01,3.306270218068055409e-03
1.589364037243509997e-01,3.232855641230180255e-03
1.589364037243509997e-01,3.232855641230180255e-03
1.639079074208329989e-01,3.159405962289514678e-03
1.639079074208329989e-01,3.159405962289514678e-03
1.688794111173160251e-01,3.090741335006813237e-03
1.688794111173160251e-01,3.090741335006813237e-03
1.738509148137979965e-01,3.039431513661714282e-03
1.738509148137979965e-01,3.039431513661714282e-03
1.788224185102799957e-01,2.992688384395729949e-03
1.788224185102799957e-01,2.992688384395729949e-03
1.837939222067629941e-01,2.944998649086870077e-03
1.837939222067629941e-01,2.944998649086870077e-03
1.887654259032449933e-01,2.902622295705159245e-03
1.887654259032449933e-01,2.902622295705159245e-03
1.937369295997279917e-01,2.867374916175721884e-03
1.937369295997279917e-01,2.867374916175721884e-03
1.987084332962099908e-01,2.836060292469121460e-03
1.987084332962099908e-01,2.836060292469121460e-03
2.036799369926930170e-01,2.804645506589758565e-03
2.036799369926930170e-01,2.804645506589758565e-03
2.086514406891749884e-01,2.772414354568492577e-03
2.086514406891749884e-01,2.772414354568492577e-03
2.136229443856580146e-01,2.739684391466803461e-03
2.136229443856580146e-01,2.739684391466803461e-03
2.185944480821410130e-01,2.715200366782989910e-03
2.185944480821410130e-01,2.715200366782989910e-03
2.235659517786230122e-01,2.695731585896509516e-03
2.235659517786230122e-01,2.695731585896509516e-03
2.285374554751059828e-01,2.675298398549289924e-03
2.285374554751059828e-01,2.675298398549289924e-03
2.335089591715890089e-01,2.653327071866811576e-03
2.335089591715890089e-01,2.653327071866811576e-03
2.384804628680720073e-01,2.629991719973997014e-03
2.384804628680720073e-01,2.629991719973997014e-03
2.434519665645550057e-01,2.603151316251226324e-03
2.434519665645550057e-01,2.603151316251226324e-03
2.484234702610370049e-01,2.574711124480111909e-03
2.484234702610370049e-01,2.574711124480111909e-03
2.533949739575199755e-01,2.548336532591025973e-03
2.533949739575199755e-01,2.548336532591025973e-03
2.583664776540030017e-01,2.527206639477485445e-03
2.583664776540030017e-01,2.527206639477485445e-03
2.633379813504860278e-01,2.510576796882437681e-03
2.633379813504860278e-01,2.510576796882437681e-03
2.683094850469679993e-01,2.494661652483074095e-03
2.683094850469679993e-01,2.494661652483074095e-03
2.732809887434510254e-01,2.478914664690048692e-03
2.732809887434510254e-01,2.478914664690048692e-03
2.782524924399339961e-01,2.464225970225494573e-03
2.782524924399339961e-01,2.464225970225494573e-03
2.832239961364169667e-01,2.450074383520195204e-03
2.832239961364169667e-01,2.450074383520195204e-03
2.881954998328999928e-01,2.435577873994915470e-03
2.881954998328999928e-01,2.435577873994915470e-03
2.931670035293820198e-01,2.420026570831979376e-03
2.931670035293820198e-01,2.420026570831979376e-03
2.981385072258649904e-01,2.404011590662296152e-03
2.981385072258649904e-01,2.404011590662296152e-03
3.031100109223480166e-01,2.388899485592026976e-03
3.031100109223480166e-01,2.388899485592026976e-03
3.080815146188310427e-01,2.375851854603744113e-03
3.080815146188310427e-01,2.375851854603744113e-03
3.130530183153130142e-01,2.364920770325248858e-03
3.130530183153130142e-01,2.364920770325248858e-03
3.180245220117960403e-01,2.354154030257911857e-03
3.180245220117960403e-01,2.354154030257911857e-03
3.229960257082790109e-01,2.342079414567474049e-03
3.229960257082790109e-01,2.342079414567474049e-03
3.279675294047619816e-01,2.329291740682343410e-03
3.279675294047619816e-01,2.329291740682343410e-03
3.329390331012450077e-01,2.317172223438705627e-03
3.329390331012450077e-01,2.317172223438705627e-03
3.379105367977269792e-01,2.307093837304987575e-03
3.379105367977269792e-01,2.307093837304987575e-03
3.448264197259359731e-01,2.295411892810605200e-03
3.448264197259359731e-01,2.295411892810605200e-03
3.518839811142560059e-01,2.284561261991113756e-03
3.518839811142560059e-01,2.284561261991113756e-03
3.568785309040770071e-01,2.277431410683655386e-03
3.568785309040770071e-01,2.277431410683655386e-03
3.618500346005599777e-01,2.271239998899454021e-03
3.618500346005599777e-01,2.271239998899454021e-03
3.668215382970430039e-01,2.266355880331712321e-03
3.668215382970430039e-01,2.266355880331712321e-03
3.717930419935260300e-01,2.262689119531538767e-03
3.717930419935260300e-01,2.262689119531538767e-03
3.767645456900080014e-01,2.259831240018844983e-03
3.767645456900080014e-01,2.259831240018844983e-03
3.817360493864899729e-01,2.257248971562321373e-03
3.817360493864899729e-01,2.257248971562321373e-03
3.867075530829720553e-01,2.254525452952746336e-03
3.867075530829720553e-01,2.254525452952746336e-03
3.916790567794540268e-01,2.251562795874282197e-03
3.916790567794540268e-01,2.251562795874282197e-03
3.966505604759359982e-01,2.248633990965751180e-03
3.966505604759359982e-01,2.248633990965751180e-03
4.016220641724180251e-01,2.245788275095476644e-03
4.016220641724180251e-01,2.245788275095476644e-03
4.065935678689009958e-01,2.242757502084029905e-03
4.065935678689009958e-01,2.242757502084029905e-03
4.115650715653830227e-01,2.239496398823678184e-03
4.115650715653830227e-01,2.239496398823678184e-03
4.165365752618649942e-01,2.236050897304326605e-03
4.165365752618649942e-01,2.236050897304326605e-03
4.215393458471000110e-01,2.232238463614112049e-03
4.215393458471000110e-01,2.232238463614112049e-03
4.272226001699550024e-01,2.227363133661914435e-03
4.272226001699550024e-01,2.227363133661914435e-03
4.334808781618890161e-01,2.221536734249378829e-03
4.334808781618890161e-01,2.221536734249378829e-03
4.397391561538229743e-01,2.215503401865825516e-03
4.397391561538229743e-01,2.215503401865825516e-03
4.459974341457560443e-01,2.209236000011877057e-03
4.459974341457560443e-01,2.209236000011877057e-03
4.522557121376900025e-01,2.202686347832493417e-03
4.522557121376900025e-01,2.202686347832493417e-03
4.585139901296240161e-01,2.195874034387414794e-03
4.585139901296240161e-01,2.195874034387414794e-03
4.647722681215580298e-01,2.188686497529870184e-03
4.647722681215580298e-01,2.188686497529870184e-03
4.710305461134919880e-01,2.181273267684467106e-03
4.710305461134919880e-01,2.181273267684467106e-03
4.772888241054250580e-01,2.173868657802182323e-03
4.772888241054250580e-01,2.173868657802182323e-03
4.830138312143579804e-01,2.167200962932656124e-03
4.830138312143579804e-01,2.167200962932656124e-03
4.880281959613129716e-01,2.161562690016599966e-03
4.880281959613129716e-01,2.161562690016599966e-03
4.929996996577950541e-01,2.156245105919836480e-03
4.929996996577950541e-01,2.156245105919836480e-03
4.979712033542770255e-01,2.151072035024322385e-03
4.979712033542770255e-01,2.151072035024322385e-03
5.029427070507590525e-01,2.146285159749474012e-03
5.029427070507590525e-01,2.146285159749474012e-03
5.079142107472409684e-01,2.141758015423718842e-03
5.079142107472409684e-01,2.141758015423718842e-03
5.128857144437229953e-01,2.137571464306453530e-03
5.128857144437229953e-01,2.137571464306453530e-03
5.178595496106539464e-01,2.133652866212398021e-03
5.178595496106539464e-01,2.133652866212398021e-03
5.234748486119550348e-01,2.129410131433178560e-03
5.234748486119550348e-01,2.129410131433178560e-03
5.297169726837069881e-01,2.124686131596702481e-03
5.297169726837069881e-01,2.124686131596702481e-03
5.369879289305349301e-01,2.119122269130889209e-03
5.369879289305349301e-01,2.119122269130889209e-03
5.457303011847619567e-01,2.112693539288410926e-03
5.457303011847619567e-01,2.112693539288410926e-03
5.546790088385280537e-01,2.106603835191463159e-03
5.546790088385280537e-01,2.106603835191463159e-03
5.636277164922940397e-01,2.100789593254367548e-03
5.636277164922940397e-01,2.100789593254367548e-03
5.725764241460600257e-01,2.094947159047251713e-03
5.725764241460600257e-01,2.094947159047251713e-03
5.815251317998260117e-01,2.088955891378950231e-03
5.815251317998260117e-01,2.088955891378950231e-03
5.904738394535919976e-01,2.082844731926945629e-03
5.904738394535919976e-01,2.082844731926945629e-03
5.994225471073590938e-01,2.076706649031642444e-03
5.994225471073590938e-01,2.076706649031642444e-03
6.083302838366879683e-01,2.070505071757891558e-03
6.083302838366879683e-01,2.070505071757891558e-03
6.159084191794399477e-01,2.065043054162620483e-03
6.159084191794399477e-01,2.065043054162620483e-03
6.221666971713740724e-01,2.060282796349226665e-03
6.221666971713740724e-01,2.060282796349226665e-03
6.284249751633079750e-01,2.055136704917233468e-03
6.284249751633079750e-01,2.055136704917233468e-03
6.346832531552419887e-01,2.049563630783045928e-03
6.346832531552419887e-01,2.049563630783045928e-03
6.409415311471751142e-01,2.043802464548006344e-03
6.409415311471751142e-01,2.043802464548006344e-03
6.471998091391090169e-01,2.038142293066789318e-03
6.471998091391090169e-01,2.038142293066789318e-03
6.534580871310430306e-01,2.032832646587387840e-03
6.534580871310430306e-01,2.032832646587387840e-03
6.597163651229770442e-01,2.028010371900533168e-03
6.597163651229770442e-01,2.028010371900533168e-03
6.659746431149110579e-01,2.023732909795453692e-03
6.659746431149110579e-01,2.023732909795453692e-03
6.722329211068439614e-01,2.019802740952480156e-03
6.722329211068439614e-01,2.019802740952480156e-03
6.784911990987779751e-01,2.016035451543771347e-03
6.784911990987779751e-01,2.016035451543771347e-03
6.847494770907120998e-01,2.012452920649054899e-03
6.847494770907120998e-01,2.012452920649054899e-03
6.910077550826450032e-01,2.009066167661829189e-03
6.910077550826450032e-01,2.009066167661829189e-03
6.973041705447640126e-01,2.006176222792476881e-03
6.973041705447640126e-01,2.006176222792476881e-03
7.050249874932079663e-01,2.003309082970107773e-03
7.050249874932079663e-01,2.003309082970107773e-03
7.139736951469740633e-01,1.999838246915852224e-03
7.139736951469740633e-01,1.999838246915852224e-03
7.229224028007410485e-01,1.995977729229923749e-03
7.229224028007410485e-01,1.995977729229923749e-03
7.318711104545069235e-01,1.992495178287181836e-03
7.318711104545069235e-01,1.992495178287181836e-03
7.408198181082730205e-01,1.989708699527493411e-03
7.408198181082730205e-01,1.989708699527493411e-03
7.497685257620390065e-01,1.987429175344169498e-03
7.497685257620390065e-01,1.987429175344169498e-03
7.587172334158049924e-01,1.985827739535449277e-03
7.587172334158049924e-01,1.985827739535449277e-03
7.676659410695709784e-01,1.984617543149287851e-03
7.676659410695709784e-01,1.984617543149287851e-03
7.766146487233379636e-01,1.982479779747103790e-03
7.766146487233379636e-01,1.982479779747103790e-03
7.855633563771040606e-01,1.979435453777217066e-03
7.855633563771040606e-01,1.979435453777217066e-03
7.945120640308699356e-01,1.975452017521418715e-03
7.945120640308699356e-01,1.975452017521418715e-03
8.034607716846360326e-01,1.970983233043438650e-03
8.034607716846360326e-01,1.970983233043438650e-03
8.127179670360050734e-01,1.966320402138276371e-03
8.127179670360050734e-01,1.966320402138276371e-03
8.225544586187589768e-01,1.961813035212659363e-03
8.225544586187589768e-01,1.961813035212659363e-03
8.324974615668560007e-01,1.958000752766875414e-03
8.324974615668560007e-01,1.958000752766875414e-03
8.424404645149530246e-01,1.954812407098911655e-03
8.424404645149530246e-01,1.954812407098911655e-03
8.523834674630510477e-01,1.952435098587918189e-03
8.523834674630510477e-01,1.952435098587918189e-03
8.623264704111479606e-01,1.950410115625386296e-03
8.623264704111479606e-01,1.950410115625386296e-03
8.722116581855490214e-01,1.948553122639911251e-03
8.722116581855490214e-01,1.948553122639911251e-03
8.815592890861150277e-01,1.946879798274815708e-03
8.815592890861150277e-01,1.946879798274815708e-03
8.905079967398820129e-01,1.945684780857900734e-03
8.905079967398820129e-01,1.945684780857900734e-03
8.994567043936479989e-01,1.945463895709006455e-03
8.994567043936479989e-01,1.945463895709006455e-03
9.084054120474139848e-01,1.945553710637399009e-03
9.084054120474139848e-01,1.945553710637399009e-03
9.173541197011800818e-01,1.944640655522944604e-03
9.173541197011800818e-01,1.944640655522944604e-03
9.263028273549459568e-01,1.942581939523592904e-03
9.263028273549459568e-01,1.942581939523592904e-03
9.352515350087120538e-01,1.939597182621263750e-03
9.352515350087120538e-01,1.939597182621263750e-03
9.442002426624790390e-01,1.937446168464253184e-03
9.442002426624790390e-01,1.937446168464253184e-03
9.531489503162450250e-01,1.936661919206239882e-03
9.531489503162450250e-01,1.936661919206239882e-03
9.620976579700110110e-01,1.936455313020287762e-03
9.620976579700110110e-01,1.936455313020287762e-03
9.710463656237769969e-01,1.936382914477261007e-03
9.710463656237769969e-01,1.936382914477261007e-03
9.804228456400710945e-01,1.936353544942998311e-03
9.804228456400710945e-01,1.936353544942998311e-03
9.903235671789970551e-01,1.936054623287150177e-03
9.903235671789970551e-01,1.936054623287150177e-03
1.000266570127089860e+00,1.935720881028072477e-03
1.000266570127089860e+00,1.935720881028072477e-03
1.010209573075189882e+00,1.935150176959614127e-03
1.010209573075189882e+00,1.935150176959614127e-03
1.020152576023289903e+00,1.934234312860865857e-03
1.020152576023289903e+00,1.934234312860865857e-03
1.030095578971390147e+00,1.933570761734325263e-03
1.030095578971390147e+00,1.933570761734325263e-03
1.040038581919480176e+00,1.932953213942154198e-03
1.040038581919480176e+00,1.932953213942154198e-03
1.049981584867580198e+00,1.931993033760285271e-03
1.049981584867580198e+00,1.931993033760285271e-03
1.059924587815679997e+00,1.930999320936437015e-03
1.059924587815679997e+00,1.930999320936437015e-03
1.069867590763780019e+00,1.930191628518110325e-03
1.069867590763780019e+00,1.930191628518110325e-03
1.079810593711870048e+00,1.929256441354183739e-03
1.079810593711870048e+00,1.929256441354183739e-03
1.089753596659970070e+00,1.928151447456736937e-03
1.089753596659970070e+00,1.928151447456736937e-03
1.099696599608070091e+00,1.926675159028229259e-03
1.099696599608070091e+00,1.926675159028229259e-03
1.109639602556170113e+00,1.924426153660794506e-03
1.109639602556170113e+00,1.924426153660794506e-03
1.119582605504260142e+00,1.922384419643266172e-03
1.119582605504260142e+00,1.922384419643266172e-03
1.129525608452360164e+00,1.921214031342172645e-03
1.129525608452360164e+00,1.921214031342172645e-03
1.139310824445489922e+00,1.920208482021768708e-03
1.139310824445489922e+00,1.920208482021768708e-03
1.149011509760780037e+00,1.918595242795304631e-03
1.149011509760780037e+00,1.918595242795304631e-03
1.158954512708880058e+00,1.916687586766604740e-03
1.158954512708880058e+00,1.916687586766604740e-03
1.168897515656970088e+00,1.915301263927019458e-03
1.168897515656970088e+00,1.915301263927019458e-03
1.178840518605070109e+00,1.914121418690823946e-03
1.178840518605070109e+00,1.914121418690823946e-03
1.188783521553169908e+00,1.912306716684174365e-03
1.188783521553169908e+00,1.912306716684174365e-03
1.198726524501269930e+00,1.909161666956444214e-03
1.198726524501269930e+00,1.909161666956444214e-03
1.208669527449359959e+00,1.904540331206260040e-03
1.208669527449359959e+00,1.904540331206260040e-03
1.218612530397459981e+00,1.901222606281104902e-03
1.218612530397459981e+00,1.901222606281104902e-03
1.228555533345560002e+00,1.900026404529508170e-03
1.228555533345560002e+00,1.900026404529508170e-03
1.238498536293650032e+00,1.898403336028933741e-03
1.238498536293650032e+00,1.898403336028933741e-03
1.248441539241750053e+00,1.896133704167310982e-03
1.248441539241750053e+00,1.896133704167310982e-03
1.258384542189850075e+00,1.893371703894809657e-03
1.258384542189850075e+00,1.893371703894809657e-03
1.268327545137950096e+00,1.890521163794504477e-03
1.268327545137950096e+00,1.890521163794504477e-03
1.278270548086039904e+00,1.887373197292701189e-03
1.278270548086039904e+00,1.887373197292701189e-03
1.288213551034139925e+00,1.884055538939364638e-03
1.288213551034139925e+00,1.884055538939364638e-03
1.298156553982239947e+00,1.881975703110384942e-03
1.298156553982239947e+00,1.881975703110384942e-03
1.308099556930339968e+00,1.881119563387816107e-03
1.308099556930339968e+00,1.881119563387816107e-03
1.318042559878429998e+00,1.879773224373118990e-03
1.318042559878429998e+00,1.879773224373118990e-03
1.327985562826530019e+00,1.877601712851338298e-03
1.327985562826530019e+00,1.877601712851338298e-03
1.337928565774630041e+00,1.874491269305768922e-03
1.337928565774630041e+00,1.874491269305768922e-03
1.347871568722730062e+00,1.873434879208738576e-03
1.347871568722730062e+00,1.873434879208738576e-03
1.357814571670820092e+00,1.873898369855163566e-03
1.357814571670820092e+00,1.873898369855163566e-03
1.367757574618920113e+00,1.873516482051881251e-03
1.367757574618920113e+00,1.873516482051881251e-03
1.377700577567019913e+00,1.872029561417444749e-03
1.377700577567019913e+00,1.872029561417444749e-03
1.387643580515119934e+00,1.870140634063858229e-03
1.387643580515119934e+00,1.870140634063858229e-03
1.397586583463209964e+00,1.867914631328604228e-03
1.397586583463209964e+00,1.867914631328604228e-03
1.407529586411309985e+00,1.865046511320124674e-03
1.407529586411309985e+00,1.865046511320124674e-03
1.417472589359410007e+00,1.862706087344088123e-03
1.417472589359410007e+00,1.862706087344088123e-03
1.427415592307500036e+00,1.861383580892835661e-03
1.427415592307500036e+00,1.861383580892835661e-03
1.437358595255600058e+00,1.859959796195316496e-03
1.437358595255600058e+00,1.859959796195316496e-03
1.447301598203700079e+00,1.857880435648151139e-03
1.447301598203700079e+00,1.857880435648151139e-03
1.457244601151800101e+00,1.855621681688687059e-03
1.457244601151800101e+00,1.855621681688687059e-03
1.467187604099890130e+00,1.854109018521971986e-03
1.467187604099890130e+00,1.854109018521971986e-03
1.477130607047989930e+00,1.852961987384706957e-03
1.477130607047989930e+00,1.852961987384706957e-03
1.487073609996089951e+00,1.851064461664873786e-03
1.487073609996089951e+00,1.851064461664873786e-03
1.497016612944189973e+00,1.848527312639893340e-03
1.497016612944189973e+00,1.848527312639893340e-03
1.506959615892280002e+00,1.845939142654602540e-03
1.506959615892280002e+00,1.845939142654602540e-03
1.516902618840380024e+00,1.844533046902520259e-03
1.516902618840380024e+00,1.844533046902520259e-03
1.526845621788480045e+00,1.843003068987924273e-03
1.526845621788480045e+00,1.843003068987924273e-03
1.536788624736580067e+00,1.840531688471818035e-03
1.536788624736580067e+00,1.840531688471818035e-03
1.546731627684670096e+00,1.837323826536567568e-03
1.546731627684670096e+00,1.837323826536567568e-03
1.556674630632770118e+00,1.835427866807158538e-03
1.556674630632770118e+00,1.835427866807158538e-03
1.566617633580870139e+00,1.834166411612268279e-03
1.566617633580870139e+00,1.834166411612268279e-03
1.576560636528969939e+00,1.832358388861055629e-03
1.576560636528969939e+00,1.832358388861055629e-03
1.586503639477059968e+00,1.829860646647150316e-03
1.586503639477059968e+00,1.829860646647150316e-03
1.596446642425159990e+00,1.826890688091790645e-03
1.596446642425159990e+00,1.826890688091790645e-03
1.606389645373260011e+00,1.824267733827259017e-03
1.606389645373260011e+00,1.824267733827259017e-03
1.616332648321350041e+00,1.822133681279281556e-03
1.616332648321350041e+00,1.822133681279281556e-03
1.626275651269450062e+00,1.820231495174673897e-03
1.626275651269450062e+00,1.820231495174673897e-03
1.636218654217550084e+00,1.818042949499968633e-03
1.636218654217550084e+00,1.818042949499968633e-03
1.646161657165650105e+00,1.815328934907596385e-03
1.646161657165650105e+00,1.815328934907596385e-03
1.656104660113740135e+00,1.813343424990161148e-03
1.656104660113740135e+00,1.813343424990161148e-03
1.666047663061840156e+00,1.811804569222903380e-03
1.666047663061840156e+00,1.811804569222903380e-03
1.675990666009939956e+00,1.809919178073874334e-03
1.675990666009939956e+00,1.809919178073874334e-03
1.685933668958039977e+00,1.807349754399902985e-03
1.685933668958039977e+00,1.807349754399902985e-03
1.695876671906130007e+00,1.805038342347322061e-03
1.695876671906130007e+00,1.805038342347322061e-03
1.705819674854230028e+00,1.803542844621730621e-03
1.705819674854230028e+00,1.803542844621730621e-03
1.715762677802330050e+00,1.802620823678360113e-03
1.715762677802330050e+00,1.802620823678360113e-03
1.725705680750430071e+00,1.801788728278686620e-03
1.725705680750430071e+00,1.801788728278686620e-03
1.735648683698520101e+00,1.800725981288924448e-03
1.735648683698520101e+00,1.800725981288924448e-03
1.745591686646620122e+00,1.799826198676496725e-03
1.745591686646620122e+00,1.799826198676496725e-03
1.755534689594720144e+00,1.798777736515254268e-03
1.755534689594720144e+00,1.798777736515254268e-03
1.765477692542820165e+00,1.797184385928637419e-03
1.765477692542820165e+00,1.797184385928637419e-03
1.775420695490909972e+00,1.794955701359357081e-03
1.775420695490909972e+00,1.794955701359357081e-03
1.785363698439009994e+00,1.792640293796540340e-03
1.785363698439009994e+00,1.792640293796540340e-03
1.795306701387110015e+00,1.790395639892852862e-03
1.795306701387110015e+00,1.790395639892852862e-03
1.805249704335200045e+00,1.787586166221401740e-03
1.805249704335200045e+00,1.787586166221401740e-03
1.815192707283300066e+00,1.784416375179997353e-03
1.815192707283300066e+00,1.784416375179997353e-03
1.825135710231400088e+00,1.782187973660299702e-03
1.825135710231400088e+00,1.782187973660299702e-03
1.835078713179500109e+00,1.781138091683617114e-03
1.835078713179500109e+00,1.781138091683617114e-03
1.845021716127590139e+00,1.780197708415490404e-03
1.845021716127590139e+00,1.780197708415490404e-03
1.854964719075690160e+00,1.778566515459881030e-03
1.854964719075690160e+00,1.778566515459881030e-03
1.864907722023789960e+00,1.776276589418701373e-03
1.864907722023789960e+00,1.776276589418701373e-03
1.874850724971889981e+00,1.774682969227208773e-03
1.874850724971889981e+00,1.774682969227208773e-03
1.884793727919980011e+00,1.773715663284113975e-03
1.884793727919980011e+00,1.773715663284113975e-03
1.894736730868080032e+00,1.772265823783690433e-03
1.894736730868080032e+00,1.772265823783690433e-03
1.904679733816180054e+00,1.770409751743940883e-03
1.904679733816180054e+00,1.770409751743940883e-03
1.914622736764280075e+00,1.768430866306428158e-03
1.914622736764280075e+00,1.768430866306428158e-03
1.924565739712370105e+00,1.766117239187092215e-03
1.924565739712370105e+00,1.766117239187092215e-03
1.934508742660470126e+00,1.763498369012191308e-03
1.934508742660470126e+00,1.763498369012191308e-03
1.944451745608570148e+00,1.761699914871448598e-03
1.944451745608570148e+00,1.761699914871448598e-03
1.954394748556670169e+00,1.760183775704344308e-03
1.954394748556670169e+00,1.760183775704344308e-03
1.964337751504759977e+00,1.758337918823463936e-03
1.964337751504759977e+00,1.758337918823463936e-03
1.974280754452859998e+00,1.756046301720570876e-03
1.974280754452859998e+00,1.756046301720570876e-03
1.984223757400960020e+00,1.753177709180175599e-03
1.984223757400960020e+00,1.753177709180175599e-03
1.994166760349050049e+00,1.750329299917241553e-03
1.994166760349050049e+00,1.750329299917241553e-03
2.004109763297150071e+00,1.747903943106439385e-03
2.004109763297150071e+00,1.747903943106439385e-03
2.014052766245249870e+00,1.745486845746504383e-03
2.014052766245249870e+00,1.745486845746504383e-03
2.023995769193350114e+00,1.742863803623841612e-03
2.023995769193350114e+00,1.742863803623841612e-03
2.033938772141440143e+00,1.740867018233309502e-03
2.033938772141440143e+00,1.740867018233309502e-03
2.043881775089539943e+00,1.739535868030194334e-03
2.043881775089539943e+00,1.739535868030194334e-03
2.053824778037640186e+00,1.737955569459761910e-03
2.053824778037640186e+00,1.737955569459761910e-03
2.063767780985739986e+00,1.735846825259007272e-03
2.063767780985739986e+00,1.735846825259007272e-03
2.073710783933820245e+00,1.733246669580337058e-03
2.073710783933820245e+00,1.733246669580337058e-03
2.083653786881910275e+00,1.731106106824817923e-03
2.083653786881910275e+00,1.731106106824817923e-03
2.093596789829999860e+00,1.730137124796702784e-03
2.093596789829999860e+00,1.730137124796702784e-03
2.103539792778080120e+00,1.729338875490819350e-03
2.103539792778080120e+00,1.729338875490819350e-03
2.113482795726170149e+00,1.727964354566240970e-03
2.113482795726170149e+00,1.727964354566240970e-03
2.123425798674260179e+00,1.726125814910821126e-03
2.123425798674260179e+00,1.726125814910821126e-03
2.133368801622339994e+00,1.724681197253318324e-03
2.133368801622339994e+00,1.724681197253318324e-03
2.143311804570430024e+00,1.723452002301058316e-03
2.143311804570430024e+00,1.723452002301058316e-03
2.153254807518520053e+00,1.722127816830887597e-03
2.153254807518520053e+00,1.722127816830887597e-03
2.163197810466610083e+00,1.720657378082690592e-03
2.163197810466610083e+00,1.720657378082690592e-03
2.173140813414689898e+00,1.719084491456164239e-03
2.173140813414689898e+00,1.719084491456164239e-03
2.183083816362779928e+00,1.717377889921479356e-03
2.183083816362779928e+00,1.717377889921479356e-03
2.193026819310869957e+00,1.715394388719533852e-03
2.193026819310869957e+00,1.715394388719533852e-03
2.202969822258950217e+00,1.713065485379021858e-03
2.202969822258950217e+00,1.713065485379021858e-03
2.212912825207040246e+00,1.710965461774918489e-03
2.212912825207040246e+00,1.710965461774918489e-03
2.222855828155129831e+00,1.709179514209876192e-03
2.222855828155129831e+00,1.709179514209876192e-03
2.232798831103210091e+00,1.707978840174201448e-03
2.232798831103210091e+00,1.707978840174201448e-03
2.242741834051300120e+00,1.706846440345476373e-03
2.242741834051300120e+00,1.706846440345476373e-03
2.252684836999390150e+00,1.705239025942599951e-03
2.252684836999390150e+00,1.705239025942599951e-03
2.262627839947469965e+00,1.702830229101069074e-03
2.262627839947469965e+00,1.702830229101069074e-03
2.272570842895559995e+00,1.700433626331947787e-03
2.272570842895559995e+00,1.700433626331947787e-03
2.282513845843650024e+00,1.698928833168122975e-03
2.282513845843650024e+00,1.698928833168122975e-03
2.292456848791729840e+00,1.698077478049006290e-03
2.292456848791729840e+00,1.698077478049006290e-03
2.302399851739819869e+00,1.697062913865105167e-03
2.302399851739819869e+00,1.697062913865105167e-03
2.312342854687909899e+00,1.695572903259861663e-03
2.312342854687909899e+00,1.695572903259861663e-03
2.322285857635990158e+00,1.694000061102813540e-03
2.322285857635990158e+00,1.694000061102813540e-03
2.332228860584080188e+00,1.692395430374302352e-03
2.332228860584080188e+00,1.692395430374302352e-03
2.342171863532169773e+00,1.690622175711458536e-03
2.342171863532169773e+00,1.690622175711458536e-03
2.352114866480250033e+00,1.688695147896403931e-03
2.352114866480250033e+00,1.688695147896403931e-03
2.362057869428340062e+00,1.687062168401460551e-03
2.362057869428340062e+00,1.687062168401460551e-03
2.372000872376430092e+00,1.686005960293012178e-03
2.372000872376430092e+00,1.686005960293012178e-03
2.381943875324509907e+00,1.684984972303508370e-03
2.381943875324509907e+00,1.684984972303508370e-03
2.391886878272599937e+00,1.683633650713943584e-03
2.391886878272599937e+00,1.683633650713943584e-03
2.401829881220689966e+00,1.682228252624703079e-03
2.401829881220689966e+00,1.682228252624703079e-03
2.411772884168769782e+00,1.680635229963289498e-03
2.411772884168769782e+00,1.680635229963289498e-03
2.421715887116859811e+00,1.679291437236945942e-03
2.421715887116859811e+00,1.679291437236945942e-03
2.431658890064949841e+00,1.677824768738977058e-03
2.431658890064949841e+00,1.677824768738977058e-03
2.441601893013030100e+00,1.675905861955684448e-03
2.441601893013030100e+00,1.675905861955684448e-03
2.451544895961120130e+00,1.674040796469410727e-03
2.451544895961120130e+00,1.674040796469410727e-03
2.461487898909210159e+00,1.672619909410024037e-03
2.461487898909210159e+00,1.672619909410024037e-03
2.471430901857289975e+00,1.671357717204077211e-03
2.471430901857289975e+00,1.671357717204077211e-03
2.481373904805380004e+00,1.670317242949170703e-03
2.481373904805380004e+00,1.670317242949170703e-03
2.491316907753470034e+00,1.669530614309301794e-03
2.491316907753470034e+00,1.669530614309301794e-03
2.501259910701549849e+00,1.668668542199957779e-03
2.501259910701549849e+00,1.668668542199957779e-03
2.511202913649639878e+00,1.667528908747358766e-03
2.511202913649639878e+00,1.667528908747358766e-03
2.521145916597729908e+00,1.665902709032378304e-03
2.521145916597729908e+00,1.665902709032378304e-03
2.531088919545809723e+00,1.663628658317913749e-03
2.531088919545809723e+00,1.663628658317913749e-03
2.541031922493899753e+00,1.661110527834859518e-03
2.541031922493899753e+00,1.661110527834859518e-03
2.550616204640280049e+00,1.659270611584153779e-03
2.550616204640280049e+00,1.659270611584153779e-03
2.558538452179189626e+00,1.658233775306714071e-03
2.558538452179189626e+00,1.658233775306714071e-03
2.565630299088200061e+00,1.657492169819345645e-03
2.565630299088200061e+00,1.657492169819345645e-03
2.572722145997200283e+00,1.656569656645573083e-03
2.572722145997200283e+00,1.656569656645573083e-03
2.579297857677469885e+00,1.655610247126694827e-03
2.579297857677469885e+00,1.655610247126694827e-03
2.583957632186120179e+00,1.654944687839661303e-03
2.583957632186120179e+00,1.654944687839661303e-03
2.587907686415519937e+00,1.654451435087219216e-03
2.587907686415519937e+00,1.654451435087219216e-03
2.591847600946220354e+00,1.654075713680701418e-03
2.591847600946220354e+00,1.654075713680701418e-03
2.595626214440799995e+00,1.653799423796701142e-03
2.595626214440799995e+00,1.653799423796701142e-03
2.599228477322089947e+00,1.653573426899096564e-03
2.599228477322089947e+00,1.653573426899096564e-03
2.602826603920640025e+00,1.653355269762873513e-03
2.602826603920640025e+00,1.653355269762873513e-03
2.606418662763299920e+00,1.653115092295735430e-03
2.606418662763299920e+00,1.653115092295735430e-03
2.609921406294759993e+00,1.652842512915483160e-03
2.609921406294759993e+00,1.652842512915483160e-03
2.613344401164889863e+00,1.652473425649974258e-03
2.613344401164889863e+00,1.652473425649974258e-03
2.616681175145569860e+00,1.652079062745848538e-03
2.616681175145569860e+00,1.652079062745848538e-03
2.619943545836049825e+00,1.651619944728843553e-03
2.619943545836049825e+00,1.651619944728843553e-03
2.623125614604230105e+00,1.651122394645962053e-03
2.623125614604230105e+00,1.651122394645962053e-03
2.626222566805300307e+00,1.650639649774130954e-03
2.626222566805300307e+00,1.650639649774130954e-03
2.629257247179729973e+00,1.650180621470818173e-03
2.629257247179729973e+00,1.650180621470818173e-03
2.632195173270059918e+00,1.649716854889153898e-03
2.632195173270059918e+00,1.649716854889153898e-03
2.635094723135679828e+00,1.649196123317267330e-03
2.635094723135679828e+00,1.649196123317267330e-03
2.637886241695569733e+00,1.648612133523615596e-03
2.637886241695569733e+00,1.648612133523615596e-03
2.640639209290260414e+00,1.647962345428747016e-03
2.640639209290260414e+00,1.647962345428747016e-03
2.643316685800420007e+00,1.647276926255945460e-03
2.643316685800420007e+00,1.647276926255945460e-03
2.645901578095650297e+00,1.646592527751255348e-03
2.645901578095650297e+00,1.646592527751255348e-03
2.648470741925770255e+00,1.645952655017037794e-03
2.648470741925770255e+00,1.645952655017037794e-03
2.650935792843600147e+00,1.645426194968472320e-03
2.650935792843600147e+00,1.645426194968472320e-03
2.653331252015500130e+00,1.644998642703107044e-03
2.653331252015500130e+00,1.644998642703107044e-03
2.655704434494110089e+00,1.644609354409684327e-03
2.655704434494110089e+00,1.644609354409684327e-03
2.657982157687570179e+00,1.644217006153822144e-03
2.657982157687570179e+00,1.644217006153822144e-03
2.660206904536710493e+00,1.643790321541350628e-03
2.660206904536710493e+00,1.643790321541350628e-03
2.662421741296960409e+00,1.643330510046606434e-03
2.662421741296960409e+00,1.643330510046606434e-03
2.664539803502290027e+00,1.642880574647602931e-03
2.664539803502290027e+00,1.642880574647602931e-03
2.666590547390490062e+00,1.642440117709151022e-03
2.666590547390490062e+00,1.642440117709151022e-03
2.668641291278699867e+00,1.641987281137799373e-03
2.668641291278699867e+00,1.641987281137799373e-03
2.670644622970619775e+00,1.641540134915166855e-03
2.670644622970619775e+00,1.641540134915166855e-03
2.672583194225619962e+00,1.641148026934798401e-03
2.672583194225619962e+00,1.641148026934798401e-03
2.674492283236810319e+00,1.640803653213139968e-03
2.674492283236810319e+00,1.640803653213139968e-03
2.676376965991480006e+00,1.640482626450247977e-03
2.676376965991480006e+00,1.640482626450247977e-03
2.678207169729660109e+00,1.640173958327286428e-03
2.678207169729660109e+00,1.640173958327286428e-03
2.680000865935240117e+00,1.639867699788834232e-03
2.680000865935240117e+00,1.639867699788834232e-03
2.681739425231139951e+00,1.639566850324765315e-03
2.681739425231139951e+00,1.639566850324765315e-03
2.683445199372640477e+00,1.639267605677949659e-03
2.683445199372640477e+00,1.639267605677949659e-03
2.685093878365939712e+00,1.638971263226052634e-03
2.685093878365939712e+00,1.638971263226052634e-03
2.686709485782079909e+00,1.638669229558140008e-03
2.686709485782079909e+00,1.638669229558140008e-03
2.688276236377720174e+00,1.638360768311677680e-03
2.688276236377720174e+00,1.638360768311677680e-03
2.689809880144740095e+00,1.638041078988060253e-03
2.689809880144740095e+00,1.638041078988060253e-03
2.691303000389620337e+00,1.637713764011298947e-03
2.691303000389620337e+00,1.637713764011298947e-03
2.692753303583359958e+00,1.637388220946175022e-03
2.692753303583359958e+00,1.637388220946175022e-03
2.694184066653890319e+00,1.637074668446339594e-03
2.694184066653890319e+00,1.637074668446339594e-03
2.695559224485669869e+00,1.636794070316761971e-03
2.695559224485669869e+00,1.636794070316761971e-03
2.696919066247839947e+00,1.636531191249729475e-03
2.696919066247839947e+00,1.636531191249729475e-03
2.698242878200189931e+00,1.636290267494292005e-03
2.698242878200189931e+00,1.636290267494292005e-03
2.699524744113070085e+00,1.636070842646412601e-03
2.699524744113070085e+00,1.636070842646412601e-03
2.700794850480469744e+00,1.635861911090809957e-03
2.700794850480469744e+00,1.635861911090809957e-03
2.702018354960769919e+00,1.635663373653779232e-03
2.702018354960769919e+00,1.635663373653779232e-03
2.703211515677240051e+00,1.635466400235537987e-03
2.703211515677240051e+00,1.635466400235537987e-03
2.704389683878960060e+00,1.635263481306860334e-03
2.704389683878960060e+00,1.635263481306860334e-03
2.705520708862910073e+00,1.635063162690829309e-03
2.705520708862910073e+00,1.635063162690829309e-03
2.706626868010939990e+00,1.634864863298022457e-03
2.706626868010939990e+00,1.634864863298022457e-03
2.707730034395090080e+00,1.634668308906026338e-03
2.707730034395090080e+00,1.634668308906026338e-03
2.708808295170479941e+00,1.634480382898557049e-03
2.708808295170479941e+00,1.634480382898557049e-03
2.709857049194969836e+00,1.634304690647939281e-03
2.709857049194969836e+00,1.634304690647939281e-03
2.710880164529370084e+00,1.634131965536496280e-03
2.710880164529370084e+00,1.634131965536496280e-03
2.711880282471240466e+00,1.633963493386470130e-03
2.711880282471240466e+00,1.633963493386470130e-03
2.712856663759880327e+00,1.633786641130488245e-03
2.712856663759880327e+00,1.633786641130488245e-03
2.713808000174490420e+00,1.633599226904085266e-03
2.713808000174490420e+00,1.633599226904085266e-03
2.714740517908559969e+00,1.633407020603487364e-03
2.714740517908559969e+00,1.633407020603487364e-03
2.715649543994709703e+00,1.633220056701863371e-03
2.715649543994709703e+00,1.633220056701863371e-03
2.716537658727159688e+00,1.633039715822354925e-03
2.716537658727159688e+00,1.633039715822354925e-03
2.717394612488889916e+00,1.632871670253794455e-03
2.717394612488889916e+00,1.632871670253794455e-03
2.718232125306160096e+00,1.632712730868295494e-03
2.718232125306160096e+00,1.632712730868295494e-03
2.719047739652070028e+00,1.632562455514475043e-03
2.719047739652070028e+00,1.632562455514475043e-03
2.719846476888929665e+00,1.632419002080601721e-03
2.719846476888929665e+00,1.632419002080601721e-03
2.720626101235940286e+00,1.632281708202299505e-03
2.720626101235940286e+00,1.632281708202299505e-03
2.721390429916550335e+00,1.632149088917247319e-03
2.721390429916550335e+00,1.632149088917247319e-03
2.722133667340350005e+00,1.632019823266328985e-03
2.722133667340350005e+00,1.632019823266328985e-03
2.722855010770820261e+00,1.631895465784774209e-03
2.722855010770820261e+00,1.631895465784774209e-03
2.723565335232380313e+00,1.631772612774471005e-03
2.723565335232380313e+00,1.631772612774471005e-03
2.724251836935160043e+00,1.631651528756927804e-03
2.724251836935160043e+00,1.631651528756927804e-03
2.724927992826569945e+00,1.631529939034693155e-03
2.724927992826569945e+00,1.631529939034693155e-03
2.725581827685450431e+00,1.631410876764490458e-03
2.725581827685450431e+00,1.631410876764490458e-03
2.726216077672910298e+00,1.631295260139475770e-03
2.726216077672910298e+00,1.631295260139475770e-03
2.726848081959119874e+00,1.631180858756269307e-03
2.726848081959119874e+00,1.631180858756269307e-03
2.727459514581270117e+00,1.631078402703954600e-03
2.727459514581270117e+00,1.631078402703954600e-03
2.728053486615220180e+00,1.631006683687054402e-03
2.728053486615220180e+00,1.631006683687054402e-03
2.728639679214500013e+00,1.630993850062015856e-03
2.728639679214500013e+00,1.630993850062015856e-03
2.729209396783499830e+00,1.631019148080015309e-03
2.729209396783499830e+00,1.631019148080015309e-03
2.729768025457830039e+00,1.630604083953409670e-03
2.729768025457830039e+00,1.630604083953409670e-03
2.730316009968650093e+00,1.629430809323704696e-03
2.730316009968650093e+00,1.629430809323704696e-03
2.730847976921189968e+00,1.628808154695696826e-03
2.730847976921189968e+00,1.628808154695696826e-03
2.731365066471870051e+00,1.627141836793270227e-03
2.731365066471870051e+00,1.627141836793270227e-03
2.731870095081640137e+00,1.627117990631640060e-03
2.731870095081640137e+00,1.627117990631640060e-03
2.732363391397010233e+00,1.628430626231521872e-03
2.732363391397010233e+00,1.628430626231521872e-03
2.732848016687480008e+00,1.621147799780305434e-03
2.732848016687480008e+00,1.621147799780305434e-03
2.733319463982410102e+00,1.562365899309821945e-03
2.733319463982410102e+00,1.562365899309821945e-03
2.733777072879330028e+00,1.333305543946486284e-03
2.733777072879330028e+00,1.333305543946486284e-03
2.734222196871310295e+00,8.255648905133540147e-04
2.734222196871310295e+00,8.255648905133540147e-04
2.734655057345929841e+00,2.058737592882840469e-04
2.734655057345929841e+00,2.058737592882840469e-04
2.735077629889320239e+00,-2.629430432843652614e-04
2.735077629889320239e+00,-2.629430432843652614e-04
2.735492860414310279e+00,-5.885932646942043742e-04
2.735492860414310279e+00,-5.885932646942043742e-04
2.735897521261860366e+00,-8.501849317083308519e-04
2.735897521261860366e+00,-8.501849317083308519e-04
2.736294188981100106e+00,-1.060726464194005183e-03
2.736294188981100106e+00,-1.060726464194005183e-03
2.736679972303369901e+00,-1.220403708045836701e-03
2.736679972303369901e+00,-1.220403708045836701e-03
2.737052827881550243e+00,-1.332509270578577940e-03
2.737052827881550243e+00,-1.332509270578577940e-03
2.737419439264510146e+00,-1.406730593475258653e-03
2.737419439264510146e+00,-1.406730593475258653e-03
2.737778246968570084e+00,-1.449864731955381649e-03
2.737778246968570084e+00,-1.449864731955381649e-03
2.738130361195000084e+00,-1.454938510204490439e-03
2.738130361195000084e+00,-1.454938510204490439e-03
2.738470955070030133e+00,-1.432852378388084187e-03
2.738470955070030133e+00,-1.432852378388084187e-03
2.738802248742400192e+00,-1.400100381072898973e-03
2.738802248742400192e+00,-1.400100381072898973e-03
2.739130254040800239e+00,-1.370311516750937104e-03
2.739130254040800239e+00,-1.370311516750937104e-03
2.739453529502850149e+00,-1.351030864121382331e-03
2.739453529502850149e+00,-1.351030864121382331e-03
2.739768575780300086e+00,-1.341532303897913659e-03
2.739768575780300086e+00,-1.341532303897913659e-03
2.740073977569620123e+00,-1.347424568202437853e-03
2.740073977569620123e+00,-1.347424568202437853e-03
2.740370168727719768e+00,-1.378538351559995424e-03
2.740370168727719768e+00,-1.378538351559995424e-03
2.740659063617510327e+00,-1.455114105008141262e-03
2.740659063617510327e+00,-1.455114105008141262e-03
2.740943065908780341e+00,-1.598447061306311609e-03
2.740943065908780341e+00,-1.598447061306311609e-03
2.741221149836870374e+00,-1.828836368811520520e-03
2.741221149836870374e+00,-1.828836368811520520e-03
2.741491671999670032e+00,-2.120414055907776391e-03
2.741491671999670032e+00,-2.120414055907776391e-03
2.741754215402199879e+00,-2.239560023331455506e-03
2.741754215402199879e+00,-2.239560023331455506e-03
2.742009805127940236e+00,-1.570115539223838723e-03
2.742009805127940236e+00,-1.570115539223838723e-03
2.742260400000110288e+00,-5.105376582453385881e-04
2.742260400000110288e+00,-5.105376582453385881e-04
2.742447114328550040e+00,-1.127947639936518944e-03
2.742447114328550040e+00,-1.127947639936518944e-03
2.742636637053299964e+00,-2.113853719632683044e-03
2.742636637053299964e+00,-2.113853719632683044e-03
2.742831570585160250e+00,-2.731451638273710118e-03
2.742831570585160250e+00,-2.731451638273710118e-03
2.743031014998140282e+00,-2.938364391577454656e-03
2.743031014998140282e+00,-2.938364391577454656e-03
2.743237762305040128e+00,-2.993316642110217633e-03
2.743237762305040128e+00,-2.993316642110217633e-03
2.743448385158800296e+00,-2.994958608065739509e-03
2.743448385158800296e+00,-2.994958608065739509e-03
2.743663611133989821e+00,-2.958410179872685182e-03
2.743663611133989821e+00,-2.958410179872685182e-03
2.743885083509990164e+00,-2.890747866632799312e-03
2.743885083509990164e+00,-2.890747866632799312e-03
2.744112987095399969e+00,-2.803133520426220968e-03
2.744112987095399969e+00,-2.803133520426220968e-03
2.744346706824469795e+00,-2.695738080413028707e-03
2.744346706824469795e+00,-2.695738080413028707e-03
2.744585398816489885e+00,-2.551469719948935323e-03
2.744585398816489885e+00,-2.551469719948935323e-03
2.744829348352130438e+00,-2.384259748695132918e-03
2.744829348352130438e+00,-2.384259748695132918e-03
2.745079401732979818e+00,-2.192927154010988321e-03
2.745079401732979818e+00,-2.192927154010988321e-03
2.745336895162010293e+00,-1.968547854363530188e-03
2.745336895162010293e+00,-1.968547854363530188e-03
2.745597728577080066e+00,-1.715283376345768307e-03
2.745597728577080066e+00,-1.715283376345768307e-03
2.745859017842890104e+00,-1.448422744999076093e-03
2.745859017842890104e+00,-1.448422744999076093e-03
2.746130316016120343e+00,-1.169856357552237101e-03
2.746130316016120343e+00,-1.169856357552237101e-03
2.746414269948670217e+00,-8.787913511058420687e-04
2.746414269948670217e+00,-8.787913511058420687e-04
2.746698391827389951e+00,-5.911527539036236191e-04
2.746698391827389951e+00,-5.911527539036236191e-04
2.746989836239719818e+00,-3.065049498567865190e-04
2.746989836239719818e+00,-3.065049498567865190e-04
2.747294722867870131e+00,-8.833043850790623516e-06
2.747294722867870131e+00,-8.833043850790623516e-06
2.747602249420890264e+00,3.146762401422958130e-04
2.747602249420890264e+00,3.146762401422958130e-04
2.747917060235220088e+00,6.615804865958719314e-04
2.747917060235220088e+00,6.615804865958719314e-04
2.748244720945050013e+00,1.009468985862583103e-03
2.748244720945050013e+00,1.009468985862583103e-03
2.748576758327220038e+00,1.323670753753415034e-03
2.748576758327220038e+00,1.323670753753415034e-03
2.748917028770990090e+00,1.604481324178801474e-03
2.748917028770990090e+00,1.604481324178801474e-03
2.749264800941809916e+00,1.861061064784269321e-03
2.749264800941809916e+00,1.861061064784269321e-03
2.749622866988600034e+00,2.125426990776330908e-03
2.749622866988600034e+00,2.125426990776330908e-03
2.749992453227589895e+00,2.431712218607598106e-03
2.749992453227589895e+00,2.431712218607598106e-03
2.750370419239559716e+00,2.765749111258902770e-03
2.750370419239559716e+00,2.765749111258902770e-03
2.750760507708339908e+00,3.070953261107515347e-03
2.750760507708339908e+00,3.070953261107515347e-03
2.751157471371270091e+00,3.295161484005509726e-03
2.751157471371270091e+00,3.295161484005509726e-03
2.751563529389879914e+00,3.454684044292860579e-03
2.751563529389879914e+00,3.454684044292860579e-03
2.751978975539219885e+00,3.572231851996938642e-03
2.751978975539219885e+00,3.572231851996938642e-03
2.752408146833809965e+00,3.682641007030135975e-03
2.752408146833809965e+00,3.682641007030135975e-03
2.752845955156070001e+00,3.823588974532123562e-03
2.752845955156070001e+00,3.823588974532123562e-03
2.753297208460429690e+00,4.012983024681951276e-03
2.753297208460429690e+00,4.012983024681951276e-03
2.753753665941710338e+00,4.240622707078160226e-03
2.753753665941710338e+00,4.240622707078160226e-03
2.754210123422990097e+00,4.493493813787953137e-03
2.754210123422990097e+00,4.493493813787953137e-03
2.754678188773999725e+00,4.755563144780278889e-03
2.754678188773999725e+00,4.755563144780278889e-03
2.755177515629509966e+00,5.002511673191507163e-03
2.755177515629509966e+00,5.002511673191507163e-03
2.755685208284370358e+00,5.205609841862693203e-03
2.755685208284370358e+00,5.205609841862693203e-03
2.756193424880959864e+00,5.369211757323619216e-03
2.756193424880959864e+00,5.369211757323619216e-03
2.756719629730319809e+00,5.507585496136796314e-03
2.756719629730319809e+00,5.507585496136796314e-03
2.757263578131690096e+00,5.626251167492510828e-03
2.757263578131690096e+00,5.626251167492510828e-03
2.757808619644309900e+00,5.740079985621908236e-03
2.757808619644309900e+00,5.740079985621908236e-03
2.758369463716000336e+00,5.890987619459958462e-03
2.758369463716000336e+00,5.890987619459958462e-03
2.758958697838350016e+00,6.101965291229507517e-03
2.758958697838350016e+00,6.101965291229507517e-03
2.759555515064350040e+00,6.341467929986404663e-03
2.759555515064350040e+00,6.341467929986404663e-03
2.760161362612090219e+00,6.576926327466750197e-03
2.760161362612090219e+00,6.576926327466750197e-03
2.760789271926520350e+00,6.794388148921798667e-03
2.760789271926520350e+00,6.794388148921798667e-03
2.761429480826860239e+00,6.983079789207615601e-03
2.761429480826860239e+00,6.983079789207615601e-03
2.762084559676699858e+00,7.136484881627214172e-03
2.762084559676699858e+00,7.136484881627214172e-03
2.762760231047120207e+00,7.253718105928150944e-03
2.762760231047120207e+00,7.253718105928150944e-03
2.763452427787770116e+00,7.359363900490339255e-03
2.763452427787770116e+00,7.359363900490339255e-03
2.764161134510620066e+00,7.499348619830700086e-03
2.764161134510620066e+00,7.499348619830700086e-03
2.764889718520409989e+00,7.693495964211640066e-03
2.764889718520409989e+00,7.693495964211640066e-03
2.765638363404860023e+00,7.925211449413082851e-03
2.765638363404860023e+00,7.925211449413082851e-03
2.766399735610109989e+00,8.162473183533545951e-03
2.766399735610109989e+00,8.162473183533545951e-03
2.767184266079089738e+00,8.383445105887572801e-03
2.767184266079089738e+00,8.383445105887572801e-03
2.767981790002740361e+00,8.571450220501266107e-03
2.767981790002740361e+00,8.571450220501266107e-03
2.768784084392569955e+00,8.719303443272640244e-03
2.768784084392569955e+00,8.719303443272640244e-03
2.769588384297990036e+00,8.820755828187610073e-03
2.769588384297990036e+00,8.820755828187610073e-03
2.770425651084080343e+00,8.902391661547251825e-03
2.770425651084080343e+00,8.902391661547251825e-03
2.771306266623310144e+00,9.019090293398370276e-03
2.771306266623310144e+00,9.019090293398370276e-03
2.772191235562219802e+00,9.191997185194533682e-03
2.772191235562219802e+00,9.191997185194533682e-03
2.773076204501120134e+00,9.398418301430361971e-03
2.773076204501120134e+00,9.398418301430361971e-03
2.773994150047460305e+00,9.600532738951228495e-03
2.773994150047460305e+00,9.600532738951228495e-03
2.774967113373029814e+00,9.782436074680923160e-03
2.774967113373029814e+00,9.782436074680923160e-03
2.775949896083739876e+00,9.925492158618669583e-03
2.775949896083739876e+00,9.925492158618669583e-03
2.776938273447969951e+00,1.004733566865134188e-02
2.776938273447969951e+00,1.004733566865134188e-02
2.777969700441110135e+00,1.019091760512047182e-02
2.777969700441110135e+00,1.019091760512047182e-02
2.779038127046470130e+00,1.034953401379298463e-02
2.779038127046470130e+00,1.034953401379298463e-02
2.780110675856270142e+00,1.050478775715746847e-02
2.780110675856270142e+00,1.050478775715746847e-02
2.781212384074120081e+00,1.063510410021391121e-02
2.781212384074120081e+00,1.063510410021391121e-02
2.782359248773510263e+00,1.072086944323190696e-02
2.782359248773510263e+00,1.072086944323190696e-02
2.783519821886029977e+00,1.075052697489962093e-02
2.783519821886029977e+00,1.075052697489962093e-02
2.784710677155039615e+00,1.077755159640874510e-02
2.784710677155039615e+00,1.077755159640874510e-02
2.785944262853589759e+00,1.084361149175385765e-02
2.785944262853589759e+00,1.084361149175385765e-02
2.787202240919839813e+00,1.096979970622867506e-02
2.787202240919839813e+00,1.096979970622867506e-02
2.788490388018829869e+00,1.113263125883609712e-02
2.788490388018829869e+00,1.113263125883609712e-02
2.789813672617520002e+00,1.127970850206919465e-02
2.789813672617520002e+00,1.127970850206919465e-02
2.791174018649940081e+00,1.141777141597688332e-02
2.791174018649940081e+00,1.141777141597688332e-02
2.792567953109200030e+00,1.152264979039827053e-02
2.792567953109200030e+00,1.152264979039827053e-02
2.793993756491960134e+00,1.158857089748797919e-02
2.793993756491960134e+00,1.158857089748797919e-02
2.795464044782119739e+00,1.163124332346742416e-02
2.795464044782119739e+00,1.163124332346742416e-02
2.796949862187930069e+00,1.167018538330882350e-02
2.796949862187930069e+00,1.167018538330882350e-02
2.798435679593730185e+00,1.170687285813542394e-02
2.798435679593730185e+00,1.170687285813542394e-02
2.799921496999530302e+00,1.173716811750889766e-02
2.799921496999530302e+00,1.173716811750889766e-02
2.801472633105220211e+00,1.176688210664104256e-02
2.801472633105220211e+00,1.176688210664104256e-02
2.803126706225980147e+00,1.180648857079585543e-02
2.803126706225980147e+00,1.180648857079585543e-02
2.804794175182089955e+00,1.190175942454490231e-02
2.804794175182089955e+00,1.190175942454490231e-02
2.806461644138189993e+00,1.197542202226438424e-02
2.806461644138189993e+00,1.197542202226438424e-02
2.808157658573729787e+00,1.204769608723777440e-02
2.808157658573729787e+00,1.204769608723777440e-02
2.809979456756320104e+00,1.209611474810531190e-02
2.809979456756320104e+00,1.209611474810531190e-02
2.811847207686319905e+00,1.210273658490914825e-02
2.811847207686319905e+00,1.210273658490914825e-02
2.813714958616329920e+00,1.210594247916987540e-02
2.813714958616329920e+00,1.210594247916987540e-02
2.815616767932609843e+00,1.215916809988340508e-02
2.815616767932609843e+00,1.215916809988340508e-02
2.817615605759830277e+00,1.220554989047987517e-02
2.817615605759830277e+00,1.220554989047987517e-02
2.819651035687960050e+00,1.226154792721674200e-02
2.819651035687960050e+00,1.226154792721674200e-02
2.821697795362060113e+00,1.228202927878327237e-02
2.821697795362060113e+00,1.228202927878327237e-02
2.823821806121380451e+00,1.227579285390180235e-02
2.823821806121380451e+00,1.227579285390180235e-02
2.826029394378970050e+00,1.226361539125668185e-02
2.826029394378970050e+00,1.226361539125668185e-02
2.828257809597650052e+00,1.226185979171713972e-02
2.828257809597650052e+00,1.226185979171713972e-02
2.830540513794379986e+00,1.229750454314602198e-02
2.830540513794379986e+00,1.229750454314602198e-02
2.832898393699350148e+00,1.232418836738451672e-02
2.832898393699350148e+00,1.232418836738451672e-02
2.835297465916580162e+00,1.233037735493793842e-02
2.835297465916580162e+00,1.233037735493793842e-02
2.837758860786660176e+00,1.231917069542817073e-02
2.837758860786660176e+00,1.231917069542817073e-02
2.840297578671720391e+00,1.231071759907748434e-02
2.840297578671720391e+00,1.231071759907748434e-02
2.842886434311520105e+00,1.232262074752494066e-02
2.842886434311520105e+00,1.232262074752494066e-02
2.845489820508540380e+00,1.233402605530805468e-02
2.845489820508540380e+00,1.233402605530805468e-02
2.848173149887069933e+00,1.233922677301912095e-02
2.848173149887069933e+00,1.233922677301912095e-02
2.850930487189670348e+00,1.233724678785174181e-02
2.850930487189670348e+00,1.233724678785174181e-02
2.853687866343630031e+00,1.234136846000889048e-02
2.853687866343630031e+00,1.234136846000889048e-02
2.856477416615110343e+00,1.235532711275109073e-02
2.856477416615110343e+00,1.235532711275109073e-02
2.859396957338049994e+00,1.232747502264675867e-02
2.859396957338049994e+00,1.232747502264675867e-02
2.862889962241769837e+00,1.229572671516934376e-02
2.862889962241769837e+00,1.229572671516934376e-02
2.867573645501319657e+00,1.225562440673733273e-02
2.867573645501319657e+00,1.225562440673733273e-02
2.872536928471000284e+00,1.223695595097862299e-02
2.872536928471000284e+00,1.223695595097862299e-02
2.877500211440680022e+00,1.224343678997152386e-02
2.877500211440680022e+00,1.224343678997152386e-02
2.882547140121179741e+00,1.223082239701756523e-02
2.882547140121179741e+00,1.223082239701756523e-02
2.888583312958969973e+00,1.220943288767009118e-02
2.888583312958969973e+00,1.220943288767009118e-02
2.894146344953940186e+00,1.218195424156868351e-02
2.894146344953940186e+00,1.218195424156868351e-02
2.898167104272080241e+00,1.214417494636563927e-02
2.898167104272080241e+00,1.214417494636563927e-02
2.902687025853049718e+00,1.204164455287069953e-02
2.902687025853049718e+00,1.204164455287069953e-02
2.907268017622250067e+00,1.184352713131741827e-02
2.907268017622250067e+00,1.184352713131741827e-02
2.911279516836970060e+00,1.160540545584280714e-02
2.911279516836970060e+00,1.160540545584280714e-02
2.915005706215449965e+00,1.135733699214900791e-02
2.915005706215449965e+00,1.135733699214900791e-02
2.918731895593920100e+00,1.110423820564080191e-02
2.918731895593920100e+00,1.110423820564080191e-02
2.922458084972390235e+00,1.086676129508351921e-02
2.922458084972390235e+00,1.086676129508351921e-02
2.926184274350870140e+00,1.064444733533366147e-02
2.926184274350870140e+00,1.064444733533366147e-02
2.929910463729339831e+00,1.044913121974269839e-02
2.929910463729339831e+00,1.044913121974269839e-02
2.933636653107820180e+00,1.027909828637989763e-02
2.933636653107820180e+00,1.027909828637989763e-02
2.937362842486289871e+00,1.014070635875503369e-02
2.937362842486289871e+00,1.014070635875503369e-02
2.941089031864760006e+00,1.001917150800923917e-02
2.941089031864760006e+00,1.001917150800923917e-02
2.944815221243240355e+00,1.002771556524351126e-02
2.944815221243240355e+00,1.002771556524351126e-02
2.948541410621710046e+00,1.039403335934958351e-02
2.948541410621710046e+00,1.039403335934958351e-02
2.952267600000190395e+00,8.135238149189013071e-03
2.952267600000190395e+00,8.135238149189013071e-03
2.957259380721080078e+00,3.243556881866351948e-03
2.957259380721080078e+00,3.243556881866351948e-03
2.962251161441970204e+00,1.629274228721635815e-03
2.962251161441970204e+00,1.629274228721635815e-03
2.967242942162859887e+00,1.224335780101314065e-03
2.967242942162859887e+00,1.224335780101314065e-03
2.972234722883750013e+00,1.037783773437703661e-03
2.972234722883750013e+00,1.037783773437703661e-03
2.977226503604640140e+00,9.353325739170359476e-04
2.977226503604640140e+00,9.353325739170359476e-04
2.982218284325530266e+00,8.671847293980819828e-04
2.982218284325530266e+00,8.671847293980819828e-04
2.987210065046419949e+00,8.143164503680534391e-04
2.987210065046419949e+00,8.143164503680534391e-04
2.992201845767319845e+00,7.758100078908417756e-04
2.992201845767319845e+00,7.758100078908417756e-04
2.997193626488210416e+00,7.525613154280105408e-04
2.997193626488210416e+00,7.525613154280105408e-04
3.002185407209100099e+00,7.405825908554819915e-04
3.002185407209100099e+00,7.405825908554819915e-04
3.007177187929990225e+00,7.343572257420600711e-04
3.007177187929990225e+00,7.343572257420600711e-04
3.012168968650879908e+00,7.292819046425481812e-04
3.012168968650879908e+00,7.292819046425481812e-04
3.017160749371770034e+00,7.226960056248681865e-04
3.017160749371770034e+00,7.226960056248681865e-04
3.022152530092660161e+00,7.140703778346794766e-04
3.022152530092660161e+00,7.140703778346794766e-04
3.027144310813560057e+00,7.042658215513993188e-04
3.027144310813560057e+00,7.042658215513993188e-04
3.032136091534449740e+00,6.941899223741615369e-04
3.032136091534449740e+00,6.941899223741615369e-04
3.037127872255340311e+00,6.842052954996555737e-04
3.037127872255340311e+00,6.842052954996555737e-04
3.042119652976229993e+00,6.744188861654320296e-04
3.042119652976229993e+00,6.744188861654320296e-04
3.047111433697120120e+00,6.648841587229116848e-04
3.047111433697120120e+00,6.648841587229116848e-04
3.052103214418009802e+00,6.557691725483649758e-04
3.052103214418009802e+00,6.557691725483649758e-04
3.057094995138899929e+00,6.471516737695113186e-04
3.057094995138899929e+00,6.471516737695113186e-04
3.062187013618610010e+00,6.391313888071661811e-04
3.062187013618610010e+00,6.391313888071661811e-04
3.068076179614620091e+00,6.311524964339529234e-04
3.068076179614620091e+00,6.311524964339529234e-04
3.074551258793229991e+00,6.233876434612123591e-04
3.074551258793229991e+00,6.233876434612123591e-04
3.082670259346629749e+00,6.144455804743414757e-04
3.082670259346629749e+00,6.144455804743414757e-04
3.092530688339690137e+00,6.048706075770434462e-04
3.092530688339690137e+00,6.048706075770434462e-04
3.102514245318469754e+00,5.968151750912333931e-04
3.102514245318469754e+00,5.968151750912333931e-04
3.112497802297260030e+00,5.900493440589783985e-04
3.112497802297260030e+00,5.900493440589783985e-04
3.122481359276040092e+00,5.837801526165689028e-04
3.122481359276040092e+00,5.837801526165689028e-04
3.132464916254819709e+00,5.779770543819996893e-04
3.132464916254819709e+00,5.779770543819996893e-04
3.142448473233600215e+00,5.727532691739685520e-04
3.142448473233600215e+00,5.727532691739685520e-04
3.152432030212380276e+00,5.679325713381305025e-04
3.152432030212380276e+00,5.679325713381305025e-04
3.162415587191159894e+00,5.634088283220655032e-04
3.162415587191159894e+00,5.634088283220655032e-04
3.172399144169939955e+00,5.594244728903203156e-04
3.172399144169939955e+00,5.594244728903203156e-04
3.182382701148720017e+00,5.560685637954029988e-04
3.182382701148720017e+00,5.560685637954029988e-04
3.192366258127500078e+00,5.531138441271359627e-04
3.192366258127500078e+00,5.531138441271359627e-04
3.202349815106280140e+00,5.504917724797116652e-04
3.202349815106280140e+00,5.504917724797116652e-04
3.212333372085060201e+00,5.480324297144911500e-04
3.212333372085060201e+00,5.480324297144911500e-04
3.222316929063839819e+00,5.455436487535469817e-04
3.222316929063839819e+00,5.455436487535469817e-04
3.232300486042619880e+00,5.437961467375168135e-04
3.232300486042619880e+00,5.437961467375168135e-04
3.242284043021399942e+00,5.513041672656151691e-04
3.242284043021399942e+00,5.513041672656151691e-04
3.252267600000190217e+00,6.763726072028932801e-04
3.252267600000190217e+00,6.763726072028932801e-04
