2.291061100000000017e-01 4.449139338107737130e+05
2.462374900000000033e-01 4.434174457279284252e+05
2.632317399999999918e-01 4.421436480031639803e+05
2.800899600000000267e-01 4.410711796217685915e+05
2.968132499999999729e-01 4.401451188174093259e+05
3.134026899999999838e-01 4.393389644758852082e+05
3.298593699999999851e-01 4.386249861942906864e+05
3.461843600000000243e-01 4.379888499068713863e+05
3.623787199999999875e-01 4.374125822651588824e+05
3.784434999999999882e-01 4.368888038549036719e+05
3.943797499999999734e-01 4.364027608039373881e+05
4.101885100000000062e-01 4.359502329377239803e+05
4.258708099999999885e-01 4.355261596525352215e+05
4.414276699999999942e-01 4.351112540277800872e+05
4.568600899999999965e-01 4.347375686926933122e+05
4.721690900000000135e-01 4.343620803124983795e+05
4.873556600000000238e-01 4.339977884433104773e+05
5.024207899999999505e-01 4.336309538691170746e+05
5.173654500000000045e-01 4.332920242966876831e+05
5.321906400000000481e-01 4.329331141194442753e+05
5.468972899999999804e-01 4.325987077307343134e+05
5.614863900000000019e-01 4.322510571278426796e+05
5.759588700000000117e-01 4.319055488123593968e+05
5.903156699999999590e-01 4.315601532620658982e+05
6.045577399999999546e-01 4.312078424669167725e+05
6.186859900000000190e-01 4.308581293530925759e+05
6.327013599999999904e-01 4.304919019626004738e+05
6.466047400000000112e-01 4.301450032358376193e+05
6.603970500000000410e-01 4.297736398540054215e+05
6.740791800000000000e-01 4.294096524600813282e+05
6.876520200000000305e-01 4.290444165768959210e+05
7.011164600000000524e-01 4.286837201910648728e+05
7.144733699999999965e-01 4.283118162593069137e+05
7.277236299999999547e-01 4.279382960185122211e+05
7.408680899999999792e-01 4.275655199832812068e+05
7.539076200000000005e-01 4.271808805150748813e+05
7.668430499999999705e-01 4.268179926089681103e+05
7.796752300000000524e-01 4.264443603991349228e+05
7.924050000000000260e-01 4.260628836036419962e+05
8.050331899999999541e-01 4.257029474680757266e+05
8.175606100000000209e-01 4.253287272283621714e+05
8.299880899999999562e-01 4.249691230860308278e+05
8.423164199999999546e-01 4.246105072638979182e+05
8.545464299999999680e-01 4.242406574328992283e+05
8.666788899999999796e-01 4.239006268476942205e+05
8.787146000000000123e-01 4.235638604090777226e+05
8.906543500000000391e-01 4.232191954394893255e+05
9.024988999999999928e-01 4.229066045881701284e+05
9.142490399999999573e-01 4.225844827093182830e+05
9.259055200000000374e-01 4.222678932442439836e+05
9.374691099999999944e-01 4.219686208193525090e+05
9.489405600000000440e-01 4.216683843865076196e+05
9.603206100000000189e-01 4.213791653511322220e+05
9.716100100000000239e-01 4.210992933230415802e+05
9.828094800000000131e-01 4.208233254964036751e+05
9.939197699999999802e-01 4.205606679776048986e+05
1.004941599999999990e+00 4.202812463180061895e+05
1.015875700000000048e+00 4.200194578963959939e+05
1.026722700000000099e+00 4.198161890622138162e+05
1.037483399999999945e+00 4.195681525311864098e+05
1.048158399999999935e+00 4.193876907339912723e+05
1.058748599999999929e+00 4.191078460061650840e+05
1.069254399999999938e+00 4.189675226856464287e+05
1.079676800000000103e+00 4.186821821201446000e+05
1.090016199999999991e+00 4.184990679983072914e+05
1.100273400000000068e+00 4.183317200697544031e+05
1.110449100000000078e+00 4.180886076578025240e+05
1.120543899999999926e+00 4.178721666739276843e+05
1.130558399999999963e+00 4.177393731244743103e+05
1.140493399999999991e+00 4.175226839896707097e+05
1.150349499999999914e+00 4.172963017337350175e+05
1.160127300000000083e+00 4.170737380190708791e+05
1.169827399999999962e+00 4.169044035161159118e+05
1.179450499999999957e+00 4.166894875176553032e+05
1.188997199999999976e+00 4.165239137754939147e+05
1.198468199999999984e+00 4.162554404435392935e+05
1.207863899999999990e+00 4.161186206535095116e+05
1.217185200000000078e+00 4.158780336177747231e+05
1.226432500000000037e+00 4.156516686666763271e+05
1.235606500000000052e+00 4.154197473260816187e+05
1.244707699999999972e+00 4.152006769436030881e+05
1.253736900000000043e+00 4.148929027939016232e+05
1.262694399999999995e+00 4.147191018832306145e+05
1.271581000000000072e+00 4.144187901269641006e+05
1.280397199999999902e+00 4.141361207515054266e+05
1.289143499999999998e+00 4.139370101950552198e+05
1.297820600000000102e+00 4.136482362168207183e+05
1.306429000000000062e+00 4.133669313733415911e+05
1.314969300000000008e+00 4.130825867872093804e+05
1.323442100000000066e+00 4.127355521247119759e+05
1.331847800000000026e+00 4.124687413997686817e+05
1.340187000000000017e+00 4.121849491736171185e+05
1.348460299999999945e+00 4.118651578581348876e+05
1.356668200000000102e+00 4.115323023909230251e+05
1.364811299999999950e+00 4.111637237147166743e+05
1.372889999999999944e+00 4.108613229449004284e+05
1.380905000000000049e+00 4.104574610734165180e+05
1.388856599999999997e+00 4.101825381916476181e+05
1.396745499999999973e+00 4.098112278307268862e+05
1.404572200000000048e+00 4.093798191495324136e+05
1.412337100000000012e+00 4.090096932495192741e+05
1.420040699999999934e+00 4.086932860158428084e+05
1.427683700000000000e+00 4.081535287561470759e+05
1.435266399999999942e+00 4.077992648567702272e+05
1.442789400000000111e+00 4.074491954124569893e+05
1.450253100000000073e+00 4.070654158664594870e+05
1.457658099999999957e+00 4.065842542786509148e+05
1.465004699999999938e+00 4.062322662047985941e+05
1.472293599999999980e+00 4.057733992701037205e+05
1.479525100000000037e+00 4.052374471819595783e+05
1.486699800000000016e+00 4.047927402325642761e+05
1.493818099999999927e+00 4.044280470976625802e+05
1.500880500000000062e+00 4.038927976324498886e+05
1.507887399999999989e+00 4.034331181822982035e+05
1.514839199999999941e+00 4.030258861797318095e+05
1.521736600000000106e+00 4.023702419082372217e+05
1.528579799999999933e+00 4.018977469098846777e+05
1.535369299999999937e+00 4.015610963483367814e+05
1.542105599999999965e+00 4.010188770165485912e+05
1.548789100000000030e+00 4.005132471459154040e+05
1.555420299999999978e+00 3.999873531571645872e+05
1.561999600000000044e+00 3.994415050735924742e+05
1.568527400000000016e+00 3.988896197629193193e+05
1.575004099999999907e+00 3.983712311308481148e+05
1.581430099999999950e+00 3.978968832088377094e+05
1.587806000000000051e+00 3.972745546579665970e+05
1.594132000000000104e+00 3.966632310883539030e+05
1.600408599999999959e+00 3.962276284188085119e+05
1.606636200000000070e+00 3.955660850861411891e+05
1.612815300000000063e+00 3.950578528450697195e+05
1.618946100000000055e+00 3.945075355125897913e+05
1.625029199999999951e+00 3.939345858355743112e+05
1.631064899999999929e+00 3.933546180749334744e+05
1.637053599999999998e+00 3.927669675488258945e+05
1.642995699999999948e+00 3.921752598908282816e+05
1.648891600000000013e+00 3.915181846259926097e+05
1.654741599999999924e+00 3.909922260655551217e+05
1.660546199999999972e+00 3.903454377861893154e+05
1.666305699999999890e+00 3.896636663092590170e+05
1.672020499999999910e+00 3.891527963788384222e+05
1.677691000000000043e+00 3.884962838194451178e+05
1.683317500000000022e+00 3.879025861045533093e+05
1.688900400000000079e+00 3.872809384041897720e+05
1.694440100000000005e+00 3.865447912024632096e+05
1.699936899999999973e+00 3.860152903135098168e+05
1.705391199999999996e+00 3.852745040733559872e+05
1.710803400000000085e+00 3.846865590213278774e+05
1.716173699999999913e+00 3.840692965289619751e+05
1.721502599999999994e+00 3.833271436481855926e+05
1.726790400000000059e+00 3.827552124280838179e+05
1.732037400000000060e+00 3.821007457973596756e+05
1.737244000000000010e+00 3.813330136431144783e+05
1.742410500000000084e+00 3.807570682630927186e+05
1.747537300000000071e+00 3.800711949513715808e+05
1.752624600000000088e+00 3.794035354986892198e+05
1.757672899999999983e+00 3.787056003693402163e+05
1.762682400000000094e+00 3.780267186543925200e+05
1.767653499999999989e+00 3.773392656446910114e+05
1.772586500000000065e+00 3.765227021211683750e+05
1.777481700000000053e+00 3.759216977574381744e+05
1.782339399999999907e+00 3.751593845208251732e+05
1.787160000000000082e+00 3.745561089123046841e+05
1.791943800000000087e+00 3.737785335587355075e+05
1.796691000000000038e+00 3.730261775639568223e+05
1.801401999999999948e+00 3.723889955384209170e+05
1.806077099999999991e+00 3.716592619114405243e+05
1.810716599999999898e+00 3.709312186135670054e+05
1.815320800000000068e+00 3.702068476991942152e+05
1.819890000000000008e+00 3.693873925773436786e+05
1.824424499999999894e+00 3.687506799894414726e+05
1.828924599999999900e+00 3.679792064889451722e+05
1.833390499999999923e+00 3.673229977303568157e+05
1.837822700000000031e+00 3.665099269939361839e+05
1.842221300000000062e+00 3.657741915428480715e+05
1.846586599999999967e+00 3.650886011861828156e+05
1.850918999999999981e+00 3.643124118597115157e+05
1.855218699999999998e+00 3.634705147992462153e+05
1.859485999999999972e+00 3.627200941685832804e+05
1.863721200000000078e+00 3.619923570929836715e+05
1.867924499999999988e+00 3.612545380253188196e+05
1.872096200000000099e+00 3.604263463200120023e+05
1.876236699999999979e+00 3.596034198699289118e+05
1.880346099999999909e+00 3.589329447622441221e+05
1.884424700000000064e+00 3.581735208233594894e+05
1.888472799999999951e+00 3.573223297849430819e+05
1.892490699999999970e+00 3.566026223369042273e+05
1.896478600000000014e+00 3.557522171834491892e+05
1.900436800000000037e+00 3.550315089730583131e+05
1.904365499999999933e+00 3.541829103957508923e+05
1.908265000000000100e+00 3.534031895003215177e+05
1.912135600000000046e+00 3.526643912508636713e+05
1.915977499999999889e+00 3.518273414675624226e+05
1.919790899999999967e+00 3.510811901432378218e+05
1.923576100000000011e+00 3.502627224251152948e+05
1.927333299999999916e+00 3.494823993215073715e+05
1.931062899999999916e+00 3.486751453185870196e+05
1.934765000000000068e+00 3.478520800318333786e+05
1.938439800000000046e+00 3.469918932919785730e+05
1.942087700000000083e+00 3.462541172986510792e+05
1.945708800000000016e+00 3.453811918350071064e+05
1.949303400000000019e+00 3.445786632875815849e+05
1.952871699999999988e+00 3.438502865663951961e+05
1.956414000000000097e+00 3.429548605017787195e+05
1.959930500000000020e+00 3.421718866443008883e+05
1.963421300000000036e+00 3.413527765831479919e+05
1.966886799999999935e+00 3.405298645782790845e+05
1.970327200000000056e+00 3.397611316819225904e+05
1.973742600000000014e+00 3.388813684172744979e+05
1.977133400000000041e+00 3.381436638253724086e+05
1.980499699999999974e+00 3.373124453574271756e+05
1.983841699999999930e+00 3.364945422890434274e+05
1.987159799999999921e+00 3.356197193871063064e+05
1.990453999999999946e+00 3.347416020837103715e+05
1.993724499999999900e+00 3.340062474741063779e+05
1.996971800000000075e+00 3.331830505929269129e+05
2.000195800000000190e+00 3.323967676636668039e+05
2.003396799999999978e+00 3.315086454779034830e+05
2.006575100000000056e+00 3.307629226306760102e+05
2.009730900000000098e+00 3.298296784768886864e+05
2.012864299999999940e+00 3.290890827152181882e+05
2.015975500000000142e+00 3.282157064875016804e+05
2.019064800000000215e+00 3.274026621151572908e+05
2.022132399999999830e+00 3.265890101457416895e+05
2.025178499999999993e+00 3.257813798549221829e+05
2.028203099999999814e+00 3.249580100977005204e+05
2.031206699999999810e+00 3.241075781296740752e+05
2.034189299999999978e+00 3.233478169077266939e+05
2.037151099999999992e+00 3.225492983118279953e+05
2.040092399999999806e+00 3.216642637602480827e+05
2.043013300000000143e+00 3.208509177213531802e+05
2.045913999999999788e+00 3.201084244742224109e+05
2.048794800000000027e+00 3.192633029065764276e+05
2.051655699999999971e+00 3.183964087307875743e+05
2.054497000000000018e+00 3.176028278558988823e+05
2.057318899999999839e+00 3.168358911188049242e+05
2.060121500000000161e+00 3.160427061400075909e+05
2.062905100000000047e+00 3.151399988445009221e+05
2.065669799999999778e+00 3.143041137563146185e+05
2.068415700000000079e+00 3.136537082892772742e+05
2.071143199999999851e+00 3.127056214423882193e+05
2.073852299999999982e+00 3.119940448729207856e+05
2.076543200000000144e+00 3.111292137137022219e+05
2.079216100000000012e+00 3.103600946274530143e+05
2.081871200000000144e+00 3.096083240694142878e+05
2.084508599999999934e+00 3.088236657386362785e+05
2.087128599999999778e+00 3.079969133910452947e+05
2.089731200000000122e+00 3.071531643756678095e+05
2.092316700000000029e+00 3.063758797992774053e+05
2.094885300000000061e+00 3.055718821201896062e+05
2.097437000000000218e+00 3.048034556209869916e+05
2.099972100000000008e+00 3.040223369266010122e+05
2.102490700000000157e+00 3.032469780915962765e+05
2.104993100000000172e+00 3.024711167132587289e+05
2.107479200000000219e+00 3.016975029218018171e+05
2.109949400000000086e+00 3.009133635166257736e+05
2.112403800000000054e+00 3.000939864479699172e+05
2.114842499999999959e+00 2.993292102562136133e+05
2.117265600000000081e+00 2.986253825386838871e+05
2.119673500000000210e+00 2.978232659926051856e+05
2.122066100000000066e+00 2.970748312994345906e+05
2.124443700000000046e+00 2.963135389995417208e+05
2.126806499999999822e+00 2.955351905588447116e+05
2.129154499999999839e+00 2.947725346473864047e+05
2.131487900000000213e+00 2.940407367454770720e+05
2.133806900000000173e+00 2.933509270293642767e+05
2.136111699999999836e+00 2.924853434126744978e+05
2.138402300000000089e+00 2.918542291109795915e+05
2.140678900000000162e+00 2.910583929187029717e+05
2.142941800000000008e+00 2.902716715663932846e+05
2.145190899999999790e+00 2.896124563596579246e+05
2.147426499999999905e+00 2.888709009902785183e+05
2.149648700000000190e+00 2.881957091702339821e+05
2.151857699999999873e+00 2.874570861987661920e+05
2.154053600000000124e+00 2.866847957282373100e+05
2.156236600000000170e+00 2.859185484206919791e+05
2.158406700000000011e+00 2.852786008997458266e+05
2.160564200000000046e+00 2.845040556916382047e+05
2.162709099999999829e+00 2.839001508735865937e+05
2.164841599999999922e+00 2.831416753139419015e+05
2.166961899999999996e+00 2.824453687151281047e+05
2.169070099999999890e+00 2.817296965297777206e+05
2.171166299999999882e+00 2.810340069880866795e+05
2.173250700000000091e+00 2.803107826390517876e+05
2.175323300000000071e+00 2.796998791049572756e+05
2.177384400000000220e+00 2.790166127489178907e+05
2.179434099999999930e+00 2.782763694551006774e+05
2.181472400000000089e+00 2.776759107159415726e+05
2.183499600000000207e+00 2.769819292686296976e+05
2.185515699999999839e+00 2.763331733302716748e+05
2.187520999999999827e+00 2.756428564135569031e+05
2.189515399999999890e+00 2.750209668343954836e+05
2.191499299999999817e+00 2.743082706180675887e+05
2.193472600000000217e+00 2.736987488187270937e+05
2.195435499999999873e+00 2.730703387633687817e+05
2.197388099999999955e+00 2.724550647704508156e+05
2.199330699999999972e+00 2.717603495663817157e+05
2.201263200000000086e+00 2.711699852862327243e+05
2.203185799999999972e+00 2.705550021745041013e+05
2.205098700000000189e+00 2.699428153381550801e+05
2.207002000000000130e+00 2.692738282649163157e+05
2.208895699999999795e+00 2.687202611883383943e+05
2.210780100000000026e+00 2.680891093568395008e+05
2.212655199999999933e+00 2.674694461815960240e+05
2.214521099999999798e+00 2.669106638085978921e+05
2.216378100000000018e+00 2.662828050183624146e+05
2.218226099999999867e+00 2.657140397855397896e+05
2.220065400000000189e+00 2.651392606519907131e+05
2.221896000000000093e+00 2.645628555926904082e+05
2.223718100000000142e+00 2.639820163283494185e+05
2.225531800000000171e+00 2.633721679957599263e+05
2.227337100000000181e+00 2.628707866097608930e+05
2.229134300000000124e+00 2.623083370749651222e+05
2.230923400000000001e+00 2.617477803693228052e+05
2.232704599999999928e+00 2.611811851125344110e+05
2.234477899999999906e+00 2.606565599762871861e+05
2.236243500000000051e+00 2.601242019927270012e+05
2.238001500000000199e+00 2.595802716790421982e+05
2.239752000000000187e+00 2.590700901375263056e+05
2.241495200000000132e+00 2.585255625738906092e+05
2.243231100000000033e+00 2.579793801697272866e+05
2.244959800000000172e+00 2.575145211307161953e+05
2.246681500000000220e+00 2.570004830802239012e+05
2.248396200000000178e+00 2.565244657678577933e+05
2.250104199999999999e+00 2.560191450577072974e+05
2.251805500000000126e+00 2.554935485966056003e+05
2.253500100000000117e+00 2.550587812168636883e+05
2.255188299999999924e+00 2.545851500481824914e+05
2.256870099999999990e+00 2.541106144572372141e+05
2.258545699999999989e+00 2.536182374362729897e+05
2.260215099999999921e+00 2.531601472057923966e+05
2.261878400000000067e+00 2.527178731298074999e+05
2.263535899999999934e+00 2.522562192905312113e+05
2.265187500000000131e+00 2.517875379726369865e+05
2.266833399999999887e+00 2.513585751834695111e+05
2.268473600000000090e+00 2.509895051095527888e+05
2.270108399999999804e+00 2.505273985179851879e+05
2.271737700000000082e+00 2.501294888991634070e+05
2.273361799999999988e+00 2.497033368196852971e+05
2.274980699999999967e+00 2.492985586466767127e+05
2.276594499999999854e+00 2.488323538750321895e+05
2.278203299999999931e+00 2.485058900274386106e+05
2.279807299999999870e+00 2.480244707085122936e+05
2.281406399999999834e+00 2.477657034482455929e+05
2.283001000000000058e+00 2.473229452698221139e+05
2.284590899999999980e+00 2.469991791396364861e+05
2.286176399999999997e+00 2.466392866693316901e+05
2.287757599999999947e+00 2.462286135906823911e+05
2.289334499999999828e+00 2.458839773799754912e+05
2.290907199999999921e+00 2.455904293156029889e+05
2.292475899999999900e+00 2.452354442502053862e+05
2.294040700000000044e+00 2.448806192788787885e+05
2.295601599999999909e+00 2.445685831376030983e+05
2.297158800000000056e+00 2.441833987248814083e+05
2.298712300000000042e+00 2.438899149444341892e+05
2.300262299999999982e+00 2.436278588880831958e+05
2.301808900000000158e+00 2.433254305334915116e+05
2.303352100000000124e+00 2.430242227280774096e+05
2.304892099999999999e+00 2.427426207489373046e+05
2.306429000000000062e+00 2.424325858936583099e+05
2.307962799999999870e+00 2.421733639400672109e+05
2.309493699999999983e+00 2.419072483860214124e+05
2.311021799999999793e+00 2.415846951879860135e+05
2.312547100000000189e+00 2.413821839058783953e+05
2.314069799999999955e+00 2.411210723996562883e+05
2.315589899999999979e+00 2.408983922448687954e+05
2.317107599999999934e+00 2.406231823825486063e+05
2.318623000000000101e+00 2.404366983748241910e+05
2.320136100000000035e+00 2.402244457980869047e+05
2.321647099999999853e+00 2.399881506893468904e+05
2.323155999999999999e+00 2.398018821505912056e+05
2.324663000000000146e+00 2.395846398366894864e+05
2.326168200000000130e+00 2.393785363232604868e+05
2.327671599999999952e+00 2.391422775529536884e+05
2.329173299999999891e+00 2.389854006709970126e+05
2.330673500000000065e+00 2.388129322141463927e+05
2.332172200000000029e+00 2.386515160266913008e+05
2.333669599999999900e+00 2.385336590251942107e+05
2.335165700000000122e+00 2.383852715335958055e+05
2.336660699999999924e+00 2.381366818631387141e+05
2.338154499999999913e+00 2.381144114330006123e+05
2.339647499999999880e+00 2.379265467473207100e+05
2.341139500000000151e+00 2.377897154300019029e+05
2.342630799999999791e+00 2.376852280958018091e+05
2.344121299999999852e+00 2.376286896766039135e+05
2.345611299999999844e+00 2.375145754481125914e+05
2.347100800000000209e+00 2.374182065428252972e+05
2.348590000000000177e+00 2.373062347938680905e+05
2.350078799999999912e+00 2.374771574582768953e+05
2.351567199999999858e+00 2.550961691997635935e+05
2.353056000000000036e+00 3.318372597989016795e+05
2.354205100000000161e+00 9.314299923159042373e+05
2.355351100000000031e+00 1.154188353675222024e+06
2.356494200000000205e+00 1.273342287125726929e+06
2.357634399999999797e+00 1.355022358333935030e+06
2.358771599999999857e+00 1.427694462384263054e+06
2.359905899999999779e+00 1.496920873567359988e+06
2.361037399999999842e+00 1.552794217463129899e+06
2.362166100000000046e+00 1.596436538943944965e+06
2.363291999999999948e+00 1.639720503123396076e+06
2.364415099999999992e+00 1.680034432372578885e+06
2.365535400000000177e+00 1.726869600600762060e+06
2.366653100000000176e+00 1.757577347745500039e+06
2.367768100000000153e+00 1.778892987227509031e+06
2.368880400000000108e+00 1.813982170921752928e+06
2.369990099999999877e+00 1.837890652396640973e+06
2.371097199999999905e+00 1.861847596815183992e+06
2.372201800000000027e+00 1.869130588850904955e+06
2.373303700000000127e+00 1.900776988842726918e+06
2.374403200000000158e+00 1.915587121723688906e+06
2.375500199999999840e+00 1.932747965965975076e+06
2.376594700000000060e+00 1.946556597964257933e+06
2.377686800000000211e+00 1.960896398781009950e+06
2.378776499999999849e+00 1.972853004224366974e+06
2.379863799999999863e+00 1.982990902972696116e+06
2.380948800000000087e+00 1.981967503561344929e+06
2.382031399999999799e+00 1.990584749450888950e+06
2.383111700000000166e+00 1.998807300172521034e+06
2.384189699999999856e+00 2.008653390014814911e+06
2.385265500000000038e+00 2.014977165669688024e+06
2.386338999999999988e+00 2.023529421549739083e+06
2.387410299999999985e+00 2.041150758615795989e+06
2.388479499999999867e+00 2.031750509821630083e+06
2.389546399999999959e+00 2.052826024410529062e+06
2.390611300000000217e+00 2.041042358376078075e+06
2.391674000000000078e+00 2.059420487069244031e+06
2.392734700000000103e+00 2.061440300217510900e+06
2.393793300000000013e+00 2.055340594567138935e+06
2.394849900000000087e+00 2.057443409155026078e+06
2.395904400000000045e+00 2.061121522039722884e+06
2.396957000000000004e+00 2.062017914263055893e+06
2.398007499999999848e+00 2.079376812414699933e+06
2.399056199999999972e+00 2.069707923775193049e+06
2.400102899999999817e+00 2.071044920877445955e+06
2.401147700000000107e+00 2.075371663092602976e+06
2.402190599999999954e+00 2.088155968590737088e+06
2.403231700000000082e+00 2.089386936492955079e+06
2.404271000000000047e+00 2.076792310198033927e+06
2.405308400000000013e+00 2.080682431606817991e+06
2.406343999999999816e+00 2.095820843274591025e+06
2.407377900000000182e+00 2.096257631647302071e+06
2.408410100000000220e+00 2.083413428909959039e+06
2.409440500000000096e+00 2.087527798022296978e+06
2.410469200000000090e+00 2.086981778226438910e+06
2.411496200000000201e+00 2.091531652872703969e+06
2.412521499999999985e+00 2.107031701235535089e+06
2.413545300000000005e+00 2.090730768040376948e+06
2.414567400000000141e+00 2.094762873087652959e+06
2.415587899999999788e+00 2.094471624730396084e+06
2.416606799999999833e+00 2.110333813558000140e+06
2.417624200000000112e+00 2.095776858111042064e+06
2.418639999999999901e+00 2.111945536850482225e+06
2.419654299999999925e+00 2.111609160292594228e+06
2.420667200000000019e+00 2.096290480738665909e+06
2.421678500000000067e+00 2.101016687433551997e+06
2.422688400000000186e+00 2.102693121406841092e+06
2.423696800000000096e+00 2.115368076118731871e+06
2.424703899999999912e+00 2.103332112196669914e+06
2.425709499999999963e+00 2.116487328418786172e+06
2.426713799999999921e+00 2.103784514897928108e+06
2.427716699999999950e+00 2.105609108538729139e+06
2.428718299999999886e+00 2.105878551147141960e+06
2.429718499999999892e+00 2.121312800688957796e+06
2.430717500000000086e+00 2.106212652406481095e+06
2.431715099999999907e+00 2.120474924258595798e+06
2.432711499999999916e+00 2.122453019140842836e+06
2.433706700000000112e+00 2.120904871371415909e+06
2.434700700000000051e+00 2.107743076666403096e+06
2.435693399999999897e+00 2.109476787424289156e+06
2.436684899999999931e+00 2.123471396168322768e+06
2.437675299999999989e+00 2.123333174025597051e+06
2.438664600000000071e+00 2.109970946448546834e+06
2.439652699999999896e+00 2.108939411837717984e+06
2.440639599999999909e+00 2.125194302931176033e+06
2.441625499999999782e+00 2.126272814591766801e+06
2.442610399999999959e+00 2.110550908194260206e+06
2.443594099999999880e+00 2.124958263097424060e+06
2.444576800000000105e+00 2.124888000623822212e+06
2.445558500000000191e+00 2.124614596474702936e+06
2.446539200000000136e+00 2.124054554789741989e+06
2.447518899999999942e+00 2.126778416656774003e+06
2.448497699999999888e+00 2.110785499794879928e+06
2.449475500000000139e+00 2.112450295133221895e+06
2.450452299999999806e+00 2.125629039272928145e+06
2.451428299999999894e+00 2.109332511115415953e+06
2.452403299999999842e+00 2.114523482609086204e+06
2.453377500000000211e+00 2.109274013940080069e+06
2.454350699999999996e+00 2.125601332531217020e+06
2.455323200000000039e+00 2.110749194136870094e+06
2.456294799999999778e+00 2.125472543540753890e+06
2.457265599999999939e+00 2.122934062368391082e+06
2.458235600000000076e+00 2.124715085867960006e+06
2.459204900000000027e+00 2.108938599301962182e+06
2.460173300000000118e+00 2.123137460281284060e+06
2.461141099999999859e+00 2.107028357310154941e+06
2.462108100000000022e+00 2.107772144008160103e+06
2.463074399999999997e+00 2.108955469959983137e+06
2.464039999999999786e+00 2.106496621577457059e+06
2.465004899999999832e+00 2.109078401015361771e+06
2.465969100000000136e+00 2.122693673744527157e+06
2.466932799999999926e+00 2.103778839968380984e+06
2.467895700000000136e+00 2.119501456523241010e+06
2.468858099999999833e+00 2.118172367370388005e+06
2.469819900000000068e+00 2.116664062506936025e+06
2.470781099999999952e+00 2.118576994125032797e+06
2.471741800000000211e+00 2.104099754046170972e+06
2.472701900000000119e+00 2.103124254985594191e+06
2.473661499999999958e+00 2.102787125273065176e+06
2.474620499999999890e+00 2.115659276978815906e+06
2.475579100000000032e+00 2.115079471631802153e+06
2.476537200000000105e+00 2.100308254392455798e+06
2.477494800000000108e+00 2.113017726657192223e+06
2.478451999999999877e+00 2.113829021102558821e+06
2.479408799999999857e+00 2.097585718233081978e+06
2.480365100000000211e+00 2.113558317380696069e+06
2.481321100000000168e+00 2.096513568762032082e+06
2.482276600000000055e+00 2.110270860416451935e+06
2.483231799999999989e+00 2.110651065093108919e+06
2.484186699999999970e+00 2.094997136148147983e+06
2.485141200000000161e+00 2.095021284994958900e+06
2.486095399999999955e+00 2.096151937079468044e+06
2.487049299999999796e+00 2.093982143371324055e+06
2.488002900000000128e+00 2.092930389916036977e+06
2.488956200000000063e+00 2.105965222557032015e+06
2.489909299999999881e+00 2.106343932901612017e+06
2.490862200000000026e+00 2.088582544420386897e+06
2.491814800000000218e+00 2.090450108180068899e+06
2.492767199999999850e+00 2.103150257648038212e+06
2.493719399999999808e+00 2.102096194042574149e+06
2.494671499999999931e+00 2.088330625898109982e+06
2.495623399999999936e+00 2.089108469141240930e+06
2.496575200000000105e+00 2.085870613877194002e+06
2.497526800000000158e+00 2.087143315261282958e+06
2.498478299999999930e+00 2.101371050302365795e+06
2.499429699999999865e+00 2.100065195277268998e+06
2.500381099999999801e+00 2.084423404044019990e+06
2.501332399999999900e+00 2.083522996908738045e+06
2.502283600000000163e+00 2.087349823329390027e+06
2.503234799999999982e+00 1.857740039724309929e+06
2.504185999999999801e+00 2.438759186775174923e+06
