4.449139338107737130e+05 2.952227893994221176e+03
4.434174457279284252e+05 2.943996898156320185e+03
4.421436480031639803e+05 2.936843015626638135e+03
4.410711796217685915e+05 2.930706529785116800e+03
4.401451188174093259e+05 2.925394975517854164e+03
4.393389644758852082e+05 2.920596599513678939e+03
4.386249861942906864e+05 2.916329451218413851e+03
4.379888499068713863e+05 2.912470736600420878e+03
4.374125822651588824e+05 2.908974032188315960e+03
4.368888038549036719e+05 2.905682128738154006e+03
4.364027608039373881e+05 2.902735564613914903e+03
4.359502329377239803e+05 2.899980289987424840e+03
4.355261596525352215e+05 2.897320455781351939e+03
4.351112540277800872e+05 2.894898120158602069e+03
4.347375686926933122e+05 2.892538527085172973e+03
4.343620803124983795e+05 2.890358236677262994e+03
4.339977884433104773e+05 2.888275794977339956e+03
4.336309538691170746e+05 2.886230548577620084e+03
4.332920242966876831e+05 2.884267886700382860e+03
4.329331141194442753e+05 2.882370361353448970e+03
4.325987077307343134e+05 2.880541891082484199e+03
4.322510571278426796e+05 2.878773500052182953e+03
4.319055488123593968e+05 2.877056077145718064e+03
4.315601532620658982e+05 2.875295435194260790e+03
4.312078424669167725e+05 2.873634621007697206e+03
4.308581293530925759e+05 2.871968575423440143e+03
4.304919019626004738e+05 2.870374970699963797e+03
4.301450032358376193e+05 2.868760354594327055e+03
4.297736398540054215e+05 2.867194692813608981e+03
4.294096524600813282e+05 2.865625479558053939e+03
4.290444165768959210e+05 2.864015097444439107e+03
4.286837201910648728e+05 2.862533174289071212e+03
4.283118162593069137e+05 2.861069613643996036e+03
4.279382960185122211e+05 2.859529187213718160e+03
4.275655199832812068e+05 2.858050741678029226e+03
4.271808805150748813e+05 2.856644442062313829e+03
4.268179926089681103e+05 2.855179396578612796e+03
4.264443603991349228e+05 2.853750105054797132e+03
4.260628836036419962e+05 2.852322455279254882e+03
4.257029474680757266e+05 2.851029428238996843e+03
4.253287272283621714e+05 2.849653913202977947e+03
4.249691230860308278e+05 2.848328299340314970e+03
4.246105072638979182e+05 2.847072230563494941e+03
4.242406574328992283e+05 2.845824324903686829e+03
4.239006268476942205e+05 2.844456833503645157e+03
4.235638604090777226e+05 2.843353903495467875e+03
4.232191954394893255e+05 2.842444216279056945e+03
4.229066045881701284e+05 2.841381664773888133e+03
4.225844827093182830e+05 2.840326768950274072e+03
4.222678932442439836e+05 2.839329304468772989e+03
4.219686208193525090e+05 2.838439116087681214e+03
4.216683843865076196e+05 2.837656301277168041e+03
4.213791653511322220e+05 2.836815270330357180e+03
4.210992933230415802e+05 2.836178157984834797e+03
4.208233254964036751e+05 2.835437203616506849e+03
4.205606679776048986e+05 2.834825612126025135e+03
4.202812463180061895e+05 2.834156238250073784e+03
4.200194578963959939e+05 2.833741463958840086e+03
4.198161890622138162e+05 2.833369416719976016e+03
4.195681525311864098e+05 2.832966826669149214e+03
4.193876907339912723e+05 2.832618485574656006e+03
4.191078460061650840e+05 2.832325293295583833e+03
4.189675226856464287e+05 2.831930175235379920e+03
4.186821821201446000e+05 2.831937344206869057e+03
4.184990679983072914e+05 2.831929913303319154e+03
4.183317200697544031e+05 2.831581773215385965e+03
4.180886076578025240e+05 2.831730920274461823e+03
4.178721666739276843e+05 2.831791331139344948e+03
4.177393731244743103e+05 2.831824824404125138e+03
4.175226839896707097e+05 2.831877526935193146e+03
4.172963017337350175e+05 2.831952319703259036e+03
4.170737380190708791e+05 2.832133258553489213e+03
4.169044035161159118e+05 2.832385519134806145e+03
4.166894875176553032e+05 2.832777470879918837e+03
4.165239137754939147e+05 2.832693956745290052e+03
4.162554404435392935e+05 2.833188795846454923e+03
4.161186206535095116e+05 2.833261135461078084e+03
4.158780336177747231e+05 2.833516869008562935e+03
4.156516686666763271e+05 2.833910286097786866e+03
4.154197473260816187e+05 2.834252418850036975e+03
4.152006769436030881e+05 2.834615715265550079e+03
4.148929027939016232e+05 2.835182980295723155e+03
4.147191018832306145e+05 2.835204741513045064e+03
4.144187901269641006e+05 2.835712065348685883e+03
4.141361207515054266e+05 2.836256719952361891e+03
4.139370101950552198e+05 2.836232558906101076e+03
4.136482362168207183e+05 2.836841949437266067e+03
4.133669313733415911e+05 2.837191446593261844e+03
4.130825867872093804e+05 2.837594062342681809e+03
4.127355521247119759e+05 2.838092697921428226e+03
4.124687413997686817e+05 2.838381708533433084e+03
4.121849491736171185e+05 2.838683634993109081e+03
4.118651578581348876e+05 2.839166973242618042e+03
4.115323023909230251e+05 2.839571032932808066e+03
4.111637237147166743e+05 2.840087274505504865e+03
4.108613229449004284e+05 2.840398989016970972e+03
4.104574610734165180e+05 2.840896370240004217e+03
4.101825381916476181e+05 2.840922753788554928e+03
4.098112278307268862e+05 2.841281150718335994e+03
4.093798191495324136e+05 2.841924091210713868e+03
4.090096932495192741e+05 2.842298335799719098e+03
4.086932860158428084e+05 2.842591674548772062e+03
4.081535287561470759e+05 2.842707186058722073e+03
4.077992648567702272e+05 2.842808275611213958e+03
4.074491954124569893e+05 2.843589485567944848e+03
4.070654158664594870e+05 2.843751335001477855e+03
4.065842542786509148e+05 2.844264696961506161e+03
4.062322662047985941e+05 2.844363021855030183e+03
4.057733992701037205e+05 2.844643856476477140e+03
4.052374471819595783e+05 2.844929367663347875e+03
4.047927402325642761e+05 2.844965482603860892e+03
4.044280470976625802e+05 2.845354160172460070e+03
4.038927976324498886e+05 2.845971693003491964e+03
4.034331181822982035e+05 2.846260628741211804e+03
4.030258861797318095e+05 2.846147115275166925e+03
4.023702419082372217e+05 2.846453554513906056e+03
4.018977469098846777e+05 2.846575294339691027e+03
4.015610963483367814e+05 2.846703982357455970e+03
4.010188770165485912e+05 2.846855961081813803e+03
4.005132471459154040e+05 2.847224880782140190e+03
3.999873531571645872e+05 2.847255799133874916e+03
3.994415050735924742e+05 2.847487142160607164e+03
3.988896197629193193e+05 2.847825118845170891e+03
3.983712311308481148e+05 2.847979439867086967e+03
3.978968832088377094e+05 2.847750541734887975e+03
3.972745546579665970e+05 2.848210695937505989e+03
3.966632310883539030e+05 2.848018887676850227e+03
3.962276284188085119e+05 2.848121727150058177e+03
3.955660850861411891e+05 2.848209687059907992e+03
3.950578528450697195e+05 2.848361365131940147e+03
3.945075355125897913e+05 2.848579952559477078e+03
3.939345858355743112e+05 2.848645716988608910e+03
3.933546180749334744e+05 2.848586024451577032e+03
3.927669675488258945e+05 2.848587058122851886e+03
3.921752598908282816e+05 2.848681254127454849e+03
3.915181846259926097e+05 2.849059214115652139e+03
3.909922260655551217e+05 2.848635854974850190e+03
3.903454377861893154e+05 2.848934455005232849e+03
3.896636663092590170e+05 2.848733909552177010e+03
3.891527963788384222e+05 2.848837465862348836e+03
3.884962838194451178e+05 2.849046093340933112e+03
3.879025861045533093e+05 2.848989040105249842e+03
3.872809384041897720e+05 2.848911488535045009e+03
3.865447912024632096e+05 2.848756642859780186e+03
3.860152903135098168e+05 2.848917408155043177e+03
3.852745040733559872e+05 2.848878793953890181e+03
3.846865590213278774e+05 2.848986393123283051e+03
3.840692965289619751e+05 2.848943116118224225e+03
3.833271436481855926e+05 2.848744311386452864e+03
3.827552124280838179e+05 2.848735460742893792e+03
3.821007457973596756e+05 2.848780910162979126e+03
3.813330136431144783e+05 2.848630858427562089e+03
3.807570682630927186e+05 2.848710665223301930e+03
3.800711949513715808e+05 2.848623511649506781e+03
3.794035354986892198e+05 2.848622851878280017e+03
3.787056003693402163e+05 2.848457744167334113e+03
3.780267186543925200e+05 2.848445604272701075e+03
3.773392656446910114e+05 2.848209482250012115e+03
3.765227021211683750e+05 2.848204459327278073e+03
3.759216977574381744e+05 2.848260916473187081e+03
3.751593845208251732e+05 2.848109186966818925e+03
3.745561089123046841e+05 2.847958580926418108e+03
3.737785335587355075e+05 2.848200424263283821e+03
3.730261775639568223e+05 2.847728748661117152e+03
3.723889955384209170e+05 2.847742747257198971e+03
3.716592619114405243e+05 2.847677321089399811e+03
3.709312186135670054e+05 2.847595879810684892e+03
3.702068476991942152e+05 2.847559053029382085e+03
3.693873925773436786e+05 2.847299931110651869e+03
3.687506799894414726e+05 2.847187083884275125e+03
3.679792064889451722e+05 2.847321487668660211e+03
3.673229977303568157e+05 2.846877461602370204e+03
3.665099269939361839e+05 2.847086466809812919e+03
3.657741915428480715e+05 2.846852037039366223e+03
3.650886011861828156e+05 2.846395896755208014e+03
3.643124118597115157e+05 2.846301878700241105e+03
3.634705147992462153e+05 2.846062305826315878e+03
3.627200941685832804e+05 2.845916631091984982e+03
3.619923570929836715e+05 2.846118070029459886e+03
3.612545380253188196e+05 2.845664431284706097e+03
3.604263463200120023e+05 2.845481790134875155e+03
3.596034198699289118e+05 2.845527416228922903e+03
3.589329447622441221e+05 2.845374789154865084e+03
3.581735208233594894e+05 2.845088589843143836e+03
3.573223297849430819e+05 2.844668204965687892e+03
3.566026223369042273e+05 2.844685048850113162e+03
3.557522171834491892e+05 2.844347342636518079e+03
3.550315089730583131e+05 2.844328400038406926e+03
3.541829103957508923e+05 2.843927632607178111e+03
3.534031895003215177e+05 2.843738573323894798e+03
3.526643912508636713e+05 2.843667417984611802e+03
3.518273414675624226e+05 2.843739791040473847e+03
3.510811901432378218e+05 2.843216530171204795e+03
3.502627224251152948e+05 2.843112903210734203e+03
3.494823993215073715e+05 2.842893623272137120e+03
3.486751453185870196e+05 2.842564687459583183e+03
3.478520800318333786e+05 2.842506604303884160e+03
3.469918932919785730e+05 2.842128609209486058e+03
3.462541172986510792e+05 2.842026491344774058e+03
3.453811918350071064e+05 2.841651314982235817e+03
3.445786632875815849e+05 2.841361065774722192e+03
3.438502865663951961e+05 2.841307967980726971e+03
3.429548605017787195e+05 2.840943546927814168e+03
3.421718866443008883e+05 2.841069123952611790e+03
3.413527765831479919e+05 2.840454361938919192e+03
3.405298645782790845e+05 2.840253343199095980e+03
3.397611316819225904e+05 2.840140206317170851e+03
3.388813684172744979e+05 2.839908512510747187e+03
3.381436638253724086e+05 2.839579597624092912e+03
3.373124453574271756e+05 2.839383929433000048e+03
3.364945422890434274e+05 2.839255469536924920e+03
3.356197193871063064e+05 2.839226131231474938e+03
3.347416020837103715e+05 2.838861483942640916e+03
3.340062474741063779e+05 2.838395043242060183e+03
3.331830505929269129e+05 2.838440153704765180e+03
3.323967676636668039e+05 2.837985269785494893e+03
3.315086454779034830e+05 2.837765960214701863e+03
3.307629226306760102e+05 2.837503362740606917e+03
3.298296784768886864e+05 2.837298395293832982e+03
3.290890827152181882e+05 2.837138411695267223e+03
3.282157064875016804e+05 2.836802706089772983e+03
3.274026621151572908e+05 2.836607106864420984e+03
3.265890101457416895e+05 2.836310342658337959e+03
3.257813798549221829e+05 2.836338095077263006e+03
3.249580100977005204e+05 2.835859631866338987e+03
3.241075781296740752e+05 2.835663622732959993e+03
3.233478169077266939e+05 2.835494676929808975e+03
3.225492983118279953e+05 2.835267505220509065e+03
3.216642637602480827e+05 2.834967398418158155e+03
3.208509177213531802e+05 2.834631024006251209e+03
3.201084244742224109e+05 2.834539475212468915e+03
3.192633029065764276e+05 2.834346174179343961e+03
3.183964087307875743e+05 2.834052384677529972e+03
3.176028278558988823e+05 2.833796291704451050e+03
3.168358911188049242e+05 2.833724673809781962e+03
3.160427061400075909e+05 2.833444748156031892e+03
3.151399988445009221e+05 2.833235598376450980e+03
3.143041137563146185e+05 2.833248759143687039e+03
3.136537082892772742e+05 2.832848876127180120e+03
3.127056214423882193e+05 2.832918979449731069e+03
3.119940448729207856e+05 2.832672894612629989e+03
3.111292137137022219e+05 2.832421118275402023e+03
3.103600946274530143e+05 2.831977350965866208e+03
3.096083240694142878e+05 2.831894181174568075e+03
3.088236657386362785e+05 2.831628886688145940e+03
3.079969133910452947e+05 2.831431653733282928e+03
3.071531643756678095e+05 2.831266241722506038e+03
3.063758797992774053e+05 2.831068091627827016e+03
3.055718821201896062e+05 2.830944660466554978e+03
3.048034556209869916e+05 2.830683559124155181e+03
3.040223369266010122e+05 2.830433941381410023e+03
3.032469780915962765e+05 2.830302810160982062e+03
3.024711167132587289e+05 2.830431523408492012e+03
3.016975029218018171e+05 2.829972153622476071e+03
3.009133635166257736e+05 2.829780624294919107e+03
3.000939864479699172e+05 2.829964176516289172e+03
2.993292102562136133e+05 2.829725788904886031e+03
2.986253825386838871e+05 2.829295252592950874e+03
2.978232659926051856e+05 2.829226462900966908e+03
2.970748312994345906e+05 2.829089856015405985e+03
2.963135389995417208e+05 2.828893448400714988e+03
2.955351905588447116e+05 2.828694265312014068e+03
2.947725346473864047e+05 2.828634344431608042e+03
2.940407367454770720e+05 2.828373935297131993e+03
2.933509270293642767e+05 2.828288246342558978e+03
2.924853434126744978e+05 2.828408776524714085e+03
2.918542291109795915e+05 2.827996708170238890e+03
2.910583929187029717e+05 2.827948956645218914e+03
2.902716715663932846e+05 2.828056189457463915e+03
2.896124563596579246e+05 2.827591711284796020e+03
2.888709009902785183e+05 2.827425003837528948e+03
2.881957091702339821e+05 2.827344356059352776e+03
2.874570861987661920e+05 2.827327857736178885e+03
2.866847957282373100e+05 2.827192353320415805e+03
2.859185484206919791e+05 2.827263933013975020e+03
2.852786008997458266e+05 2.826849081392193966e+03
2.845040556916382047e+05 2.826984548305820226e+03
2.839001508735865937e+05 2.826674180203241121e+03
2.831416753139419015e+05 2.826644201688670819e+03
2.824453687151281047e+05 2.826425083381303921e+03
2.817296965297777206e+05 2.826343074880698168e+03
2.810340069880866795e+05 2.826316643033956097e+03
2.803107826390517876e+05 2.826478821785076889e+03
2.796998791049572756e+05 2.826065496835269187e+03
2.790166127489178907e+05 2.825933058858122877e+03
2.782763694551006774e+05 2.826118497079018198e+03
2.776759107159415726e+05 2.825747231520907008e+03
2.769819292686296976e+05 2.825742698127434778e+03
2.763331733302716748e+05 2.825618260510615073e+03
2.756428564135569031e+05 2.825457860212658034e+03
2.750209668343954836e+05 2.825504368637305106e+03
2.743082706180675887e+05 2.825644634005554963e+03
2.736987488187270937e+05 2.825525473257093836e+03
2.730703387633687817e+05 2.825203121308240043e+03
2.724550647704508156e+05 2.825233912835282808e+03
2.717603495663817157e+05 2.825266119783560953e+03
2.711699852862327243e+05 2.824928318611429859e+03
2.705550021745041013e+05 2.825009103220119869e+03
2.699428153381550801e+05 2.824934435168558139e+03
2.692738282649163157e+05 2.825037430022969147e+03
2.687202611883383943e+05 2.824616312876838947e+03
2.680891093568395008e+05 2.824599089110659861e+03
2.674694461815960240e+05 2.824643331993940137e+03
2.669106638085978921e+05 2.824557407512127156e+03
2.662828050183624146e+05 2.824455960666079136e+03
2.657140397855397896e+05 2.824504083965689006e+03
2.651392606519907131e+05 2.824345570424988182e+03
2.645628555926904082e+05 2.824265377256801912e+03
2.639820163283494185e+05 2.824232873730736173e+03
2.633721679957599263e+05 2.824437052682454123e+03
2.628707866097608930e+05 2.824120196889351064e+03
2.623083370749651222e+05 2.824066645303235873e+03
2.617477803693228052e+05 2.823975507666395970e+03
2.611811851125344110e+05 2.823908621922914790e+03
2.606565599762871861e+05 2.823903809140523208e+03
2.601242019927270012e+05 2.823865972286539090e+03
2.595802716790421982e+05 2.823804265169582777e+03
2.590700901375263056e+05 2.823750219375840970e+03
2.585255625738906092e+05 2.823684021383733125e+03
2.579793801697272866e+05 2.823885165188527026e+03
2.575145211307161953e+05 2.823512426770354978e+03
2.570004830802239012e+05 2.823598009057905074e+03
2.565244657678577933e+05 2.823566605745571906e+03
2.560191450577072974e+05 2.823467771261874077e+03
2.554935485966056003e+05 2.823635322726624963e+03
2.550587812168636883e+05 2.823330993368037070e+03
2.545851500481824914e+05 2.823297374808770201e+03
2.541106144572372141e+05 2.823174776819157159e+03
2.536182374362729897e+05 2.823143949439242988e+03
2.531601472057923966e+05 2.823145061265768163e+03
2.527178731298074999e+05 2.823073690679051197e+03
2.522562192905312113e+05 2.823040945530713998e+03
2.517875379726369865e+05 2.823289797926572191e+03
2.513585751834695111e+05 2.823179419375648195e+03
2.509895051095527888e+05 2.822801236634591987e+03
2.505273985179851879e+05 2.822734774402270887e+03
2.501294888991634070e+05 2.822773039225298817e+03
2.497033368196852971e+05 2.822641821300489937e+03
2.492985586466767127e+05 2.822607594387130121e+03
2.488323538750321895e+05 2.822596137929836914e+03
2.485058900274386106e+05 2.822539025786029015e+03
2.480244707085122936e+05 2.822793900090305215e+03
2.477657034482455929e+05 2.822362280879188802e+03
2.473229452698221139e+05 2.822566162784255994e+03
2.469991791396364861e+05 2.822225893952236220e+03
2.466392866693316901e+05 2.822188670145731066e+03
2.462286135906823911e+05 2.822386946476176036e+03
2.458839773799754912e+05 2.822357828081998832e+03
2.455904293156029889e+05 2.821967838429011863e+03
2.452354442502053862e+05 2.821797513295994122e+03
2.448806192788787885e+05 2.821787036952719063e+03
2.445685831376030983e+05 2.821801739612878009e+03
2.441833987248814083e+05 2.821722240901901841e+03
2.438899149444341892e+05 2.821610284980054985e+03
2.436278588880831958e+05 2.821457471789678038e+03
2.433254305334915116e+05 2.821412814636577878e+03
2.430242227280774096e+05 2.821328527064919854e+03
2.427426207489373046e+05 2.821182519543016952e+03
2.424325858936583099e+05 2.821088911304317207e+03
2.421733639400672109e+05 2.821094486493775094e+03
2.419072483860214124e+05 2.820908465521561993e+03
2.415846951879860135e+05 2.820870719550207014e+03
2.413821839058783953e+05 2.820756311889871995e+03
2.411210723996562883e+05 2.820649484801746894e+03
2.408983922448687954e+05 2.820587878538532095e+03
2.406231823825486063e+05 2.820537845722797101e+03
2.404366983748241910e+05 2.820353450885208076e+03
2.402244457980869047e+05 2.820197071030603183e+03
2.399881506893468904e+05 2.820109676115774164e+03
2.398018821505912056e+05 2.820005204905735809e+03
2.395846398366894864e+05 2.819807639437855869e+03
2.393785363232604868e+05 2.819767432601972814e+03
2.391422775529536884e+05 2.819787426354349009e+03
2.389854006709970126e+05 2.819642851641128800e+03
2.388129322141463927e+05 2.819454627897619957e+03
2.386515160266913008e+05 2.819331034043520958e+03
2.385336590251942107e+05 2.819171010249653136e+03
2.383852715335958055e+05 2.819058255910133994e+03
2.381366818631387141e+05 2.819156015322832900e+03
2.381144114330006123e+05 2.818768528456265813e+03
2.379265467473207100e+05 2.818913820746855890e+03
2.377897154300019029e+05 2.818524937876225977e+03
2.376852280958018091e+05 2.818703365274188855e+03
2.376286896766039135e+05 2.818162539691716120e+03
2.375145754481125914e+05 2.818038349664377165e+03
2.374182065428252972e+05 2.817790185378827118e+03
2.373062347938680905e+05 2.817711016452071817e+03
2.374771574582768953e+05 2.823219311741092042e+03
2.550961691997635935e+05 2.964853758470057983e+03
3.318372597989016795e+05 8.617995520383392432e+03
9.314299923159042373e+05 2.469479994762827846e+04
1.154188353675222024e+06 3.285616676889749215e+04
1.273342287125726929e+06 3.963197612232249230e+04
1.355022358333935030e+06 4.501931947830510762e+04
1.427694462384263054e+06 4.938036996458793146e+04
1.496920873567359988e+06 5.303069896267788863e+04
1.552794217463129899e+06 5.620278791178100073e+04
1.596436538943944965e+06 5.899535976843223762e+04
1.639720503123396076e+06 6.147187301491683320e+04
1.680034432372578885e+06 6.367219646248481149e+04
1.726869600600762060e+06 6.563540552038412716e+04
1.757577347745500039e+06 6.738037573696431355e+04
1.778892987227509031e+06 6.888415683556655131e+04
1.813982170921752928e+06 7.016925843311983044e+04
1.837890652396640973e+06 7.129050360977361561e+04
1.861847596815183992e+06 7.223796487410704140e+04
1.869130588850904955e+06 7.303591989067364193e+04
1.900776988842726918e+06 7.368838532272305747e+04
1.915587121723688906e+06 7.422938350138133683e+04
1.932747965965975076e+06 7.466458519537307438e+04
1.946556597964257933e+06 7.501185320703050820e+04
1.960896398781009950e+06 7.528230232761349180e+04
1.972853004224366974e+06 7.550866776846438006e+04
1.982990902972696116e+06 7.567930566544838075e+04
1.981967503561344929e+06 7.581197804685648589e+04
1.990584749450888950e+06 7.590383088558065356e+04
1.998807300172521034e+06 7.597026646635073121e+04
2.008653390014814911e+06 7.599296402930178738e+04
2.014977165669688024e+06 7.600290862664830638e+04
2.023529421549739083e+06 7.600543808239830832e+04
2.041150758615795989e+06 7.597128584435020457e+04
2.031750509821630083e+06 7.596910335353572736e+04
2.052826024410529062e+06 7.595353206514308113e+04
2.041042358376078075e+06 7.591752017715761031e+04
2.059420487069244031e+06 7.584202322502664174e+04
2.061440300217510900e+06 7.581227735465635487e+04
2.055340594567138935e+06 7.576463803488608391e+04
2.057443409155026078e+06 7.570724517883680528e+04
2.061121522039722884e+06 7.566110720114645665e+04
2.062017914263055893e+06 7.557857163905557536e+04
2.079376812414699933e+06 7.554108896413462935e+04
2.069707923775193049e+06 7.550021470876486273e+04
2.071044920877445955e+06 7.542946996321302140e+04
2.075371663092602976e+06 7.534041118559218012e+04
2.088155968590737088e+06 7.526210718341835309e+04
2.089386936492955079e+06 7.522488758881993999e+04
2.076792310198033927e+06 7.519207112482507364e+04
2.080682431606817991e+06 7.513018221555202035e+04
2.095820843274591025e+06 7.503310953133442672e+04
2.096257631647302071e+06 7.498245827182305220e+04
2.083413428909959039e+06 7.494226342235396442e+04
2.087527798022296978e+06 7.489366985718790966e+04
2.086981778226438910e+06 7.485193400532954547e+04
2.091531652872703969e+06 7.479135374257195508e+04
2.107031701235535089e+06 7.471332230929395882e+04
2.090730768040376948e+06 7.468013647514919285e+04
2.094762873087652959e+06 7.462506007221406617e+04
2.094471624730396084e+06 7.455939308812786476e+04
2.110333813558000140e+06 7.450571017180796480e+04
2.095776858111042064e+06 7.445445097577130946e+04
2.111945536850482225e+06 7.439589361358256429e+04
2.111609160292594228e+06 7.435777627135571674e+04
2.096290480738665909e+06 7.433657381867892400e+04
2.101016687433551997e+06 7.428145171965120244e+04
2.102693121406841092e+06 7.419965946038834227e+04
2.115368076118731871e+06 7.414423490179856890e+04
2.103332112196669914e+06 7.410967376453676843e+04
2.116487328418786172e+06 7.407169741636193066e+04
2.103784514897928108e+06 7.404028371078189230e+04
2.105609108538729139e+06 7.396097005520698440e+04
2.105878551147141960e+06 7.389158916335902177e+04
2.121312800688957796e+06 7.386936356078970130e+04
2.106212652406481095e+06 7.382481005800601270e+04
2.120474924258595798e+06 7.377804997587605612e+04
2.122453019140842836e+06 7.373569257417364861e+04
2.120904871371415909e+06 7.368942625206163211e+04
2.107743076666403096e+06 7.366748531587616890e+04
2.109476787424289156e+06 7.361072265080337820e+04
2.123471396168322768e+06 7.354268163406153326e+04
2.123333174025597051e+06 7.352112747032727930e+04
2.109970946448546834e+06 7.348662043166923104e+04
2.108939411837717984e+06 7.344166828451846959e+04
2.125194302931176033e+06 7.338849831079364230e+04
2.126272814591766801e+06 7.334062538497814967e+04
2.110550908194260206e+06 7.331285320653564122e+04
2.124958263097424060e+06 7.327248271993352682e+04
2.124888000623822212e+06 7.322496025769150583e+04
2.124614596474702936e+06 7.318734706330517656e+04
2.124054554789741989e+06 7.314588094126881333e+04
2.126778416656774003e+06 7.311146049015343306e+04
2.110785499794879928e+06 7.307350980093743419e+04
2.112450295133221895e+06 7.301513412988785421e+04
2.125629039272928145e+06 7.298915982893835462e+04
2.109332511115415953e+06 7.296371234540712612e+04
2.114523482609086204e+06 7.291126744405874342e+04
2.109274013940080069e+06 7.285479265817046689e+04
2.125601332531217020e+06 7.282748764210740046e+04
2.110749194136870094e+06 7.278373950672056526e+04
2.125472543540753890e+06 7.272301368410464784e+04
2.122934062368391082e+06 7.269432141354009218e+04
2.124715085867960006e+06 7.265620551640019403e+04
2.108938599301962182e+06 7.262275729376591335e+04
2.123137460281284060e+06 7.258349081557527825e+04
2.107028357310154941e+06 7.254527720465786115e+04
2.107772144008160103e+06 7.250741943984985119e+04
2.108955469959983137e+06 7.247299074345047120e+04
2.106496621577457059e+06 7.243685427087993594e+04
2.109078401015361771e+06 7.237931812753441045e+04
2.122693673744527157e+06 7.233196205952891614e+04
2.103778839968380984e+06 7.230392975511687109e+04
2.119501456523241010e+06 7.224835398765410355e+04
2.118172367370388005e+06 7.221627405308744346e+04
2.116664062506936025e+06 7.217487939151895989e+04
2.118576994125032797e+06 7.215236799614231859e+04
2.104099754046170972e+06 7.212717110588114883e+04
2.103124254985594191e+06 7.206614435845072148e+04
2.102787125273065176e+06 7.201669940492184833e+04
2.115659276978815906e+06 7.196824158167310816e+04
2.115079471631802153e+06 7.194973077418014873e+04
2.100308254392455798e+06 7.192072449297799903e+04
2.113017726657192223e+06 7.184601948867425381e+04
2.113829021102558821e+06 7.182954042761346500e+04
2.097585718233081978e+06 7.179279434113751631e+04
2.113558317380696069e+06 7.173453240732122504e+04
2.096513568762032082e+06 7.170978014102012094e+04
2.110270860416451935e+06 7.165682783589269093e+04
2.110651065093108919e+06 7.162460334256255010e+04
2.094997136148147983e+06 7.161136457625875482e+04
2.095021284994958900e+06 7.156567533233843278e+04
2.096151937079468044e+06 7.151440367793447513e+04
2.093982143371324055e+06 7.147385321460667183e+04
2.092930389916036977e+06 7.141557393464168126e+04
2.105965222557032015e+06 7.136106055498155183e+04
2.106343932901612017e+06 7.133704210011474788e+04
2.088582544420386897e+06 7.132264231756076333e+04
2.090450108180068899e+06 7.126901634548125730e+04
2.103150257648038212e+06 7.121050859955075430e+04
2.102096194042574149e+06 7.119786942833203648e+04
2.088330625898109982e+06 7.116924048434705765e+04
2.089108469141240930e+06 7.110453451158964890e+04
2.085870613877194002e+06 7.106241180337837432e+04
2.087143315261282958e+06 7.101798095969097631e+04
2.101371050302365795e+06 7.096106504794151988e+04
2.100065195277268998e+06 7.094902014594001230e+04
2.084423404044019990e+06 7.091941196108817530e+04
2.083522996908738045e+06 7.084222468450154702e+04
2.087349823329390027e+06 7.077309905240937951e+04
1.857740039724309929e+06 7.048133205540070776e+04
2.438759186775174923e+06 7.020365808324755926e+04
